   DONNEES POUR LA VALLEE N] 6-DRAC1    DATE: 22/03/10     2 USINE(S)     2 RESERVOIR(S)
  LAC N]35- SAUTER     0.1000E+04      2.010       -2532.9600
  14784.0000  14784.0000  14784.0000  14784.0000  14784.0000  14784.0000
  14784.0000  14784.0000  14784.0000  14784.0000  14784.0000  14784.0000
  14784.0000  14744.4000  14681.7600  14619.1200  14556.4800  14493.8400
  14431.2000  14368.5600  14305.9200  14266.3200  14226.7200  14164.0800
  14101.4400  14038.8000  13976.1600  13913.5200  13873.9200  13834.3200
  13794.7200  13755.1200  13715.5200  13715.5200  13715.5200  13675.9200
  13636.3200  13573.6800  13511.0400  13448.4000  13408.8000  13369.2000
  13369.2000  13369.2000  13369.2000  13369.2000  13369.2000  13369.2000
  13369.2000  13369.2000  13369.2000  13369.2000  13369.2000  13369.2000
  13369.2000  13369.2000  13369.2000  13369.2000  13369.2000  13369.2000
  13369.2000  13369.2000  13306.5600  13243.9200  13204.3200  13164.7200
  13125.1200  13085.5200  13022.8800  12960.2400  12897.6000  12858.0000
  12818.4000  12778.8000  12739.2000  12676.5600  12613.9200  12574.3200
  12534.7200  12495.1200  12455.5200  12455.5200  12455.5200  12455.5200
  12455.5200  12392.8800  12330.2400  12290.6400  12251.0400  12251.0400
  12251.0400  12251.0400  12251.0400  12251.0400  12251.0400  12251.0400

  LAC N]36- SSCOGR     0.1000E+04      0.000         -80.6400
   4145.4002   4168.8003   4192.2002   4215.6002   4239.0003   4262.4003
   4285.8003   4309.2002   4332.6002   4356.0002   4379.4002   4402.8002
   4426.2002   4489.2002   4485.2402   4481.2802   4477.3202   4473.3602
   4379.4002   4285.4402   4281.4802   4254.4802   4137.4802   4043.5202
   4039.5602   4035.6002   4031.6402   4027.6802   4090.6802   4153.6802
   4216.6802   4189.6802   4162.6802   4186.0802   4209.4802   4182.4802
   4155.4802   4151.5202   4057.5602   3963.6002   3936.6002   3909.6002
   3933.0002   3956.4002   3979.8002   4003.2002   4026.6002   4050.0002
   4073.4002   4096.8002   4120.2002   4143.6002   4167.0002   4190.4002
   4213.8002   4237.2002   4260.6002   4284.0002   4307.4002   4330.8002
   4354.2002   4377.6002   4373.6402   4369.6802   4342.6802   4315.6802
   4288.6802   4351.6802   4437.7202   4523.7602   4519.8002   4492.8002
   4465.8002   4438.8002   4411.8002   4317.8402   4223.8802   4196.8802
   4169.8802   4142.8802   4115.8802   4139.2802   4162.6802   4186.0802
   4209.4802   4205.5202   4111.5602   3994.5602   3877.5602   3900.9602
   3924.3602   3947.7602   3971.1602   3994.5602   4017.9602   4041.3602

  USINE N]44- SAUCOH   35  36        2532.9600
      0.0000      0.0000      0.0000      0.0000      0.0000      0.0000
      0.0000      0.0000      0.0000      0.0000      0.0000      0.0000
      0.0000     39.6000     62.6400     62.6400     62.6400     62.6400
     62.6400     62.6400     62.6400     39.6000     39.6000     62.6400
     62.6400     62.6400     62.6400     62.6400     39.6000     39.6000
     39.6000     39.6000     39.6000      0.0000      0.0000     39.6000
     39.6000     62.6400     62.6400     62.6400     39.6000     39.6000
      0.0000      0.0000      0.0000      0.0000      0.0000      0.0000
      0.0000      0.0000      0.0000      0.0000      0.0000      0.0000
      0.0000      0.0000      0.0000      0.0000      0.0000      0.0000
      0.0000      0.0000     62.6400     62.6400     39.6000     39.6000
     39.6000     39.6000     62.6400     62.6400     62.6400     39.6000
     39.6000     39.6000     39.6000     62.6400     62.6400     39.6000
     39.6000     39.6000     39.6000      0.0000      0.0000      0.0000
      0.0000     62.6400     62.6400     39.6000     39.6000      0.0000
      0.0000      0.0000      0.0000      0.0000      0.0000      0.0000

      0.0000      0.0000      0.0000      0.0000      0.0000      0.0000
      0.0000      0.0000      0.0000      0.0000      0.0000      0.0000
      0.0000     14.5000     22.5000     22.5000     22.5000     22.5000
     22.5000     22.5000     22.5000     14.5000     14.5000     22.5000
     22.5000     22.5000     22.5000     22.5000     14.5000     14.5000
     14.5000     14.5000     14.5000      0.0000      0.0000     14.5000
     14.5000     22.5000     22.5000     22.5000     14.5000     14.5000
      0.0000      0.0000      0.0000      0.0000      0.0000      0.0000
      0.0000      0.0000      0.0000      0.0000      0.0000      0.0000
      0.0000      0.0000      0.0000      0.0000      0.0000      0.0000
      0.0000      0.0000     22.5000     22.5000     14.5000     14.5000
     14.5000     14.5000     22.5000     22.5000     22.5000     14.5000
     14.5000     14.5000     14.5000     22.5000     22.5000     14.5000
     14.5000     14.5000     14.5000      0.0000      0.0000      0.0000
      0.0000     22.5000     22.5000     14.5000     14.5000      0.0000
      0.0000      0.0000      0.0000      0.0000      0.0000      0.0000

  USINE N]45- SSCOGH   36   0        4860.0000
      0.0000      0.0000      0.0000      0.0000      0.0000      0.0000
      0.0000      0.0000      0.0000      0.0000      0.0000      0.0000
      0.0000      0.0000     90.0000     90.0000     90.0000     90.0000
    180.0000    180.0000     90.0000     90.0000    180.0000    180.0000
     90.0000     90.0000     90.0000     90.0000      0.0000      0.0000
      0.0000     90.0000     90.0000      0.0000      0.0000     90.0000
     90.0000     90.0000    180.0000    180.0000     90.0000     90.0000
      0.0000      0.0000      0.0000      0.0000      0.0000      0.0000
      0.0000      0.0000      0.0000      0.0000      0.0000      0.0000
      0.0000      0.0000      0.0000      0.0000      0.0000      0.0000
      0.0000      0.0000     90.0000     90.0000     90.0000     90.0000
     90.0000      0.0000      0.0000      0.0000     90.0000     90.0000
     90.0000     90.0000     90.0000    180.0000    180.0000     90.0000
     90.0000     90.0000     90.0000      0.0000      0.0000      0.0000
      0.0000     90.0000    180.0000    180.0000    180.0000      0.0000
      0.0000      0.0000      0.0000      0.0000      0.0000      0.0000

      0.0000      0.0000      0.0000      0.0000      0.0000      0.0000
      0.0000      0.0000      0.0000      0.0000      0.0000      0.0000
      0.0000      0.0000     19.5000     19.5000     19.5000     19.5000
     35.5000     35.5000     19.5000     19.5000     35.5000     35.5000
     19.5000     19.5000     19.5000     19.5000      0.0000      0.0000
      0.0000     19.5000     19.5000      0.0000      0.0000     19.5000
     19.5000     19.5000     35.5000     35.5000     19.5000     19.5000
      0.0000      0.0000      0.0000      0.0000      0.0000      0.0000
      0.0000      0.0000      0.0000      0.0000      0.0000      0.0000
      0.0000      0.0000      0.0000      0.0000      0.0000      0.0000
      0.0000      0.0000     19.5000     19.5000     19.5000     19.5000
     19.5000      0.0000      0.0000      0.0000     19.5000     19.5000
     19.5000     19.5000     19.5000     35.5000     35.5000     19.5000
     19.5000     19.5000     19.5000      0.0000      0.0000      0.0000
      0.0000     19.5000     35.5000     35.5000     35.5000      0.0000
      0.0000      0.0000      0.0000      0.0000      0.0000      0.0000

   DONNEES POUR LA VALLEE N]17-LARDIT   DATE: 22/03/10     1 USINE(S)     1 RESERVOIR(S)
  LAC N]79- LARDIR     0.1000E+04      3.500         -80.2800
  16392.0000  16392.0000  16392.0000  16392.0000  16392.0000  16392.0000
  16392.0000  16392.0000  16392.0000  16392.0000  16392.0000  16392.0000
  16392.0000  16392.0000  16392.0000  16392.0000  16392.0000  16392.0000
  16392.0000  16392.0000  16392.0000  16392.0000  16392.0000  16392.0000
  16392.0000  16392.0000  16392.0000  16392.0000  16392.0000  16392.0000
  16392.0000  16392.0000  16392.0000  16392.0000  16392.0000  16392.0000
  16392.0000  16392.0000  16364.6400  16337.2800  16337.2800  16337.2800
  16337.2800  16337.2800  16337.2800  16337.2800  16337.2800  16337.2800
  16337.2800  16337.2800  16337.2800  16337.2800  16337.2800  16337.2800
  16337.2800  16337.2800  16337.2800  16337.2800  16337.2800  16337.2800
  16337.2800  16337.2800  16337.2800  16337.2800  16337.2800  16337.2800
  16337.2800  16337.2800  16337.2800  16337.2800  16337.2800  16337.2800
  16337.2800  16337.2800  16337.2800  16337.2800  16337.2800  16337.2800
  16337.2800  16337.2800  16337.2800  16337.2800  16337.2800  16337.2800
  16337.2800  16324.5000  16311.7200  16311.7200  16311.7200  16311.7200
  16311.7200  16311.7200  16311.7200  16311.7200  16311.7200  16311.7200

  USINE N]93- LARDIH   79   0          80.2800
      0.0000      0.0000      0.0000      0.0000      0.0000      0.0000
      0.0000      0.0000      0.0000      0.0000      0.0000      0.0000
      0.0000      0.0000      0.0000      0.0000      0.0000      0.0000
      0.0000      0.0000      0.0000      0.0000      0.0000      0.0000
      0.0000      0.0000      0.0000      0.0000      0.0000      0.0000
      0.0000      0.0000      0.0000      0.0000      0.0000      0.0000
      0.0000      0.0000     27.3600     27.3600      0.0000      0.0000
      0.0000      0.0000      0.0000      0.0000      0.0000      0.0000
      0.0000      0.0000      0.0000      0.0000      0.0000      0.0000
      0.0000      0.0000      0.0000      0.0000      0.0000      0.0000
      0.0000      0.0000      0.0000      0.0000      0.0000      0.0000
      0.0000      0.0000      0.0000      0.0000      0.0000      0.0000
      0.0000      0.0000      0.0000      0.0000      0.0000      0.0000
      0.0000      0.0000      0.0000      0.0000      0.0000      0.0000
      0.0000     12.7800     12.7800      0.0000      0.0000      0.0000
      0.0000      0.0000      0.0000      0.0000      0.0000      0.0000

      0.0000      0.0000      0.0000      0.0000      0.0000      0.0000
      0.0000      0.0000      0.0000      0.0000      0.0000      0.0000
      0.0000      0.0000      0.0000      0.0000      0.0000      0.0000
      0.0000      0.0000      0.0000      0.0000      0.0000      0.0000
      0.0000      0.0000      0.0000      0.0000      0.0000      0.0000
      0.0000      0.0000      0.0000      0.0000      0.0000      0.0000
      0.0000      0.0000     19.5000     19.5000      0.0000      0.0000
      0.0000      0.0000      0.0000      0.0000      0.0000      0.0000
      0.0000      0.0000      0.0000      0.0000      0.0000      0.0000
      0.0000      0.0000      0.0000      0.0000      0.0000      0.0000
      0.0000      0.0000      0.0000      0.0000      0.0000      0.0000
      0.0000      0.0000      0.0000      0.0000      0.0000      0.0000
      0.0000      0.0000      0.0000      0.0000      0.0000      0.0000
      0.0000      0.0000      0.0000      0.0000      0.0000      0.0000
      0.0000     10.0000     10.0000      0.0000      0.0000      0.0000
      0.0000      0.0000      0.0000      0.0000      0.0000      0.0000

   DONNEES POUR LA VALLEE N]18-TRUY-INF DATE: 22/03/10     9 USINE(S)     5 RESERVOIR(S)
  LAC N]80- SARRAR     0.1000E+04      4.290       -8413.2000
 173620.0000 173620.0000 173620.0000 173620.0000 173620.0000 173620.0000
 173620.0000 173620.0000 173620.0000 173620.0000 173620.0000 173620.0000
 173620.0000 173490.4000 173290.6000 173220.4000 173150.2000 172880.2000
 172540.0000 172199.8000 172199.8000 172199.8000 171859.6000 171519.4000
 171249.4000 170979.4000 170909.2000 170839.0000 170768.8000 170698.6000
 170628.4000 170558.2000 170488.0000 170417.8000 170347.6000 170277.4000
 170277.4000 170277.4000 169937.2000 169597.0000 169597.0000 169597.0000
 169597.0000 169597.0000 169327.0000 169057.0000 169057.0000 169057.0000
 169057.0000 169057.0000 169057.0000 169057.0000 169057.0000 169057.0000
 169057.0000 169057.0000 169057.0000 169057.0000 169057.0000 168857.2000
 168657.4000 168387.4000 168117.4000 168117.4000 168117.4000 167777.2000
 167437.0000 167366.8000 167296.6000 167226.4000 167026.6000 166897.0000
 166897.0000 166826.8000 166627.0000 166427.2000 166427.2000 166427.2000
 166427.2000 166427.2000 166427.2000 166427.2000 166427.2000 166427.2000
 166427.2000 166427.2000 166157.2000 165887.2000 165887.2000 165887.2000
 165887.2000 165887.2000 165547.0000 165206.8000 165206.8000 165206.8000

  LAC N]81- LABARR     0.1000E+04      0.000        -143.2800
   2459.6000   2451.6800   2443.7600   2452.7600   2461.7600   2470.7600
   2479.7600   2471.8400   2463.9200   2456.0000   2448.0800   2440.1600
   2432.2400   2424.3200   2499.7400   2492.3600   2401.6400   2310.9200
   2310.9200   2381.1200   2560.4000   2399.4800   2129.4800   2199.6800
   2378.9600   2488.0400   2597.1200   2485.5200   2373.9200   2283.2000
   2345.4800   2407.7600   2449.1600   2490.5600   2378.9600   2267.3600
   2176.6400   2015.7200   1745.7200   1815.9200   1995.2000   1834.2800
   1690.2800   1699.2800   1708.2800   1949.4800   2190.6800   2182.7600
   2174.8400   2166.9200   2159.0000   2151.0800   2143.1600   2135.2400
   2127.3200   2119.4000   2111.4800   2103.5600   2095.6400   2066.8400
   2237.8400   2429.7200   2538.8000   2647.8800   2486.9600   2238.5600
   2330.3600   2509.6400   2418.9200   2328.2000   2169.8000   2141.0000
   2109.6800   1948.7600   1858.0400   1876.0400   1894.0400   1886.1200
   1878.2000   1887.2000   1896.2000   1905.2000   1914.2000   1923.2000
   1779.2000   1635.2000   1491.2000   1617.2000   1743.2000   1599.2000
   1591.2800   1583.3600   1575.4400   1840.0400   2104.6400   2096.7200

  LAC N]82- COUESR     0.1000E+04      0.000        3259.0800
  13401.4000  13189.7200  12978.0400  12749.4400  12520.8400  12292.2400
  12063.6400  11851.9600  11640.2800  11428.6000  11216.9200  10726.2400
  10316.5600   9959.0800   9647.8600   9961.2400  10545.1600  11129.0800
  11822.0800  12414.2800  12897.4000  13481.3200  14174.3200  14867.3200
  15451.2400  16035.1600  16619.0800  17123.0800  17627.0800  17910.4000
  18040.7200  18072.0400  18043.2400  18014.4400  18219.6400  18424.8400
  18628.9600  18933.8800  19238.0800  19542.2800  19847.2000  20152.1200
  20213.3200  20121.5200  19747.1200  19410.5200  19300.7200  19170.0400
  19039.3600  18827.6800  18616.0000  18404.3200  18086.4400  17768.5600
  17450.6800  17132.8000  16814.9200  16497.0400  16006.3600  15426.7600
  15019.9600  14945.0800  14850.4000  15155.3200  15460.2400  15742.8400
  16025.4400  16330.3600  16635.2800  16940.2000  17203.0000  17465.8000
  17770.7200  18075.6400  18178.9600  17995.3600  17811.7600  17564.0800
  17154.4000  17006.8000  17021.2000  17035.6000  17050.0000  17064.4000
  17231.8000  17692.6000  17870.8000  18049.0000  18227.2000  18693.4000
  18724.7200  18594.0400  18209.5600  17676.7600  17316.7600  16889.0800

  LAC N]83- MTEZIR     0.1000E+04      4.530       -5976.0000
  19193.0000  19436.0000  19679.0000  19922.0000  20165.0000  20408.0000
  20651.0000  20894.0000  21137.0000  21380.0000  21623.0000  21866.0000
  22028.0000  22028.0000  22028.0000  21729.2000  21329.6000  20930.0000
  20530.4000  20231.6000  19932.8000  19533.2000  19133.6000  18734.0000
  18334.4000  17934.8000  17535.2000  17236.4000  16937.6000  16838.6000
  16739.6000  16739.6000  16820.6000  16901.6000  16901.6000  16901.6000
  16602.8000  16203.2000  15803.6000  15404.0000  15004.4000  14604.8000
  14604.8000  14604.8000  14604.8000  14604.8000  14766.8000  14928.8000
  15090.8000  15333.8000  15576.8000  15819.8000  16062.8000  16305.8000
  16548.8000  16791.8000  17034.8000  17277.8000  17520.8000  17763.8000
  18006.8000  18006.8000  18006.8000  17607.2000  17207.6000  16808.0000
  16408.4000  16008.8000  15609.2000  15209.6000  14810.0000  14410.4000
  14010.8000  13611.2000  13413.2000  13413.2000  13413.2000  13413.2000
  13575.2000  13737.2000  13737.2000  13737.2000  13737.2000  13737.2000
  13737.2000  13337.6000  12938.0000  12538.4000  12138.8000  11840.0000
  11840.0000  12002.0000  12245.0000  12488.0000  12731.0000  12974.0000

  LAC N]84- CAMBER     0.1000E+04      0.000         124.7999
    995.6001    990.2001    984.8001    979.4001    974.0001    968.6001
    963.2001    957.8001    952.4001    947.0001    941.6001    916.4001
   1170.2001   1325.0001   1494.6200   1700.0000   1682.0006   1656.8006
   1631.6006   1579.4006   1509.2006   1439.0006   1278.8006   1118.6006
   1021.4006    924.2006    899.0006    873.8006    848.6006    843.2006
    837.8006    832.4006    827.0006    821.6006    724.4006    627.2006
    530.0006    631.0866    624.0986    618.8367    705.5550    574.3994
    657.1994    757.9994    858.7994   1141.3994   1351.9994   1173.7994
   1195.7594   1217.7194   1124.2994    922.8054    613.2375    694.2375
    775.2375    784.2375    793.2375    703.2375    584.2560    530.0006
    740.6006    778.4006    621.8376    530.0006    584.0376    530.0006
    672.9576    707.8406    530.0006    584.0376    530.0006    735.3806
    934.6773    930.6800   1040.8400   1136.4200   1341.8000   1534.4000
   1617.2000   1700.0000   1567.1600   1589.1200   1583.7200   1486.5200
   1303.1000   1029.6800    754.4600    761.8400    769.2200   1145.6000
   1120.4000    996.2000    764.0000    704.6000    915.2000   1125.8000

  USINE N]94- SARR8H   80  81        3499.2000
      0.0000      0.0000      0.0000      0.0000      0.0000      0.0000
      0.0000      0.0000      0.0000      0.0000      0.0000      0.0000
      0.0000    129.6000    129.6000      0.0000      0.0000    129.6000
    129.6000    129.6000      0.0000      0.0000    129.6000    129.6000
    129.6000    129.6000      0.0000      0.0000      0.0000      0.0000
      0.0000      0.0000      0.0000      0.0000      0.0000      0.0000
      0.0000      0.0000    129.6000    129.6000      0.0000      0.0000
      0.0000      0.0000    129.6000    129.6000      0.0000      0.0000
      0.0000      0.0000      0.0000      0.0000      0.0000      0.0000
      0.0000      0.0000      0.0000      0.0000      0.0000    129.6000
    129.6000    129.6000    129.6000      0.0000      0.0000    129.6000
    129.6000      0.0000      0.0000      0.0000    129.6000    129.6000
      0.0000      0.0000    129.6000    129.6000      0.0000      0.0000
      0.0000      0.0000      0.0000      0.0000      0.0000      0.0000
      0.0000      0.0000    129.6000    129.6000      0.0000      0.0000
      0.0000      0.0000    129.6000    129.6000      0.0000      0.0000

      0.0000      0.0000      0.0000      0.0000      0.0000      0.0000
      0.0000      0.0000      0.0000      0.0000      0.0000      0.0000
      0.0000     24.5000     24.5000      0.0000      0.0000     24.5000
     24.5000     24.5000      0.0000      0.0000     24.5000     24.5000
     24.5000     24.5000      0.0000      0.0000      0.0000      0.0000
      0.0000      0.0000      0.0000      0.0000      0.0000      0.0000
      0.0000      0.0000     24.5000     24.5000      0.0000      0.0000
      0.0000      0.0000     24.5000     24.5000      0.0000      0.0000
      0.0000      0.0000      0.0000      0.0000      0.0000      0.0000
      0.0000      0.0000      0.0000      0.0000      0.0000     24.5000
     24.5000     24.5000     24.5000      0.0000      0.0000     24.5000
     24.5000      0.0000      0.0000      0.0000     24.5000     24.5000
      0.0000      0.0000     24.5000     24.5000      0.0000      0.0000
      0.0000      0.0000      0.0000      0.0000      0.0000      0.0000
      0.0000      0.0000     24.5000     24.5000      0.0000      0.0000
      0.0000      0.0000     24.5000     24.5000      0.0000      0.0000

  USINE N]95- SARRAH   80  81        4914.0000
      0.0000      0.0000      0.0000      0.0000      0.0000      0.0000
      0.0000      0.0000      0.0000      0.0000      0.0000      0.0000
      0.0000      0.0000     70.2000     70.2000     70.2000    140.4000
    210.6000    210.6000      0.0000      0.0000    210.6000    210.6000
    140.4000    140.4000     70.2000     70.2000     70.2000     70.2000
     70.2000     70.2000     70.2000     70.2000     70.2000     70.2000
      0.0000      0.0000    210.6000    210.6000      0.0000      0.0000
      0.0000      0.0000    140.4000    140.4000      0.0000      0.0000
      0.0000      0.0000      0.0000      0.0000      0.0000      0.0000
      0.0000      0.0000      0.0000      0.0000      0.0000     70.2000
     70.2000    140.4000    140.4000      0.0000      0.0000    210.6000
    210.6000     70.2000     70.2000     70.2000     70.2000      0.0000
      0.0000     70.2000     70.2000     70.2000      0.0000      0.0000
      0.0000      0.0000      0.0000      0.0000      0.0000      0.0000
      0.0000      0.0000    140.4000    140.4000      0.0000      0.0000
      0.0000      0.0000    210.6000    210.6000      0.0000      0.0000

      0.0000      0.0000      0.0000      0.0000      0.0000      0.0000
      0.0000      0.0000      0.0000      0.0000      0.0000      0.0000
      0.0000      0.0000     12.5000     12.5000     12.5000     25.0000
     37.5000     37.5000      0.0000      0.0000     37.5000     37.5000
     25.0000     25.0000     12.5000     12.5000     12.5000     12.5000
     12.5000     12.5000     12.5000     12.5000     12.5000     12.5000
      0.0000      0.0000     37.5000     37.5000      0.0000      0.0000
      0.0000      0.0000     25.0000     25.0000      0.0000      0.0000
      0.0000      0.0000      0.0000      0.0000      0.0000      0.0000
      0.0000      0.0000      0.0000      0.0000      0.0000     12.5000
     12.5000     25.0000     25.0000      0.0000      0.0000     37.5000
     37.5000     12.5000     12.5000     12.5000     12.5000      0.0000
      0.0000     12.5000     12.5000     12.5000      0.0000      0.0000
      0.0000      0.0000      0.0000      0.0000      0.0000      0.0000
      0.0000      0.0000     25.0000     25.0000      0.0000      0.0000
      0.0000      0.0000     37.5000     37.5000      0.0000      0.0000

  USINE N]96- BROM8H   81  82        6885.0000
      0.0000      0.0000      0.0000      0.0000      0.0000      0.0000
      0.0000      0.0000      0.0000      0.0000      0.0000      0.0000
      0.0000      0.0000      0.0000    153.0000    153.0000    153.0000
    153.0000    153.0000    153.0000    153.0000    153.0000    153.0000
    153.0000    153.0000    153.0000    153.0000    153.0000    153.0000
      0.0000      0.0000      0.0000      0.0000    153.0000    153.0000
    153.0000    153.0000    153.0000    153.0000    153.0000    153.0000
    153.0000      0.0000      0.0000      0.0000      0.0000      0.0000
      0.0000      0.0000      0.0000      0.0000      0.0000      0.0000
      0.0000      0.0000      0.0000      0.0000      0.0000      0.0000
      0.0000      0.0000    153.0000    153.0000    153.0000    153.0000
    153.0000    153.0000    153.0000    153.0000    153.0000    153.0000
    153.0000    153.0000    153.0000    153.0000    153.0000      0.0000
      0.0000      0.0000      0.0000      0.0000      0.0000      0.0000
    153.0000    153.0000    153.0000    153.0000    153.0000    153.0000
      0.0000      0.0000      0.0000      0.0000      0.0000      0.0000

      0.0000      0.0000      0.0000      0.0000      0.0000      0.0000
      0.0000      0.0000      0.0000      0.0000      0.0000      0.0000
      0.0000      0.0000      0.0000     95.0000     95.0000     95.0000
     95.0000     95.0000     95.0000     95.0000     95.0000     95.0000
     95.0000     95.0000     95.0000     95.0000     95.0000     95.0000
      0.0000      0.0000      0.0000      0.0000     95.0000     95.0000
     95.0000     95.0000     95.0000     95.0000     95.0000     95.0000
     95.0000      0.0000      0.0000      0.0000      0.0000      0.0000
      0.0000      0.0000      0.0000      0.0000      0.0000      0.0000
      0.0000      0.0000      0.0000      0.0000      0.0000      0.0000
      0.0000      0.0000     95.0000     95.0000     95.0000     95.0000
     95.0000     95.0000     95.0000     95.0000     95.0000     95.0000
     95.0000     95.0000     95.0000     95.0000     95.0000      0.0000
      0.0000      0.0000      0.0000      0.0000      0.0000      0.0000
     95.0000     95.0000     95.0000     95.0000     95.0000     95.0000
      0.0000      0.0000      0.0000      0.0000      0.0000      0.0000

  USINE N]97- BROMMH   81  82        2746.0800
      0.0000     16.9200     16.9200      0.0000      0.0000      0.0000
      0.0000     16.9200     16.9200     16.9200     16.9200     16.9200
     16.9200     16.9200     63.1800     63.1800     16.9200     16.9200
    126.0000    126.0000     16.9200     16.9200    126.0000    126.0000
     16.9200     16.9200     16.9200     37.8000     37.8000     16.9200
     16.9200     16.9200     37.8000     37.8000     37.8000     37.8000
     16.9200     16.9200    126.0000    126.0000     16.9200     16.9200
      0.0000      0.0000      0.0000     37.8000     37.8000     16.9200
     16.9200     16.9200     16.9200     16.9200     16.9200     16.9200
     16.9200     16.9200     16.9200     16.9200     16.9200     37.8000
     37.8000     16.9200     16.9200     16.9200     16.9200    104.4000
    104.4000     16.9200     16.9200     16.9200     84.6000     84.6000
     16.9200     16.9200     16.9200     37.8000     37.8000     16.9200
     16.9200      0.0000      0.0000      0.0000      0.0000      0.0000
      0.0000      0.0000      0.0000      0.0000      0.0000      0.0000
     16.9200     16.9200     16.9200     84.6000     84.6000     16.9200

      0.0000     10.0000     10.0000      0.0000      0.0000      0.0000
      0.0000     10.0000     10.0000     10.0000     10.0000     10.0000
     10.0000     10.0000     37.5000     37.5000     10.0000     10.0000
     73.5000     73.5000     10.0000     10.0000     73.5000     73.5000
     10.0000     10.0000     10.0000     22.5000     22.5000     10.0000
     10.0000     10.0000     22.5000     22.5000     22.5000     22.5000
     10.0000     10.0000     73.5000     73.5000     10.0000     10.0000
      0.0000      0.0000      0.0000     22.5000     22.5000     10.0000
     10.0000     10.0000     10.0000     10.0000     10.0000     10.0000
     10.0000     10.0000     10.0000     10.0000     10.0000     22.5000
     22.5000     10.0000     10.0000     10.0000     10.0000     61.5000
     61.5000     10.0000     10.0000     10.0000     50.0000     50.0000
     10.0000     10.0000     10.0000     22.5000     22.5000     10.0000
     10.0000      0.0000      0.0000      0.0000      0.0000      0.0000
      0.0000      0.0000      0.0000      0.0000      0.0000      0.0000
     10.0000     10.0000     10.0000     50.0000     50.0000     10.0000

  USINE N]98- MTEZIH   83  82       14076.0000
      0.0000      0.0000      0.0000      0.0000      0.0000      0.0000
      0.0000      0.0000      0.0000      0.0000      0.0000      0.0000
      0.0000      0.0000      0.0000    298.8000    399.6000    399.6000
    399.6000    298.8000    298.8000    399.6000    399.6000    399.6000
    399.6000    399.6000    399.6000    298.8000    298.8000     99.0000
     99.0000      0.0000      0.0000      0.0000      0.0000      0.0000
    298.8000    399.6000    399.6000    399.6000    399.6000    399.6000
      0.0000      0.0000      0.0000      0.0000      0.0000      0.0000
      0.0000      0.0000      0.0000      0.0000      0.0000      0.0000
      0.0000      0.0000      0.0000      0.0000      0.0000      0.0000
      0.0000      0.0000      0.0000    399.6000    399.6000    399.6000
    399.6000    399.6000    399.6000    399.6000    399.6000    399.6000
    399.6000    399.6000    198.0000      0.0000      0.0000      0.0000
      0.0000      0.0000      0.0000      0.0000      0.0000      0.0000
      0.0000    399.6000    399.6000    399.6000    399.6000    298.8000
      0.0000      0.0000      0.0000      0.0000      0.0000      0.0000

      0.0000      0.0000      0.0000      0.0000      0.0000      0.0000
      0.0000      0.0000      0.0000      0.0000      0.0000      0.0000
      0.0000      0.0000      0.0000    285.0000    380.0000    380.0000
    380.0000    285.0000    285.0000    380.0000    380.0000    380.0000
    380.0000    380.0000    380.0000    285.0000    285.0000     95.0000
     95.0000      0.0000      0.0000      0.0000      0.0000      0.0000
    285.0000    380.0000    380.0000    380.0000    380.0000    380.0000
      0.0000      0.0000      0.0000      0.0000      0.0000      0.0000
      0.0000      0.0000      0.0000      0.0000      0.0000      0.0000
      0.0000      0.0000      0.0000      0.0000      0.0000      0.0000
      0.0000      0.0000      0.0000    380.0000    380.0000    380.0000
    380.0000    380.0000    380.0000    380.0000    380.0000    380.0000
    380.0000    380.0000    190.0000      0.0000      0.0000      0.0000
      0.0000      0.0000      0.0000      0.0000      0.0000      0.0000
      0.0000    380.0000    380.0000    380.0000    380.0000    285.0000
      0.0000      0.0000      0.0000      0.0000      0.0000      0.0000

  USINE N]99- MTEZIP   82  83        8100.0000
    243.0000    243.0000    243.0000    243.0000    243.0000    243.0000
    243.0000    243.0000    243.0000    243.0000    243.0000    243.0000
    162.0000      0.0000      0.0000      0.0000      0.0000      0.0000
      0.0000      0.0000      0.0000      0.0000      0.0000      0.0000
      0.0000      0.0000      0.0000      0.0000      0.0000      0.0000
      0.0000      0.0000     81.0000     81.0000      0.0000      0.0000
      0.0000      0.0000      0.0000      0.0000      0.0000      0.0000
      0.0000      0.0000      0.0000      0.0000    162.0000    162.0000
    162.0000    243.0000    243.0000    243.0000    243.0000    243.0000
    243.0000    243.0000    243.0000    243.0000    243.0000    243.0000
    243.0000      0.0000      0.0000      0.0000      0.0000      0.0000
      0.0000      0.0000      0.0000      0.0000      0.0000      0.0000
      0.0000      0.0000      0.0000      0.0000      0.0000      0.0000
    162.0000    162.0000      0.0000      0.0000      0.0000      0.0000
      0.0000      0.0000      0.0000      0.0000      0.0000      0.0000
      0.0000    162.0000    243.0000    243.0000    243.0000    243.0000

   -307.5000   -307.5000   -307.5000   -307.5000   -307.5000   -307.5000
   -307.5000   -307.5000   -307.5000   -307.5000   -307.5000   -307.5000
   -205.0000      0.0000      0.0000      0.0000      0.0000      0.0000
      0.0000      0.0000      0.0000      0.0000      0.0000      0.0000
      0.0000      0.0000      0.0000      0.0000      0.0000      0.0000
      0.0000      0.0000   -102.5000   -102.5000      0.0000      0.0000
      0.0000      0.0000      0.0000      0.0000      0.0000      0.0000
      0.0000      0.0000      0.0000      0.0000   -205.0000   -205.0000
   -205.0000   -307.5000   -307.5000   -307.5000   -307.5000   -307.5000
   -307.5000   -307.5000   -307.5000   -307.5000   -307.5000   -307.5000
   -307.5000      0.0000      0.0000      0.0000      0.0000      0.0000
      0.0000      0.0000      0.0000      0.0000      0.0000      0.0000
      0.0000      0.0000      0.0000      0.0000      0.0000      0.0000
   -205.0000   -205.0000      0.0000      0.0000      0.0000      0.0000
      0.0000      0.0000      0.0000      0.0000      0.0000      0.0000
      0.0000   -205.0000   -307.5000   -307.5000   -307.5000   -307.5000

  USINE N]**- COUE8H   82  84        6220.8000
      0.0000      0.0000      0.0000      0.0000      0.0000      0.0000
      0.0000      0.0000      0.0000      0.0000      0.0000    172.8000
    172.8000    172.8000    172.8000      0.0000      0.0000      0.0000
      0.0000      0.0000      0.0000      0.0000      0.0000      0.0000
      0.0000      0.0000      0.0000      0.0000      0.0000      0.0000
      0.0000      0.0000      0.0000      0.0000      0.0000      0.0000
    172.8000    172.8000    172.8000    172.8000    172.8000    172.8000
      0.0000      0.0000    172.8000    172.8000      0.0000      0.0000
      0.0000      0.0000      0.0000      0.0000      0.0000      0.0000
      0.0000      0.0000      0.0000      0.0000    172.8000    172.8000
      0.0000      0.0000    172.8000    172.8000    172.8000    172.8000
    172.8000    172.8000    172.8000    172.8000    172.8000    172.8000
    172.8000    172.8000    172.8000    172.8000    172.8000    172.8000
    172.8000      0.0000      0.0000      0.0000      0.0000      0.0000
      0.0000      0.0000    172.8000    172.8000    172.8000      0.0000
      0.0000      0.0000    172.8000    172.8000      0.0000      0.0000

      0.0000      0.0000      0.0000      0.0000      0.0000      0.0000
      0.0000      0.0000      0.0000      0.0000      0.0000     21.5000
     21.5000     21.5000     21.5000      0.0000      0.0000      0.0000
      0.0000      0.0000      0.0000      0.0000      0.0000      0.0000
      0.0000      0.0000      0.0000      0.0000      0.0000      0.0000
      0.0000      0.0000      0.0000      0.0000      0.0000      0.0000
     21.5000     21.5000     21.5000     21.5000     21.5000     21.5000
      0.0000      0.0000     21.5000     21.5000      0.0000      0.0000
      0.0000      0.0000      0.0000      0.0000      0.0000      0.0000
      0.0000      0.0000      0.0000      0.0000     21.5000     21.5000
      0.0000      0.0000     21.5000     21.5000     21.5000     21.5000
     21.5000     21.5000     21.5000     21.5000     21.5000     21.5000
     21.5000     21.5000     21.5000     21.5000     21.5000     21.5000
     21.5000      0.0000      0.0000      0.0000      0.0000      0.0000
      0.0000      0.0000     21.5000     21.5000     21.5000      0.0000
      0.0000      0.0000     21.5000     21.5000      0.0000      0.0000

  USINE N]**- COUESH   82  84        7509.6000
      0.0000      0.0000      0.0000      0.0000      0.0000      0.0000
      0.0000      0.0000      0.0000      0.0000      0.0000    106.2000
    106.2000    216.0000    216.0000    216.0000      0.0000      0.0000
      0.0000      0.0000      0.0000      0.0000      0.0000      0.0000
      0.0000      0.0000      0.0000      0.0000      0.0000      0.0000
      0.0000      0.0000      0.0000      0.0000      0.0000      0.0000
    106.2000    106.2000    216.0000    216.0000    106.2000    106.2000
    106.2000    106.2000    216.0000    216.0000      0.0000      0.0000
      0.0000      0.0000      0.0000      0.0000    106.2000    106.2000
    106.2000    106.2000    106.2000    106.2000    106.2000    216.0000
    216.0000    106.2000    106.2000    106.2000    106.2000    216.0000
    216.0000    106.2000    106.2000    106.2000    216.0000    216.0000
    106.2000    106.2000    106.2000    216.0000    216.0000    106.2000
    106.2000      0.0000      0.0000      0.0000      0.0000      0.0000
      0.0000    106.2000    216.0000    216.0000    216.0000      0.0000
      0.0000      0.0000      0.0000    216.0000    216.0000    216.0000

      0.0000      0.0000      0.0000      0.0000      0.0000      0.0000
      0.0000      0.0000      0.0000      0.0000      0.0000     12.5000
     12.5000     25.0000     25.0000     25.0000      0.0000      0.0000
      0.0000      0.0000      0.0000      0.0000      0.0000      0.0000
      0.0000      0.0000      0.0000      0.0000      0.0000      0.0000
      0.0000      0.0000      0.0000      0.0000      0.0000      0.0000
     12.5000     12.5000     25.0000     25.0000     12.5000     12.5000
     12.5000     12.5000     25.0000     25.0000      0.0000      0.0000
      0.0000      0.0000      0.0000      0.0000     12.5000     12.5000
     12.5000     12.5000     12.5000     12.5000     12.5000     25.0000
     25.0000     12.5000     12.5000     12.5000     12.5000     25.0000
     25.0000     12.5000     12.5000     12.5000     25.0000     25.0000
     12.5000     12.5000     12.5000     25.0000     25.0000     12.5000
     12.5000      0.0000      0.0000      0.0000      0.0000      0.0000
      0.0000     12.5000     25.0000     25.0000     25.0000      0.0000
      0.0000      0.0000      0.0000     25.0000     25.0000     25.0000

  USINE N]**- CAMBEH   84   0       14184.6601
      7.2000      7.2000      7.2000      7.2000      7.2000      7.2000
      7.2000      7.2000      7.2000      7.2000      7.2000     27.0000
     27.0000    126.0000    233.7601    198.0000    235.7994     27.0000
     27.0000     54.0000     72.0000     72.0000    162.0000    162.0000
     99.0000     99.0000     27.0000     27.0000     27.0000      7.2000
      7.2000      7.2000      7.2000      7.2000     99.0000     99.0000
     99.0000    207.0740    315.1480    423.2220    316.6616    424.7356
    198.0000      7.2000      7.2000    108.0000    180.0000    180.0000
      7.2000      7.2000    108.0000    216.0740    324.1480     27.0000
     27.0000     99.0000     99.0000    198.0000    226.9814    335.0554
    180.0000    180.0000    277.3430    385.4170    239.5430    347.6170
    275.0030    383.0770    486.0000    239.5430    347.6170    198.0000
    204.0833    312.1573    198.0000    198.0000    198.0000    198.0000
    198.0000    198.0000    162.0000      7.2000      7.2000     99.0000
    198.0000    288.0000    396.0000    396.0000    396.0000     27.0000
     27.0000    126.0000    234.0000    234.0000    180.0000      7.2000

      0.0500      0.0500      0.0500      0.0500      0.0500      0.0500
      0.0500      0.0500      0.0500      0.0500      0.0500      0.7000
      0.7000      3.1500      4.9500      4.9500      4.9500      0.7000
      0.7000      1.3500      1.8000      1.8000      4.0500      4.0500
      2.5000      2.5000      0.7000      0.7000      0.7000      0.0500
      0.0500      0.0500      0.0500      0.0500      2.5000      2.5000
      2.5000      4.9500      4.9500      4.9500      4.9500      4.9500
      4.9500      0.0500      0.0500      2.7000      4.5000      4.5000
      0.0500      0.0500      2.7000      4.9500      4.9500      0.7000
      0.7000      2.5000      2.5000      4.9500      4.9500      4.9500
      4.5000      4.5000      4.9500      4.9500      4.9500      4.9500
      4.9500      4.9500      4.9500      4.9500      4.9500      4.9500
      4.9500      4.9500      4.9500      4.9500      4.9500      4.9500
      4.9500      4.9500      4.0500      0.0500      0.0500      2.5000
      4.9500      7.2000      9.9000      9.9000      9.9000      0.7000
      0.7000      3.1500      5.8500      5.8500      4.5000      0.0500

   DONNEES POUR LA VALLEE N]27-ORLU     DATE: 22/03/10     1 USINE(S)     1 RESERVOIR(S)
  LAC N]**- NAGUIR     0.1000E+04     12.950         -73.6200
  21413.0000  21413.0000  21413.0000  21413.0000  21413.0000  21413.0000
  21406.3400  21399.6800  21399.6800  21399.6800  21399.6800  21399.6800
  21399.6800  21399.6800  21399.6800  21399.6800  21399.6800  21399.6800
  21399.6800  21399.6800  21399.6800  21399.6800  21399.6800  21399.6800
  21399.6800  21399.6800  21399.6800  21399.6800  21399.6800  21399.6800
  21399.6800  21399.6800  21399.6800  21399.6800  21399.6800  21399.6800
  21399.6800  21399.6800  21386.1800  21372.6800  21372.6800  21372.6800
  21372.6800  21372.6800  21372.6800  21372.6800  21372.6800  21372.6800
  21372.6800  21372.6800  21372.6800  21372.6800  21372.6800  21372.6800
  21372.6800  21372.6800  21372.6800  21372.6800  21372.6800  21366.0200
  21359.3600  21359.3600  21359.3600  21359.3600  21359.3600  21359.3600
  21359.3600  21359.3600  21359.3600  21359.3600  21359.3600  21359.3600
  21359.3600  21359.3600  21359.3600  21359.3600  21359.3600  21359.3600
  21359.3600  21359.3600  21359.3600  21359.3600  21359.3600  21359.3600
  21359.3600  21359.3600  21359.3600  21359.3600  21359.3600  21359.3600
  21359.3600  21352.7000  21346.0400  21339.3800  21339.3800  21339.3800

  USINE N]**- ORLU H   **   0          73.6200
      0.0000      0.0000      0.0000      0.0000      0.0000      0.0000
      6.6600      6.6600      0.0000      0.0000      0.0000      0.0000
      0.0000      0.0000      0.0000      0.0000      0.0000      0.0000
      0.0000      0.0000      0.0000      0.0000      0.0000      0.0000
      0.0000      0.0000      0.0000      0.0000      0.0000      0.0000
      0.0000      0.0000      0.0000      0.0000      0.0000      0.0000
      0.0000      0.0000     13.5000     13.5000      0.0000      0.0000
      0.0000      0.0000      0.0000      0.0000      0.0000      0.0000
      0.0000      0.0000      0.0000      0.0000      0.0000      0.0000
      0.0000      0.0000      0.0000      0.0000      0.0000      6.6600
      6.6600      0.0000      0.0000      0.0000      0.0000      0.0000
      0.0000      0.0000      0.0000      0.0000      0.0000      0.0000
      0.0000      0.0000      0.0000      0.0000      0.0000      0.0000
      0.0000      0.0000      0.0000      0.0000      0.0000      0.0000
      0.0000      0.0000      0.0000      0.0000      0.0000      0.0000
      0.0000      6.6600      6.6600      6.6600      0.0000      0.0000

      0.0000      0.0000      0.0000      0.0000      0.0000      0.0000
     15.0000     15.0000      0.0000      0.0000      0.0000      0.0000
      0.0000      0.0000      0.0000      0.0000      0.0000      0.0000
      0.0000      0.0000      0.0000      0.0000      0.0000      0.0000
      0.0000      0.0000      0.0000      0.0000      0.0000      0.0000
      0.0000      0.0000      0.0000      0.0000      0.0000      0.0000
      0.0000      0.0000     30.0000     30.0000      0.0000      0.0000
      0.0000      0.0000      0.0000      0.0000      0.0000      0.0000
      0.0000      0.0000      0.0000      0.0000      0.0000      0.0000
      0.0000      0.0000      0.0000      0.0000      0.0000     15.0000
     15.0000      0.0000      0.0000      0.0000      0.0000      0.0000
      0.0000      0.0000      0.0000      0.0000      0.0000      0.0000
      0.0000      0.0000      0.0000      0.0000      0.0000      0.0000
      0.0000      0.0000      0.0000      0.0000      0.0000      0.0000
      0.0000      0.0000      0.0000      0.0000      0.0000      0.0000
      0.0000     15.0000     15.0000     15.0000      0.0000      0.0000

   DONNEES POUR LA VALLEE N]34-AUDE     DATE: 22/03/10     2 USINE(S)     2 RESERVOIR(S)
  LAC N]**- PUYVAR     0.1000E+04      7.930           0.0000
   2303.0000   2303.0000   2303.0000   2303.0000   2303.0000   2303.0000
   2303.0000   2303.0000   2303.0000   2303.0000   2303.0000   2303.0000
   2303.0000   2303.0000   2303.0000   2303.0000   2303.0000   2303.0000
   2303.0000   2303.0000   2303.0000   2303.0000   2303.0000   2303.0000
   2303.0000   2303.0000   2303.0000   2303.0000   2303.0000   2303.0000
   2303.0000   2303.0000   2303.0000   2303.0000   2303.0000   2303.0000
   2303.0000   2303.0000   2303.0000   2303.0000   2303.0000   2303.0000
   2303.0000   2303.0000   2303.0000   2303.0000   2303.0000   2303.0000
   2303.0000   2303.0000   2303.0000   2303.0000   2303.0000   2303.0000
   2303.0000   2303.0000   2303.0000   2303.0000   2303.0000   2303.0000
   2303.0000   2303.0000   2303.0000   2303.0000   2303.0000   2303.0000
   2303.0000   2303.0000   2303.0000   2303.0000   2303.0000   2303.0000
   2303.0000   2303.0000   2303.0000   2303.0000   2303.0000   2303.0000
   2303.0000   2303.0000   2303.0000   2303.0000   2303.0000   2303.0000
   2303.0000   2303.0000   2303.0000   2303.0000   2303.0000   2303.0000
   2303.0000   2303.0000   2303.0000   2303.0000   2303.0000   2303.0000

  LAC N]**- NENTIR     0.1000E+04      0.000           0.0000
      0.0000      0.0000      0.0000      0.0000      0.0000      0.0000
      0.0000      0.0000      0.0000      0.0000      0.0000      0.0000
      0.0000      0.0000      0.0000      0.0000      0.0000      0.0000
      0.0000      0.0000      0.0000      0.0000      0.0000      0.0000
      0.0000      0.0000      0.0000      0.0000      0.0000      0.0000
      0.0000      0.0000      0.0000      0.0000      0.0000      0.0000
      0.0000      0.0000      0.0000      0.0000      0.0000      0.0000
      0.0000      0.0000      0.0000      0.0000      0.0000      0.0000
      0.0000      0.0000      0.0000      0.0000      0.0000      0.0000
      0.0000      0.0000      0.0000      0.0000      0.0000      0.0000
      0.0000      0.0000      0.0000      0.0000      0.0000      0.0000
      0.0000      0.0000      0.0000      0.0000      0.0000      0.0000
      0.0000      0.0000      0.0000      0.0000      0.0000      0.0000
      0.0000      0.0000      0.0000      0.0000      0.0000      0.0000
      0.0000      0.0000      0.0000      0.0000      0.0000      0.0000
      0.0000      0.0000      0.0000      0.0000      0.0000      0.0000

  USINE N]**- ESCO2H   **  **           0.0000
      0.0000      0.0000      0.0000      0.0000      0.0000      0.0000
      0.0000      0.0000      0.0000      0.0000      0.0000      0.0000
      0.0000      0.0000      0.0000      0.0000      0.0000      0.0000
      0.0000      0.0000      0.0000      0.0000      0.0000      0.0000
      0.0000      0.0000      0.0000      0.0000      0.0000      0.0000
      0.0000      0.0000      0.0000      0.0000      0.0000      0.0000
      0.0000      0.0000      0.0000      0.0000      0.0000      0.0000
      0.0000      0.0000      0.0000      0.0000      0.0000      0.0000
      0.0000      0.0000      0.0000      0.0000      0.0000      0.0000
      0.0000      0.0000      0.0000      0.0000      0.0000      0.0000
      0.0000      0.0000      0.0000      0.0000      0.0000      0.0000
      0.0000      0.0000      0.0000      0.0000      0.0000      0.0000
      0.0000      0.0000      0.0000      0.0000      0.0000      0.0000
      0.0000      0.0000      0.0000      0.0000      0.0000      0.0000
      0.0000      0.0000      0.0000      0.0000      0.0000      0.0000
      0.0000      0.0000      0.0000      0.0000      0.0000      0.0000

      0.0000      0.0000      0.0000      0.0000      0.0000      0.0000
      0.0000      0.0000      0.0000      0.0000      0.0000      0.0000
      0.0000      0.0000      0.0000      0.0000      0.0000      0.0000
      0.0000      0.0000      0.0000      0.0000      0.0000      0.0000
      0.0000      0.0000      0.0000      0.0000      0.0000      0.0000
      0.0000      0.0000      0.0000      0.0000      0.0000      0.0000
      0.0000      0.0000      0.0000      0.0000      0.0000      0.0000
      0.0000      0.0000      0.0000      0.0000      0.0000      0.0000
      0.0000      0.0000      0.0000      0.0000      0.0000      0.0000
      0.0000      0.0000      0.0000      0.0000      0.0000      0.0000
      0.0000      0.0000      0.0000      0.0000      0.0000      0.0000
      0.0000      0.0000      0.0000      0.0000      0.0000      0.0000
      0.0000      0.0000      0.0000      0.0000      0.0000      0.0000
      0.0000      0.0000      0.0000      0.0000      0.0000      0.0000
      0.0000      0.0000      0.0000      0.0000      0.0000      0.0000
      0.0000      0.0000      0.0000      0.0000      0.0000      0.0000

  USINE N]**- NENTIH   **   0           0.0000
      0.0000      0.0000      0.0000      0.0000      0.0000      0.0000
      0.0000      0.0000      0.0000      0.0000      0.0000      0.0000
      0.0000      0.0000      0.0000      0.0000      0.0000      0.0000
      0.0000      0.0000      0.0000      0.0000      0.0000      0.0000
      0.0000      0.0000      0.0000      0.0000      0.0000      0.0000
      0.0000      0.0000      0.0000      0.0000      0.0000      0.0000
      0.0000      0.0000      0.0000      0.0000      0.0000      0.0000
      0.0000      0.0000      0.0000      0.0000      0.0000      0.0000
      0.0000      0.0000      0.0000      0.0000      0.0000      0.0000
      0.0000      0.0000      0.0000      0.0000      0.0000      0.0000
      0.0000      0.0000      0.0000      0.0000      0.0000      0.0000
      0.0000      0.0000      0.0000      0.0000      0.0000      0.0000
      0.0000      0.0000      0.0000      0.0000      0.0000      0.0000
      0.0000      0.0000      0.0000      0.0000      0.0000      0.0000
      0.0000      0.0000      0.0000      0.0000      0.0000      0.0000
      0.0000      0.0000      0.0000      0.0000      0.0000      0.0000

      0.0000      0.0000      0.0000      0.0000      0.0000      0.0000
      0.0000      0.0000      0.0000      0.0000      0.0000      0.0000
      0.0000      0.0000      0.0000      0.0000      0.0000      0.0000
      0.0000      0.0000      0.0000      0.0000      0.0000      0.0000
      0.0000      0.0000      0.0000      0.0000      0.0000      0.0000
      0.0000      0.0000      0.0000      0.0000      0.0000      0.0000
      0.0000      0.0000      0.0000      0.0000      0.0000      0.0000
      0.0000      0.0000      0.0000      0.0000      0.0000      0.0000
      0.0000      0.0000      0.0000      0.0000      0.0000      0.0000
      0.0000      0.0000      0.0000      0.0000      0.0000      0.0000
      0.0000      0.0000      0.0000      0.0000      0.0000      0.0000
      0.0000      0.0000      0.0000      0.0000      0.0000      0.0000
      0.0000      0.0000      0.0000      0.0000      0.0000      0.0000
      0.0000      0.0000      0.0000      0.0000      0.0000      0.0000
      0.0000      0.0000      0.0000      0.0000      0.0000      0.0000
      0.0000      0.0000      0.0000      0.0000      0.0000      0.0000

