   OPTIMISATION HYDRAULIQUE **(( RESULTATS SOUS FORMAT OVIDE ))**  DAT.DEBUT:  0  ITER: 501
   DONNEES POUR LA VALLEE N] 1-AIN      DATE: 22/06/10     8 USINE(S)     7 RESERVOIR(S)
  LAC N] 1- VOUGLR     0.1000E+04      3.790           0.0000
 365612.8000 365612.8000 365612.8000 365612.8000 365612.8000 365612.8000
 365612.8000 365612.8000 365612.8000 365612.8000 365612.8000 365612.8000
 365612.8000 365612.8000 365612.8000 365612.8000 365612.8000 365612.8000
 365612.8000 365612.8000 365612.8000 365612.8000 365612.8000 365612.8000
 365612.8000 365612.8000 365612.8000 365612.8000 365612.8000 365612.8000
 365612.8000 365612.8000 365612.8000 365612.8000 365612.8000 365612.8000
 365612.8000 365612.8000 365612.8000 365612.8000 365612.8000 365612.8000
 365612.8000 365612.8000 365612.8000 365612.8000 365612.8000 365612.8000
 365612.8000 365612.8000 365612.8000 365612.8000 365612.8000 365612.8000
 365612.8000 365612.8000 365612.8000 365612.8000 365612.8000 365612.8000
 365612.8000 365612.8000 365612.8000 365612.8000 365612.8000 365612.8000
 365612.8000 365612.8000 365612.8000 365612.8000 365612.8000 365612.8000
 365612.8000 365612.8000 365612.8000 365612.8000 365612.8000 365612.8000
 365612.8000 365612.8000 365612.8000 365612.8000 365612.8000 365612.8000
 365612.8000 365612.8000 365612.8000 365612.8000 365612.8000 365612.8000
 365612.8000 365612.8000 365612.8000 365612.8000 365612.8000 365612.8000

  LAC N] 2- S.MORR     0.1000E+04      0.000           0.0000
   1187.9980   1187.9980   1187.9980   1187.9980   1187.9980   1187.9980
   1187.9980   1187.9980   1187.9980   1187.9980   1187.9980   1187.9980
   1187.9980   1187.9980   1187.9980   1187.9980   1187.9980   1187.9980
   1187.9980   1187.9980   1187.9980   1187.9980   1187.9980   1187.9980
   1187.9980   1187.9980   1187.9980   1187.9980   1187.9980   1187.9980
   1187.9980   1187.9980   1187.9980   1187.9980   1187.9980   1187.9980
   1187.9980   1187.9980   1187.9980   1187.9980   1187.9980   1187.9980
   1187.9980   1187.9980   1187.9980   1187.9980   1187.9980   1187.9980
   1187.9980   1187.9980   1187.9980   1187.9980   1187.9980   1187.9980
   1187.9980   1187.9980   1187.9980   1187.9980   1187.9980   1187.9980
   1187.9980   1187.9980   1187.9980   1187.9980   1187.9980   1187.9980
   1187.9980   1187.9980   1187.9980   1187.9980   1187.9980   1187.9980
   1187.9980   1187.9980   1187.9980   1187.9980   1187.9980   1187.9980
   1187.9980   1187.9980   1187.9980   1187.9980   1187.9980   1187.9980
   1187.9980   1187.9980   1187.9980   1187.9980   1187.9980   1187.9980
   1187.9980   1187.9980   1187.9980   1187.9980   1187.9980   1187.9980

  LAC N] 3- COISER     0.1000E+04      0.000         291.6000
  34535.7760  34321.5760  34350.3760  34379.1760  34407.9760  34314.3760
  34220.7760  34249.5760  34278.3760  34307.1760  34335.9760  34364.7760
  34393.5760  34422.3760  34451.1760  34479.9760  34508.7760  34537.5760
  34566.3760  34595.1760  34623.9760  34652.7760  34559.1760  34465.5760
  34494.3760  34523.1760  34551.9760  34580.7760  34609.5760  34638.3760
  34667.1760  34695.9760  34724.7760  34753.5760  34782.3760  34811.1760
  34839.9760  34868.7760  34897.5760  34926.3760  34955.1760  34983.9760
  34890.3760  34796.7760  34825.5760  34854.3760  34883.1760  34911.9760
  34929.9760  34947.9760  34965.9760  34983.9760  35001.9760  35019.9760
  35037.9760  35055.9760  35073.9760  35091.9760  35109.9760  35127.9760
  35145.9760  35163.9760  35181.9760  35199.9760  35217.9760  35235.9760
  35253.9760  35271.9760  35289.9760  35307.9760  35203.5760  35099.1760
  34994.7760  35012.7760  35030.7760  35048.7760  35066.7760  35084.7760
  35102.7760  35120.7760  35016.3760  34911.9760  34807.5760  34825.5760
  34843.5760  34861.5760  34879.5760  34897.5760  34915.5760  34933.5760
  34951.5760  34969.5760  34987.5760  35005.5760  35023.5760  35041.5760

  LAC N] 4- BOLOZR     0.1000E+04      0.000         112.2020
  13178.2290  13428.4290  13435.6290  13442.8290  13342.0290  13363.6290
  13385.2290  13392.4290  13399.6290  13406.8290  13414.0290  13421.2290
  13428.4290  13435.6290  13442.8290  13450.0290  13457.2290  13464.4290
  13471.6290  13478.8290  13486.0290  13493.2290  13514.8290  13536.4290
  13543.6290  13550.8290  13558.0290  13565.2290  13572.4290  13579.6290
  13586.8290  13594.0290  13383.4290  13172.8290  13180.0290  13187.2290
  13194.4290  13201.6290  13208.8290  13216.0290  13223.2290  13230.4290
  13360.0290  13489.6290  13496.8290  13504.0290  13511.2290  13300.6290
  13088.2290  12985.6290  12991.0290  12996.4290  13001.8290  13007.2290
  13012.6290  13018.0290  13023.4290  13028.8290  13034.2290  13039.6290
  13045.0290  13050.4290  13055.8290  13061.2290  13066.6290  13072.0290
  13077.4290  13082.8290  13088.2290  13093.6290  13221.4290  13349.2290
  13477.0290  13482.4290  13379.8290  13277.2290  13174.6290  13072.0290
  12969.4290  12974.8290  13103.6026  13257.6520  13436.0036  13358.6794
  13256.0794  13286.7552  13317.4310  13322.8310  13328.2310  13333.6310
  13339.0310  13344.4310  13349.8310  13355.2310  13360.6310  13148.2310

  LAC N] 5- MOUX R     0.1000E+04      3.790         191.9980
   4191.5820   4195.1820   4198.7820   4202.3820   4205.9820   4209.5820
   4213.1820   4216.7820   4220.3820   4223.9820   4227.5820   4231.1820
   4234.7820   4238.3820   4241.9820   4245.5820   4249.1820   4252.7820
   4256.3820   4259.9820   4263.5820   4267.1820   4270.7820   4274.3820
   4277.9820   4281.5820   4285.1820   4288.7820   4292.3820   4295.9820
   4299.5820   4303.1820   4306.7820   4310.3820   4313.9820   4317.5820
   4321.1820   4324.7820   4328.3820   4331.9820   4335.5820   4339.1820
   4342.7820   4346.3820   4349.9820   4353.5820   4357.1820   4360.7820
   4364.3820   4367.9820   4371.5820   4375.1820   4378.7820   4382.3820
   4385.9820   4389.5820   4393.1820   4396.7820   4400.3820   4403.9820
   4407.5820   4411.1820   4414.7820   4418.3820   4421.9820   4425.5820
   4429.1820   4432.7820   4436.3820   4439.9820   4443.5820   4447.1820
   4450.7820   4454.3820   4457.9820   4461.5820   4465.1820   4468.7820
   4472.3820   4475.9820   4478.6084   4455.9590   4409.0074   4387.3316
   4390.9316   4369.2558   4347.5800   4351.1800   4354.7800   4358.3800
   4361.9800   4365.5800   4369.1800   4372.7800   4376.3800   4379.9800

  LAC N] 6- ALLEMR     0.1000E+04      0.000          47.8000
  18286.9400  18232.9400  18178.9400  18079.9400  18088.9400  18142.9400
  18196.9400  18174.8000  18153.2000  18131.6000  18110.0000  18088.4000
  18066.8000  18045.2000  18023.6000  18002.0000  17980.4000  17958.8000
  17937.2000  17915.6000  17894.0000  17872.4000  17958.8000  18045.2000
  18023.6000  18002.0000  17980.4000  17958.8000  17937.2000  17915.6000
  17894.0000  17872.4000  18068.6000  18264.8000  18243.2000  18221.6000
  18200.0000  18178.4000  18156.8000  18135.2000  18113.6000  18092.0000
  18070.4000  18048.8000  18027.2000  18005.6000  17984.0000  18180.2000
  18291.0000  18300.0000  18246.0000  18224.4000  18202.8000  18181.2000
  18159.6000  18138.0000  18116.4000  18094.8000  18073.2000  18051.6000
  18030.0000  18008.4000  17986.8000  17965.2000  17943.6000  17922.0000
  17900.4000  17878.8000  17857.2000  17835.6000  17814.0000  17792.4000
  17770.8000  17749.2000  17835.6000  17922.0000  18008.4000  18094.8000
  18181.2000  18159.6000  18138.0000  18116.4000  18094.8000  18181.2000
  18267.6000  18246.0000  18224.4000  18202.8000  18181.2000  18159.6000
  18138.0000  18116.4000  18094.8000  18073.2000  18051.6000  18247.8000

  LAC N] 7- CUSSER     0.1000E+04      0.000           0.0000
      0.0000      0.0000      0.0000      0.0000      0.0000      0.0000
      0.0000      0.0000      0.0000      0.0000      0.0000      0.0000
      0.0000      0.0000      0.0000      0.0000      0.0000      0.0000
      0.0000      0.0000      0.0000      0.0000      0.0000      0.0000
      0.0000      0.0000      0.0000      0.0000      0.0000      0.0000
      0.0000      0.0000      0.0000      0.0000      0.0000      0.0000
      0.0000      0.0000      0.0000      0.0000      0.0000      0.0000
      0.0000      0.0000      0.0000      0.0000      0.0000      0.0000
      0.0000      0.0000      0.0000      0.0000      0.0000      0.0000
      0.0000      0.0000      0.0000      0.0000      0.0000      0.0000
      0.0000      0.0000      0.0000      0.0000      0.0000      0.0000
      0.0000      0.0000      0.0000      0.0000      0.0000      0.0000
      0.0000      0.0000      0.0000      0.0000      0.0000      0.0000
      0.0000      0.0000      0.0000      0.0000      0.0000      0.0000
      0.0000      0.0000      0.0000      0.0000      0.0000      0.0000
      0.0000      0.0000      0.0000      0.0000      0.0000      0.0000

  USINE N] 1- VOUGLH    1   2           0.0000
      0.0000      0.0000      0.0000      0.0000      0.0000      0.0000
      0.0000      0.0000      0.0000      0.0000      0.0000      0.0000
      0.0000      0.0000      0.0000      0.0000      0.0000      0.0000
      0.0000      0.0000      0.0000      0.0000      0.0000      0.0000
      0.0000      0.0000      0.0000      0.0000      0.0000      0.0000
      0.0000      0.0000      0.0000      0.0000      0.0000      0.0000
      0.0000      0.0000      0.0000      0.0000      0.0000      0.0000
      0.0000      0.0000      0.0000      0.0000      0.0000      0.0000
      0.0000      0.0000      0.0000      0.0000      0.0000      0.0000
      0.0000      0.0000      0.0000      0.0000      0.0000      0.0000
      0.0000      0.0000      0.0000      0.0000      0.0000      0.0000
      0.0000      0.0000      0.0000      0.0000      0.0000      0.0000
      0.0000      0.0000      0.0000      0.0000      0.0000      0.0000
      0.0000      0.0000      0.0000      0.0000      0.0000      0.0000
      0.0000      0.0000      0.0000      0.0000      0.0000      0.0000
      0.0000      0.0000      0.0000      0.0000      0.0000      0.0000

      0.0000      0.0000      0.0000      0.0000      0.0000      0.0000
      0.0000      0.0000      0.0000      0.0000      0.0000      0.0000
      0.0000      0.0000      0.0000      0.0000      0.0000      0.0000
      0.0000      0.0000      0.0000      0.0000      0.0000      0.0000
      0.0000      0.0000      0.0000      0.0000      0.0000      0.0000
      0.0000      0.0000      0.0000      0.0000      0.0000      0.0000
      0.0000      0.0000      0.0000      0.0000      0.0000      0.0000
      0.0000      0.0000      0.0000      0.0000      0.0000      0.0000
      0.0000      0.0000      0.0000      0.0000      0.0000      0.0000
      0.0000      0.0000      0.0000      0.0000      0.0000      0.0000
      0.0000      0.0000      0.0000      0.0000      0.0000      0.0000
      0.0000      0.0000      0.0000      0.0000      0.0000      0.0000
      0.0000      0.0000      0.0000      0.0000      0.0000      0.0000
      0.0000      0.0000      0.0000      0.0000      0.0000      0.0000
      0.0000      0.0000      0.0000      0.0000      0.0000      0.0000
      0.0000      0.0000      0.0000      0.0000      0.0000      0.0000

  USINE N] 2- VOUGLP    2   1           0.0000
      0.0000      0.0000      0.0000      0.0000      0.0000      0.0000
      0.0000      0.0000      0.0000      0.0000      0.0000      0.0000
      0.0000      0.0000      0.0000      0.0000      0.0000      0.0000
      0.0000      0.0000      0.0000      0.0000      0.0000      0.0000
      0.0000      0.0000      0.0000      0.0000      0.0000      0.0000
      0.0000      0.0000      0.0000      0.0000      0.0000      0.0000
      0.0000      0.0000      0.0000      0.0000      0.0000      0.0000
      0.0000      0.0000      0.0000      0.0000      0.0000      0.0000
      0.0000      0.0000      0.0000      0.0000      0.0000      0.0000
      0.0000      0.0000      0.0000      0.0000      0.0000      0.0000
      0.0000      0.0000      0.0000      0.0000      0.0000      0.0000
      0.0000      0.0000      0.0000      0.0000      0.0000      0.0000
      0.0000      0.0000      0.0000      0.0000      0.0000      0.0000
      0.0000      0.0000      0.0000      0.0000      0.0000      0.0000
      0.0000      0.0000      0.0000      0.0000      0.0000      0.0000
      0.0000      0.0000      0.0000      0.0000      0.0000      0.0000

      0.0000      0.0000      0.0000      0.0000      0.0000      0.0000
      0.0000      0.0000      0.0000      0.0000      0.0000      0.0000
      0.0000      0.0000      0.0000      0.0000      0.0000      0.0000
      0.0000      0.0000      0.0000      0.0000      0.0000      0.0000
      0.0000      0.0000      0.0000      0.0000      0.0000      0.0000
      0.0000      0.0000      0.0000      0.0000      0.0000      0.0000
      0.0000      0.0000      0.0000      0.0000      0.0000      0.0000
      0.0000      0.0000      0.0000      0.0000      0.0000      0.0000
      0.0000      0.0000      0.0000      0.0000      0.0000      0.0000
      0.0000      0.0000      0.0000      0.0000      0.0000      0.0000
      0.0000      0.0000      0.0000      0.0000      0.0000      0.0000
      0.0000      0.0000      0.0000      0.0000      0.0000      0.0000
      0.0000      0.0000      0.0000      0.0000      0.0000      0.0000
      0.0000      0.0000      0.0000      0.0000      0.0000      0.0000
      0.0000      0.0000      0.0000      0.0000      0.0000      0.0000
      0.0000      0.0000      0.0000      0.0000      0.0000      0.0000

  USINE N] 3- S.MORH    2   3           0.0000
      0.0000      0.0000      0.0000      0.0000      0.0000      0.0000
      0.0000      0.0000      0.0000      0.0000      0.0000      0.0000
      0.0000      0.0000      0.0000      0.0000      0.0000      0.0000
      0.0000      0.0000      0.0000      0.0000      0.0000      0.0000
      0.0000      0.0000      0.0000      0.0000      0.0000      0.0000
      0.0000      0.0000      0.0000      0.0000      0.0000      0.0000
      0.0000      0.0000      0.0000      0.0000      0.0000      0.0000
      0.0000      0.0000      0.0000      0.0000      0.0000      0.0000
      0.0000      0.0000      0.0000      0.0000      0.0000      0.0000
      0.0000      0.0000      0.0000      0.0000      0.0000      0.0000
      0.0000      0.0000      0.0000      0.0000      0.0000      0.0000
      0.0000      0.0000      0.0000      0.0000      0.0000      0.0000
      0.0000      0.0000      0.0000      0.0000      0.0000      0.0000
      0.0000      0.0000      0.0000      0.0000      0.0000      0.0000
      0.0000      0.0000      0.0000      0.0000      0.0000      0.0000
      0.0000      0.0000      0.0000      0.0000      0.0000      0.0000

      0.0000      0.0000      0.0000      0.0000      0.0000      0.0000
      0.0000      0.0000      0.0000      0.0000      0.0000      0.0000
      0.0000      0.0000      0.0000      0.0000      0.0000      0.0000
      0.0000      0.0000      0.0000      0.0000      0.0000      0.0000
      0.0000      0.0000      0.0000      0.0000      0.0000      0.0000
      0.0000      0.0000      0.0000      0.0000      0.0000      0.0000
      0.0000      0.0000      0.0000      0.0000      0.0000      0.0000
      0.0000      0.0000      0.0000      0.0000      0.0000      0.0000
      0.0000      0.0000      0.0000      0.0000      0.0000      0.0000
      0.0000      0.0000      0.0000      0.0000      0.0000      0.0000
      0.0000      0.0000      0.0000      0.0000      0.0000      0.0000
      0.0000      0.0000      0.0000      0.0000      0.0000      0.0000
      0.0000      0.0000      0.0000      0.0000      0.0000      0.0000
      0.0000      0.0000      0.0000      0.0000      0.0000      0.0000
      0.0000      0.0000      0.0000      0.0000      0.0000      0.0000
      0.0000      0.0000      0.0000      0.0000      0.0000      0.0000

  USINE N] 4- COISEH    3   4        1954.8000
    243.0000    243.0000      0.0000      0.0000      0.0000    122.4000
    122.4000      0.0000      0.0000      0.0000      0.0000      0.0000
      0.0000      0.0000      0.0000      0.0000      0.0000      0.0000
      0.0000      0.0000      0.0000      0.0000    122.4000    122.4000
      0.0000      0.0000      0.0000      0.0000      0.0000      0.0000
      0.0000      0.0000      0.0000      0.0000      0.0000      0.0000
      0.0000      0.0000      0.0000      0.0000      0.0000      0.0000
    122.4000    122.4000      0.0000      0.0000      0.0000      0.0000
      0.0000      0.0000      0.0000      0.0000      0.0000      0.0000
      0.0000      0.0000      0.0000      0.0000      0.0000      0.0000
      0.0000      0.0000      0.0000      0.0000      0.0000      0.0000
      0.0000      0.0000      0.0000      0.0000    122.4000    122.4000
    122.4000      0.0000      0.0000      0.0000      0.0000      0.0000
      0.0000      0.0000    122.4000    122.4000    122.4000      0.0000
      0.0000      0.0000      0.0000      0.0000      0.0000      0.0000
      0.0000      0.0000      0.0000      0.0000      0.0000      0.0000

     11.5000     11.5000      0.0000      0.0000      0.0000      6.0000
      6.0000      0.0000      0.0000      0.0000      0.0000      0.0000
      0.0000      0.0000      0.0000      0.0000      0.0000      0.0000
      0.0000      0.0000      0.0000      0.0000      6.0000      6.0000
      0.0000      0.0000      0.0000      0.0000      0.0000      0.0000
      0.0000      0.0000      0.0000      0.0000      0.0000      0.0000
      0.0000      0.0000      0.0000      0.0000      0.0000      0.0000
      6.0000      6.0000      0.0000      0.0000      0.0000      0.0000
      0.0000      0.0000      0.0000      0.0000      0.0000      0.0000
      0.0000      0.0000      0.0000      0.0000      0.0000      0.0000
      0.0000      0.0000      0.0000      0.0000      0.0000      0.0000
      0.0000      0.0000      0.0000      0.0000      6.0000      6.0000
      6.0000      0.0000      0.0000      0.0000      0.0000      0.0000
      0.0000      0.0000      6.0000      6.0000      6.0000      0.0000
      0.0000      0.0000      0.0000      0.0000      0.0000      0.0000
      0.0000      0.0000      0.0000      0.0000      0.0000      0.0000

  USINE N] 5- MOUX H    5   4         153.6020
      0.0000      0.0000      0.0000      0.0000      0.0000      0.0000
      0.0000      0.0000      0.0000      0.0000      0.0000      0.0000
      0.0000      0.0000      0.0000      0.0000      0.0000      0.0000
      0.0000      0.0000      0.0000      0.0000      0.0000      0.0000
      0.0000      0.0000      0.0000      0.0000      0.0000      0.0000
      0.0000      0.0000      0.0000      0.0000      0.0000      0.0000
      0.0000      0.0000      0.0000      0.0000      0.0000      0.0000
      0.0000      0.0000      0.0000      0.0000      0.0000      0.0000
      0.0000      0.0000      0.0000      0.0000      0.0000      0.0000
      0.0000      0.0000      0.0000      0.0000      0.0000      0.0000
      0.0000      0.0000      0.0000      0.0000      0.0000      0.0000
      0.0000      0.0000      0.0000      0.0000      0.0000      0.0000
      0.0000      0.0000      0.0000      0.0000      0.0000      0.0000
      0.0000      0.0000      0.9736     26.2494     50.5516     25.2758
      0.0000     25.2758     25.2758      0.0000      0.0000      0.0000
      0.0000      0.0000      0.0000      0.0000      0.0000      0.0000

      0.0000      0.0000      0.0000      0.0000      0.0000      0.0000
      0.0000      0.0000      0.0000      0.0000      0.0000      0.0000
      0.0000      0.0000      0.0000      0.0000      0.0000      0.0000
      0.0000      0.0000      0.0000      0.0000      0.0000      0.0000
      0.0000      0.0000      0.0000      0.0000      0.0000      0.0000
      0.0000      0.0000      0.0000      0.0000      0.0000      0.0000
      0.0000      0.0000      0.0000      0.0000      0.0000      0.0000
      0.0000      0.0000      0.0000      0.0000      0.0000      0.0000
      0.0000      0.0000      0.0000      0.0000      0.0000      0.0000
      0.0000      0.0000      0.0000      0.0000      0.0000      0.0000
      0.0000      0.0000      0.0000      0.0000      0.0000      0.0000
      0.0000      0.0000      0.0000      0.0000      0.0000      0.0000
      0.0000      0.0000      0.0000      0.0000      0.0000      0.0000
      0.0000      0.0000      0.0000      0.0000      0.0000      0.0000
      0.0000      0.0000      0.0000      0.0000      0.0000      0.0000
      0.0000      0.0000      0.0000      0.0000      0.0000      0.0000

  USINE N] 6- BOLOZH    4   6        2601.0000
    108.0000      0.0000      0.0000      0.0000    108.0000    108.0000
    108.0000      0.0000      0.0000      0.0000      0.0000      0.0000
      0.0000      0.0000      0.0000      0.0000      0.0000      0.0000
      0.0000      0.0000      0.0000      0.0000    108.0000    108.0000
      0.0000      0.0000      0.0000      0.0000      0.0000      0.0000
      0.0000      0.0000    217.8000    217.8000      0.0000      0.0000
      0.0000      0.0000      0.0000      0.0000      0.0000      0.0000
      0.0000      0.0000      0.0000      0.0000      0.0000    217.8000
    217.8000    108.0000      0.0000      0.0000      0.0000      0.0000
      0.0000      0.0000      0.0000      0.0000      0.0000      0.0000
      0.0000      0.0000      0.0000      0.0000      0.0000      0.0000
      0.0000      0.0000      0.0000      0.0000      0.0000      0.0000
      0.0000      0.0000    108.0000    108.0000    108.0000    108.0000
    108.0000      0.0000      0.0000      0.0000      0.0000    108.0000
    108.0000      0.0000      0.0000      0.0000      0.0000      0.0000
      0.0000      0.0000      0.0000      0.0000      0.0000    217.8000

      3.5000      0.0000      0.0000      0.0000      3.5000      3.5000
      3.5000      0.0000      0.0000      0.0000      0.0000      0.0000
      0.0000      0.0000      0.0000      0.0000      0.0000      0.0000
      0.0000      0.0000      0.0000      0.0000      3.5000      3.5000
      0.0000      0.0000      0.0000      0.0000      0.0000      0.0000
      0.0000      0.0000      7.0000      7.0000      0.0000      0.0000
      0.0000      0.0000      0.0000      0.0000      0.0000      0.0000
      0.0000      0.0000      0.0000      0.0000      0.0000      7.0000
      7.0000      3.5000      0.0000      0.0000      0.0000      0.0000
      0.0000      0.0000      0.0000      0.0000      0.0000      0.0000
      0.0000      0.0000      0.0000      0.0000      0.0000      0.0000
      0.0000      0.0000      0.0000      0.0000      0.0000      0.0000
      0.0000      0.0000      3.5000      3.5000      3.5000      3.5000
      3.5000      0.0000      0.0000      0.0000      0.0000      3.5000
      3.5000      0.0000      0.0000      0.0000      0.0000      0.0000
      0.0000      0.0000      0.0000      0.0000      0.0000      7.0000

  USINE N] 7- ALLEMH    6   7        2546.2800
     22.1400     54.0000     54.0000     99.0000     99.0000     54.0000
     54.0000     22.1400     21.6000     21.6000     21.6000     21.6000
     21.6000     21.6000     21.6000     21.6000     21.6000     21.6000
     21.6000     21.6000     21.6000     21.6000     21.6000     21.6000
     21.6000     21.6000     21.6000     21.6000     21.6000     21.6000
     21.6000     21.6000     21.6000     21.6000     21.6000     21.6000
     21.6000     21.6000     21.6000     21.6000     21.6000     21.6000
     21.6000     21.6000     21.6000     21.6000     21.6000     21.6000
     99.0000     99.0000     54.0000     21.6000     21.6000     21.6000
     21.6000     21.6000     21.6000     21.6000     21.6000     21.6000
     21.6000     21.6000     21.6000     21.6000     21.6000     21.6000
     21.6000     21.6000     21.6000     21.6000     21.6000     21.6000
     21.6000     21.6000     21.6000     21.6000     21.6000     21.6000
     21.6000     21.6000     21.6000     21.6000     21.6000     21.6000
     21.6000     21.6000     21.6000     21.6000     21.6000     21.6000
     21.6000     21.6000     21.6000     21.6000     21.6000     21.6000

      1.0000      2.0000      2.0000      4.0000      4.0000      2.0000
      2.0000      1.0000      0.9756      0.9756      0.9756      0.9756
      0.9756      0.9756      0.9756      0.9756      0.9756      0.9756
      0.9756      0.9756      0.9756      0.9756      0.9756      0.9756
      0.9756      0.9756      0.9756      0.9756      0.9756      0.9756
      0.9756      0.9756      0.9756      0.9756      0.9756      0.9756
      0.9756      0.9756      0.9756      0.9756      0.9756      0.9756
      0.9756      0.9756      0.9756      0.9756      0.9756      0.9756
      4.0000      4.0000      2.0000      0.9756      0.9756      0.9756
      0.9756      0.9756      0.9756      0.9756      0.9756      0.9756
      0.9756      0.9756      0.9756      0.9756      0.9756      0.9756
      0.9756      0.9756      0.9756      0.9756      0.9756      0.9756
      0.9756      0.9756      0.9756      0.9756      0.9756      0.9756
      0.9756      0.9756      0.9756      0.9756      0.9756      0.9756
      0.9756      0.9756      0.9756      0.9756      0.9756      0.9756
      0.9756      0.9756      0.9756      0.9756      0.9756      0.9756

  USINE N] 8- CUSSEH    7   0      104789.5197
    978.3000    978.3000    923.9400    923.9400    923.9400    923.9400
    923.9400    923.9400    923.9400    923.9400    923.9400    923.9400
    923.9400    923.9400    923.9400    923.9400    923.9400    923.9400
    923.9400    955.8000    955.8000   1000.8000   1000.8000    955.8000
    955.8000    923.9400    923.4000    923.4000    923.4000    923.4000
    923.4000    923.4000    923.4000    923.4000    923.4000    923.4000
    923.4000    923.4000    923.4000    923.4000    923.4000    923.4000
    923.4000    923.4000    923.4000    923.4000    923.4000    923.4000
   1247.4000   1247.4000   1247.4000   1247.4000   1247.4000   1247.4000
   1247.4000   1247.4000   1247.4000   1247.4000   1247.4000   1247.4000
   1247.4000   1247.4000   1247.4000   1247.4000   1247.4000   1247.4000
   1324.8000   1324.8000   1279.8000   1247.4000   1247.4000   1247.4000
   1247.4000   1247.4000   1247.4000   1247.4000   1247.4000   1247.4000
   1247.4000   1247.4000   1247.4000   1247.4000   1247.4000   1247.4000
   1247.4000   1247.4000   1247.4000   1247.4000   1247.4000   1247.4000
   1247.4000   1247.4000   1247.4000   1247.4000   1247.4000   1247.4000

     26.0000     26.0000     25.6650     25.6650     25.6650     25.6650
     25.6650     25.6650     25.6650     25.6650     25.6650     25.6650
     25.6650     25.6650     25.6650     25.6650     25.6650     25.6650
     25.6650     26.0000     26.0000     26.0000     26.0000     26.0000
     26.0000     25.6650     25.6500     25.6500     25.6500     25.6500
     25.6500     25.6500     25.6500     25.6500     25.6500     25.6500
     25.6500     25.6500     25.6500     25.6500     25.6500     25.6500
     25.6500     25.6500     25.6500     25.6500     25.6500     25.6500
     26.0000     26.0000     26.0000     26.0000     26.0000     26.0000
     26.0000     26.0000     -0.2341     26.0000     26.0000     26.0000
     26.0000     26.0000     26.0000     26.0000     26.0000     26.0000
     26.0000     26.0000     26.0000     26.0000     26.0000     26.0000
     26.0000     26.0000     26.0000     26.0000     26.0000     26.0000
     26.0000     26.0000     26.0000     26.0000     26.0000     26.0000
     26.0000     26.0000     26.0000     26.0000     26.0000     26.0000
     26.0000     26.0000     26.0000     26.0000     26.0000     26.0000

   DONNEES POUR LA VALLEE N] 8-MONTPEZA DATE: 22/06/10     2 USINE(S)     2 RESERVOIR(S)
  LAC N]58- MTPEZR     0.1000E+04      6.230       -1302.1200
  40180.9800  40180.9800  40180.9800  40180.9800  40180.9800  40180.9800
  40180.9800  40180.9800  40180.9800  40180.9800  40180.9800  40180.9800
  40180.9800  40180.9800  40180.9800  40180.9800  40180.9800  40180.9800
  40167.8400  40154.7000  40154.7000  40154.7000  40131.4800  40108.2600
  40085.0400  40061.8200  40048.6800  40035.5400  40022.4000  39995.7600
  39969.1200  39955.9800  39942.8400  39929.7000  39906.4800  39883.2600
  39870.1200  39856.9800  39843.8400  39830.7000  39804.0600  39777.4200
  39777.4200  39777.4200  39777.4200  39747.1800  39716.9400  39686.7000
  39656.4600  39643.3200  39630.1800  39606.9600  39583.7400  39583.7400
  39583.7400  39583.7400  39583.7400  39583.7400  39583.7400  39583.7400
  39560.5200  39537.3000  39514.0800  39487.4400  39460.8000  39434.1600
  39410.9400  39387.7200  39361.0800  39334.4400  39321.3000  39308.1600
  39295.0200  39264.7800  39234.5400  39204.3000  39177.6600  39164.5200
  39151.3800  39138.2400  39115.0200  39091.8000  39078.6600  39065.5200
  39052.3800  39039.2400  39016.0200  38992.8000  38969.5800  38969.5800
  38969.5800  38939.3400  38909.1000  38878.8600  38878.8600  38878.8600

  LAC N]59- P.D.VR     0.1000E+04      0.000         -11.8800
    390.0000    390.0000    390.0000    390.0000    390.0000    390.0000
    390.0000    390.0000    390.0000    390.0000    390.0000    390.0000
    390.0000    390.0000    390.0000    390.0000    390.0000    390.0000
    390.0000    403.1400    416.2800    416.2800    416.2800    421.5000
    426.7200    431.9400    437.1600    432.3000    427.4400    422.5800
    431.2200    439.8600    435.0000    430.1400    425.2800    430.5000
    435.7200    430.8600    426.0000    421.1400    416.2800    424.9200
    433.5600    415.5600    397.5600    379.5600    391.8000    404.0400
    416.2800    428.5200    423.6600    418.8000    424.0200    429.2400
    411.2400    393.2400    375.2400    357.2400    339.2400    321.2400
    303.2400    308.4600    313.6800    318.9000    327.5400    336.1800
    344.8200    350.0400    355.2600    363.9000    372.5400    367.6800
    362.8200    357.9600    370.2000    382.4400    394.6800    403.3200
    398.4600    393.6000    388.7400    393.9600    399.1800    394.3200
    389.4600    384.6000    379.7400    384.9600    390.1800    395.4000
    377.4000    359.4000    371.6400    383.8800    396.1200    378.1200

  USINE N]72- MTPEZH   58  59        1302.1200
      0.0000      0.0000      0.0000      0.0000      0.0000      0.0000
      0.0000      0.0000      0.0000      0.0000      0.0000      0.0000
      0.0000      0.0000      0.0000      0.0000      0.0000      0.0000
     13.1400     13.1400      0.0000      0.0000     23.2200     23.2200
     23.2200     23.2200     13.1400     13.1400     13.1400     26.6400
     26.6400     13.1400     13.1400     13.1400     23.2200     23.2200
     13.1400     13.1400     13.1400     13.1400     26.6400     26.6400
      0.0000      0.0000      0.0000     30.2400     30.2400     30.2400
     30.2400     13.1400     13.1400     23.2200     23.2200      0.0000
      0.0000      0.0000      0.0000      0.0000      0.0000      0.0000
     23.2200     23.2200     23.2200     26.6400     26.6400     26.6400
     23.2200     23.2200     26.6400     26.6400     13.1400     13.1400
     13.1400     30.2400     30.2400     30.2400     26.6400     13.1400
     13.1400     13.1400     23.2200     23.2200     13.1400     13.1400
     13.1400     13.1400     23.2200     23.2200     23.2200      0.0000
      0.0000     30.2400     30.2400     30.2400      0.0000      0.0000

      0.0000      0.0000      0.0000      0.0000      0.0000      0.0000
      0.0000      0.0000      0.0000      0.0000      0.0000      0.0000
      0.0000      0.0000      0.0000      0.0000      0.0000      0.0000
     20.0000     20.0000      0.0000      0.0000     35.0000     35.0000
     35.0000     35.0000     20.0000     20.0000     20.0000     40.0000
     40.0000     20.0000     20.0000     20.0000     35.0000     35.0000
     20.0000     20.0000     20.0000     20.0000     40.0000     40.0000
      0.0000      0.0000      0.0000     45.0000     45.0000     45.0000
     45.0000     20.0000     20.0000     35.0000     35.0000      0.0000
      0.0000      0.0000      0.0000      0.0000      0.0000      0.0000
     35.0000     35.0000     35.0000     40.0000     40.0000     40.0000
     35.0000     35.0000     40.0000     40.0000     20.0000     20.0000
     20.0000     45.0000     45.0000     45.0000     40.0000     20.0000
     20.0000     20.0000     35.0000     35.0000     20.0000     20.0000
     20.0000     20.0000     35.0000     35.0000     35.0000      0.0000
      0.0000     45.0000     45.0000     45.0000      0.0000      0.0000

  USINE N]73- P.D.VH   59   0        1314.0000
      0.0000      0.0000      0.0000      0.0000      0.0000      0.0000
      0.0000      0.0000      0.0000      0.0000      0.0000      0.0000
      0.0000      0.0000      0.0000      0.0000      0.0000      0.0000
      0.0000      0.0000      0.0000      0.0000      0.0000     18.0000
     18.0000     18.0000     18.0000     18.0000     18.0000     18.0000
     18.0000     18.0000     18.0000     18.0000     18.0000     18.0000
     18.0000     18.0000     18.0000     18.0000     18.0000     18.0000
     18.0000     18.0000     18.0000     18.0000     18.0000     18.0000
     18.0000     18.0000     18.0000     18.0000     18.0000     18.0000
     18.0000     18.0000     18.0000     18.0000     18.0000     18.0000
     18.0000     18.0000     18.0000     18.0000     18.0000     18.0000
     18.0000     18.0000     18.0000     18.0000     18.0000     18.0000
     18.0000     18.0000     18.0000     18.0000     18.0000     18.0000
     18.0000     18.0000     18.0000     18.0000     18.0000     18.0000
     18.0000     18.0000     18.0000     18.0000     18.0000     18.0000
     18.0000     18.0000     18.0000     18.0000     18.0000     18.0000

      0.0000      0.0000      0.0000      0.0000      0.0000      0.0000
      0.0000      0.0000      0.0000      0.0000      0.0000      0.0000
      0.0000      0.0000      0.0000      0.0000      0.0000      0.0000
      0.0000      0.0000      0.0000      0.0000      0.0000      0.0000
      0.0000      0.0000      0.0000      0.0000      0.0000      0.0000
      0.0000      0.0000      0.0000      0.0000      0.0000      0.0000
      0.0000      0.0000      0.0000      0.0000      0.0000      0.0000
      0.0000      0.0000      0.0000      0.0000      0.0000      0.0000
      0.0000      0.0000      0.0000      0.0000      0.0000      0.0000
      0.0000      0.0000      0.0000      0.0000      0.0000      0.0000
      0.0000      0.0000      0.0000      0.0000      0.0000      0.0000
      0.0000      0.0000      0.0000      0.0000      0.0000      0.0000
      0.0000      0.0000      0.0000      0.0000      0.0000      0.0000
      0.0000      0.0000      0.0000      0.0000      0.0000      0.0000
      0.0000      0.0000      0.0000      0.0000      0.0000      0.0000
      0.0000      0.0000      0.0000      0.0000      0.0000      0.0000

   DONNEES POUR LA VALLEE N]10-CHASSEZA DATE: 22/06/10     3 USINE(S)     3 RESERVOIR(S)
  LAC N]61- P.BORR     0.1000E+04      4.790        -705.6000
  31357.0460  31357.0460  31357.0460  31357.0460  31357.0460  31357.0460
  31357.0460  31357.0460  31357.0460  31357.0460  31357.0460  31357.0460
  31357.0460  31357.0460  31357.0460  31357.0460  31357.0460  31357.0460
  31357.0460  31357.0460  31357.0460  31357.0460  31357.0460  31357.0460
  31357.0460  31357.0460  31357.0460  31357.0460  31357.0460  31357.0460
  31357.0460  31357.0460  31357.0460  31357.0460  31357.0460  31357.0460
  31357.0460  31357.0460  31357.0460  31357.0460  31357.0460  31357.0460
  31357.0460  31357.0460  31357.0460  31357.0460  31357.0460  31357.0460
  31335.4460  31313.8460  31313.8460  31313.8460  31313.8460  31313.8460
  31313.8460  31313.8460  31313.8460  31313.8460  31313.8460  31313.8460
  31313.8460  31313.8460  31313.8460  31292.2460  31270.6460  31238.2460
  31205.8460  31173.4460  31151.8460  31130.2460  31063.6460  30997.0460
  30975.4460  30953.8460  30932.2460  30889.0460  30845.8460  30824.2460
  30824.2460  30824.2460  30824.2460  30824.2460  30824.2460  30824.2460
  30824.2460  30824.2460  30824.2460  30824.2460  30802.6460  30781.0460
  30759.4460  30737.8460  30694.6460  30651.4460  30651.4460  30651.4460

  LAC N]62- LAFIGR     0.1000E+04      0.000           0.0000
      0.0000      0.0000      0.0000      0.0000      0.0000      0.0000
      0.0000      0.0000      0.0000      0.0000      0.0000      0.0000
      0.0000      0.0000      0.0000      0.0000      0.0000      0.0000
      0.0000      0.0000      0.0000      0.0000      0.0000      0.0000
      0.0000      0.0000      0.0000      0.0000      0.0000      0.0000
      0.0000      0.0000      0.0000      0.0000      0.0000      0.0000
      0.0000      0.0000      0.0000      0.0000      0.0000      0.0000
      0.0000      0.0000      0.0000      0.0000      0.0000      0.0000
      0.0000      0.0000      0.0000      0.0000      0.0000      0.0000
      0.0000      0.0000      0.0000      0.0000      0.0000      0.0000
      0.0000      0.0000      0.0000      0.0000      0.0000      0.0000
      0.0000      0.0000      0.0000      0.0000      0.0000      0.0000
      0.0000      0.0000      0.0000      0.0000      0.0000      0.0000
      0.0000      0.0000      0.0000      0.0000      0.0000      0.0000
      0.0000      0.0000      0.0000      0.0000      0.0000      0.0000
      0.0000      0.0000      0.0000      0.0000      0.0000      0.0000

  LAC N]63- SALELR     0.1000E+04      0.000          -1.0800
    743.1201    743.8401    744.5601    745.2801    746.0001    746.7201
    747.4401    748.1601    748.8801    749.6001    750.3201    751.0401
    751.7601    752.4801    753.2001    753.9201    754.6401    755.3601
    756.0801    756.8001    757.5201    758.2401    758.9601    759.6801
    760.4001    734.1201    707.8401    681.5601    682.2801    683.0001
    683.7201    684.4401    685.1601    685.8801    686.6001    687.3201
    688.0401    688.7601    689.4801    690.2001    690.9201    691.6401
    692.3601    693.0801    693.8001    694.5201    695.2401    695.9601
    696.6801    719.0001    741.3201    742.0401    742.7601    743.4801
    744.2001    744.9201    745.6401    746.3601    747.0801    747.8001
    721.5201    695.2401    668.9601    642.6801    652.4001    662.1201
    682.6401    688.7601    694.8801    690.2001    685.5201    725.8401
    780.5601    790.2801    800.0001    795.3201    812.2401    843.5601
    853.2801    841.4001    829.5201    817.6401    791.3601    765.0801
    738.8001    726.9201    715.0401    703.1601    676.8801    672.2001
    681.9201    691.6401    701.3601    718.2801    735.2001    708.9201

  USINE N]75- P.BORH   61  62         705.6000
      0.0000      0.0000      0.0000      0.0000      0.0000      0.0000
      0.0000      0.0000      0.0000      0.0000      0.0000      0.0000
      0.0000      0.0000      0.0000      0.0000      0.0000      0.0000
      0.0000      0.0000      0.0000      0.0000      0.0000      0.0000
      0.0000      0.0000      0.0000      0.0000      0.0000      0.0000
      0.0000      0.0000      0.0000      0.0000      0.0000      0.0000
      0.0000      0.0000      0.0000      0.0000      0.0000      0.0000
      0.0000      0.0000      0.0000      0.0000      0.0000      0.0000
     21.6000     21.6000      0.0000      0.0000      0.0000      0.0000
      0.0000      0.0000      0.0000      0.0000      0.0000      0.0000
      0.0000      0.0000      0.0000     21.6000     21.6000     32.4000
     32.4000     32.4000     21.6000     21.6000     66.6000     66.6000
     21.6000     21.6000     21.6000     43.2000     43.2000     21.6000
      0.0000      0.0000      0.0000      0.0000      0.0000      0.0000
      0.0000      0.0000      0.0000      0.0000     21.6000     21.6000
     21.6000     21.6000     43.2000     43.2000      0.0000      0.0000

      0.0000      0.0000      0.0000      0.0000      0.0000      0.0000
      0.0000      0.0000      0.0000      0.0000      0.0000      0.0000
      0.0000      0.0000      0.0000      0.0000      0.0000      0.0000
      0.0000      0.0000      0.0000      0.0000      0.0000      0.0000
      0.0000      0.0000      0.0000      0.0000      0.0000      0.0000
      0.0000      0.0000      0.0000      0.0000      0.0000      0.0000
      0.0000      0.0000      0.0000      0.0000      0.0000      0.0000
      0.0000      0.0000      0.0000      0.0000      0.0000      0.0000
     15.0000     15.0000      0.0000      0.0000      0.0000      0.0000
      0.0000      0.0000      0.0000      0.0000      0.0000      0.0000
      0.0000      0.0000      0.0000     15.0000     15.0000     22.0000
     22.0000     22.0000     15.0000     15.0000     42.0000     42.0000
     15.0000     15.0000     15.0000     29.5000     29.5000     15.0000
      0.0000      0.0000      0.0000      0.0000      0.0000      0.0000
      0.0000      0.0000      0.0000      0.0000     15.0000     15.0000
     15.0000     15.0000     29.5000     29.5000      0.0000      0.0000

  USINE N]76- LAFIGH   62  63         705.6000
      0.0000      0.0000      0.0000      0.0000      0.0000      0.0000
      0.0000      0.0000      0.0000      0.0000      0.0000      0.0000
      0.0000      0.0000      0.0000      0.0000      0.0000      0.0000
      0.0000      0.0000      0.0000      0.0000      0.0000      0.0000
      0.0000      0.0000      0.0000      0.0000      0.0000      0.0000
      0.0000      0.0000      0.0000      0.0000      0.0000      0.0000
      0.0000      0.0000      0.0000      0.0000      0.0000      0.0000
      0.0000      0.0000      0.0000      0.0000      0.0000      0.0000
     21.6000     21.6000      0.0000      0.0000      0.0000      0.0000
      0.0000      0.0000      0.0000      0.0000      0.0000      0.0000
      0.0000      0.0000      0.0000     21.6000     21.6000     32.4000
     32.4000     32.4000     21.6000     21.6000     66.6000     66.6000
     21.6000     21.6000     21.6000     43.2000     43.2000     21.6000
      0.0000      0.0000      0.0000      0.0000      0.0000      0.0000
      0.0000      0.0000      0.0000      0.0000     21.6000     21.6000
     21.6000     21.6000     43.2000     43.2000      0.0000      0.0000

      0.0000      0.0000      0.0000      0.0000      0.0000      0.0000
      0.0000      0.0000      0.0000      0.0000      0.0000      0.0000
      0.0000      0.0000      0.0000      0.0000      0.0000      0.0000
      0.0000      0.0000      0.0000      0.0000      0.0000      0.0000
      0.0000      0.0000      0.0000      0.0000      0.0000      0.0000
      0.0000      0.0000      0.0000      0.0000      0.0000      0.0000
      0.0000      0.0000      0.0000      0.0000      0.0000      0.0000
      0.0000      0.0000      0.0000      0.0000      0.0000      0.0000
      5.1429      5.1429      0.0000      0.0000      0.0000      0.0000
      0.0000      0.0000      0.0000      0.0000      0.0000      0.0000
      0.0000      0.0000      0.0000      5.1429      5.1429      7.7143
      7.7143      7.7143      5.1429      5.1429     14.6667     14.6667
      5.1429      5.1429      5.1429     10.0714     10.0714      5.1429
      0.0000      0.0000      0.0000      0.0000      0.0000      0.0000
      0.0000      0.0000      0.0000      0.0000      5.1429      5.1429
      5.1429      5.1429     10.0714     10.0714      0.0000      0.0000

  USINE N]77- SALELH   63   0         808.2000
      0.0000      0.0000      0.0000      0.0000      0.0000      0.0000
      0.0000      0.0000      0.0000      0.0000      0.0000      0.0000
      0.0000      0.0000      0.0000      0.0000      0.0000      0.0000
      0.0000      0.0000      0.0000      0.0000      0.0000      0.0000
      0.0000     27.0000     27.0000     27.0000      0.0000      0.0000
      0.0000      0.0000      0.0000      0.0000      0.0000      0.0000
      0.0000      0.0000      0.0000      0.0000      0.0000      0.0000
      0.0000      0.0000      0.0000      0.0000      0.0000      0.0000
      0.0000      0.0000      0.0000      0.0000      0.0000      0.0000
      0.0000      0.0000      0.0000      0.0000      0.0000      0.0000
     27.0000     27.0000     27.0000     27.0000     12.6000     12.6000
     12.6000     27.0000     27.0000     27.0000     27.0000     27.0000
     12.6000     12.6000     12.6000     27.0000     27.0000     12.6000
     12.6000     12.6000     12.6000     12.6000     27.0000     27.0000
     27.0000     12.6000     12.6000     12.6000     27.0000     27.0000
     12.6000     12.6000     12.6000     27.0000     27.0000     27.0000

      0.0000      0.0000      0.0000      0.0000      0.0000      0.0000
      0.0000      0.0000      0.0000      0.0000      0.0000      0.0000
      0.0000      0.0000      0.0000      0.0000      0.0000      0.0000
      0.0000      0.0000      0.0000      0.0000      0.0000      0.0000
      0.0000      5.2500      5.2500      5.2500      0.0000      0.0000
      0.0000      0.0000      0.0000      0.0000      0.0000      0.0000
      0.0000      0.0000      0.0000      0.0000      0.0000      0.0000
      0.0000      0.0000      0.0000      0.0000      0.0000      0.0000
      0.0000      0.0000      0.0000      0.0000      0.0000      0.0000
      0.0000      0.0000      0.0000      0.0000      0.0000      0.0000
      5.2500      5.2500      5.2500      5.2500      2.0000      2.0000
      2.0000      5.2500      5.2500      5.2500      5.2500      5.2500
      2.0000      2.0000      2.0000      5.2500      5.2500      2.0000
      2.0000      2.0000      2.0000      2.0000      5.2500      5.2500
      5.2500      2.0000      2.0000      2.0000      5.2500      5.2500
      2.0000      2.0000      2.0000      5.2500      5.2500      5.2500

   DONNEES POUR LA VALLEE N]17-DORDREG  DATE: 22/06/10     2 USINE(S)     2 RESERVOIR(S)
  LAC N]82- AUZERR     0.1000E+04      3.770       -1760.4000
   7534.4490   7515.9090   7515.9090   7515.9090   7515.9090   7515.9090
   7493.4090   7470.9090   7452.3690   7433.8290   7433.8290   7433.8290
   7433.8290   7411.3290   7388.8290   7366.3290   7343.8290   7321.3290
   7298.8290   7276.3290   7253.8290   7231.3290   7208.8290   7186.3290
   7163.8290   7141.3290   7118.8290   7096.3290   7073.8290   7051.3290
   7028.8290   7006.3290   6983.8290   6961.3290   6938.8290   6916.3290
   6893.8290   6871.3290   6848.8290   6826.3290   6803.8290   6781.3290
   6762.7890   6744.2490   6721.7490   6699.2490   6699.2490   6699.2490
   6676.7490   6654.2490   6631.7490   6609.2490   6586.7490   6586.7490
   6586.7490   6586.7490   6586.7490   6586.7490   6586.7490   6586.7490
   6564.2490   6541.7490   6519.2490   6496.7490   6474.2490   6451.7490
   6429.2490   6406.7490   6384.2490   6361.7490   6339.2490   6316.7490
   6294.2490   6271.7490   6249.2490   6226.7490   6204.2490   6181.7490
   6159.2490   6136.7490   6114.2490   6091.7490   6069.2490   6046.7490
   6024.2490   6001.7490   5979.2490   5956.7490   5934.2490   5915.7090
   5897.1690   5878.6290   5860.0890   5837.5890   5815.0890   5792.5890

  LAC N]83- VAUSSR     0.1000E+04      0.000           0.0000
      0.0000      1.0000      1.0000      0.0000      0.0000      1.0000
      0.0000      1.0000      1.0000      0.0000      0.0000      1.0000
      1.0000      0.0000      1.0000      0.0000      1.0000      0.0000
      1.0000      0.0000      1.0000      1.0000      1.0000      0.0000
      1.0000      1.0000      1.0000      0.0000      0.0000      1.0000
      0.0000      1.0000      0.0000      1.0000      1.0000      0.0000
      0.0000      1.0000      0.0000      1.0000      0.0000      0.0000
      1.0000      1.0000      1.0000      0.0000      0.0000      1.0000
      0.0000      1.0000      0.0000      1.0000      0.0000      1.0000
      0.0000      0.0000      1.0000      1.0000      0.0000      1.0000
      0.0000      1.0000      1.0000      0.0000      1.0000      0.0000
      1.0000      1.0000      0.0000      1.0000      1.0000      0.0000
      1.0000      0.0000      1.0000      0.0000      0.0000      1.0000
      0.0000      1.0000      0.0000      1.0000      0.0000      1.0000
      0.0000      1.0000      0.0000      1.0000      0.0000      1.0000
      1.0000      0.0000      1.0000      0.0000      1.0000      0.0000

  USINE N]**- AUZERH   82  83        1760.4000
     18.5400     18.5400      0.0000      0.0000      0.0000      0.0000
     22.5000     22.5000     18.5400     18.5400      0.0000      0.0000
      0.0000     22.5000     22.5000     22.5000     22.5000     22.5000
     22.5000     22.5000     22.5000     22.5000     22.5000     22.5000
     22.5000     22.5000     22.5000     22.5000     22.5000     22.5000
     22.5000     22.5000     22.5000     22.5000     22.5000     22.5000
     22.5000     22.5000     22.5000     22.5000     22.5000     22.5000
     18.5400     18.5400     22.5000     22.5000      0.0000      0.0000
     22.5000     22.5000     22.5000     22.5000     22.5000      0.0000
      0.0000      0.0000      0.0000      0.0000      0.0000      0.0000
     22.5000     22.5000     22.5000     22.5000     22.5000     22.5000
     22.5000     22.5000     22.5000     22.5000     22.5000     22.5000
     22.5000     22.5000     22.5000     22.5000     22.5000     22.5000
     22.5000     22.5000     22.5000     22.5000     22.5000     22.5000
     22.5000     22.5000     22.5000     22.5000     22.5000     18.5400
     18.5400     18.5400     18.5400     22.5000     22.5000     22.5000

     12.5000     12.5000      0.0000      0.0000      0.0000      0.0000
     15.0000     15.0000     12.5000     12.5000      0.0000      0.0000
      0.0000     15.0000     15.0000     15.0000     15.0000     15.0000
     15.0000     15.0000     15.0000     15.0000     15.0000     15.0000
     15.0000     15.0000     15.0000     15.0000     15.0000     15.0000
     15.0000     15.0000     15.0000     15.0000     15.0000     15.0000
     15.0000     15.0000     15.0000     15.0000     15.0000     15.0000
     12.5000     12.5000     15.0000     15.0000      0.0000      0.0000
     15.0000     15.0000     15.0000     15.0000     15.0000      0.0000
      0.0000      0.0000      0.0000      0.0000      0.0000      0.0000
     15.0000     15.0000     15.0000     15.0000     15.0000     15.0000
     15.0000     15.0000     15.0000     15.0000     15.0000     15.0000
     15.0000     15.0000     15.0000     15.0000     15.0000     15.0000
     15.0000     15.0000     15.0000     15.0000     15.0000     15.0000
     15.0000     15.0000     15.0000     15.0000     15.0000     12.5000
     12.5000     12.5000     12.5000     15.0000     15.0000     15.0000

  USINE N]**- B.RHUH   83   0        5130.0000
     47.3400     46.3400     28.8000     29.8000     28.8000     27.8000
     52.3000     50.3000     47.3400     48.3400     28.8000     27.8000
     28.8000     52.3000     50.3000     52.3000     50.3000     52.3000
     50.3000     52.3000     50.3000     51.3000     51.3000     52.3000
     50.3000     51.3000     51.3000     52.3000     51.3000     50.3000
     52.3000     50.3000     52.3000     50.3000     51.3000     52.3000
     51.3000     50.3000     52.3000     50.3000     52.3000     51.3000
     46.3400     47.3400     51.3000     52.3000     28.8000     27.8000
     64.9000     62.9000     64.9000     62.9000     64.9000     40.4000
     42.4000     41.4000     40.4000     41.4000     42.4000     40.4000
     64.9000     62.9000     63.9000     64.9000     62.9000     64.9000
     62.9000     63.9000     64.9000     62.9000     63.9000     64.9000
     62.9000     64.9000     62.9000     64.9000     63.9000     62.9000
     64.9000     62.9000     64.9000     62.9000     64.9000     62.9000
     64.9000     62.9000     64.9000     62.9000     64.9000     58.9400
     59.9400     60.9400     58.9400     64.9000     62.9000     64.9000

      2.2355      2.1883      1.3600      1.4072      1.3600      0.0000
      2.4697      2.3753      2.2355      2.2827      1.3600      1.3128
      1.3600      2.4697      0.0000      2.4697      2.3753      2.4697
      2.3753      2.4697      2.3753      2.4225      2.4225      2.4697
      2.3753      2.4225      2.4225      2.4697      2.4225      2.3753
      2.4697      2.3753      2.4697      0.0000      2.4225      2.4697
      2.4225      2.3753      2.4697      2.3753      2.4697      2.4225
      2.1883      2.2355      2.4225      2.4697      1.3600      1.3128
      3.0647      0.0000      3.0647      2.9703      3.0647      1.9078
      2.0022      1.9550      0.0000      1.9550      2.0022      0.0000
      3.0647      2.9703      3.0175      3.0647      2.9703      3.0647
      2.9703      3.0175      3.0647      2.9703      3.0175      3.0647
      0.0000      3.0647      0.0000      3.0647      3.0175      2.9703
      3.0647      2.9703      3.0647      2.9703      3.0647      2.9703
      3.0647      2.9703      3.0647      0.0000      3.0647      2.7833
      2.8305      2.8777      0.0000      3.0647      0.0000      3.0647

   DONNEES POUR LA VALLEE N]19-NEUVIC   DATE: 22/06/10     1 USINE(S)     1 RESERVOIR(S)
  LAC N]85- N.USSR     0.1000E+04      0.050           0.0000
  18585.9600  18585.9600  18585.9600  18585.9600  18585.9600  18585.9600
  18585.9600  18585.9600  18585.9600  18585.9600  18585.9600  18585.9600
  18585.9600  18585.9600  18585.9600  18585.9600  18585.9600  18585.9600
  18585.9600  18585.9600  18585.9600  18585.9600  18585.9600  18585.9600
  18585.9600  18585.9600  18585.9600  18585.9600  18585.9600  18585.9600
  18585.9600  18585.9600  18585.9600  18585.9600  18585.9600  18585.9600
  18585.9600  18585.9600  18585.9600  18585.9600  18585.9600  18585.9600
  18585.9600  18585.9600  18585.9600  18585.9600  18585.9600  18585.9600
  18585.9600  18585.9600  18585.9600  18585.9600  18585.9600  18585.9600
  18585.9600  18585.9600  18585.9600  18585.9600  18585.9600  18585.9600
  18585.9600  18585.9600  18585.9600  18585.9600  18585.9600  18585.9600
  18585.9600  18585.9600  18585.9600  18585.9600  18585.9600  18585.9600
  18585.9600  18585.9600  18585.9600  18585.9600  18585.9600  18585.9600
  18585.9600  18585.9600  18585.9600  18585.9600  18585.9600  18585.9600
  18585.9600  18585.9600  18585.9600  18585.9600  18585.9600  18585.9600
  18585.9600  18585.9600  18585.9600  18585.9600  18585.9600  18585.9600

  USINE N]**- N.USSH   85   0           0.0000
      0.0000      0.0000      0.0000      0.0000      0.0000      0.0000
      0.0000      0.0000      0.0000      0.0000      0.0000      0.0000
      0.0000      0.0000      0.0000      0.0000      0.0000      0.0000
      0.0000      0.0000      0.0000      0.0000      0.0000      0.0000
      0.0000      0.0000      0.0000      0.0000      0.0000      0.0000
      0.0000      0.0000      0.0000      0.0000      0.0000      0.0000
      0.0000      0.0000      0.0000      0.0000      0.0000      0.0000
      0.0000      0.0000      0.0000      0.0000      0.0000      0.0000
      0.0000      0.0000      0.0000      0.0000      0.0000      0.0000
      0.0000      0.0000      0.0000      0.0000      0.0000      0.0000
      0.0000      0.0000      0.0000      0.0000      0.0000      0.0000
      0.0000      0.0000      0.0000      0.0000      0.0000      0.0000
      0.0000      0.0000      0.0000      0.0000      0.0000      0.0000
      0.0000      0.0000      0.0000      0.0000      0.0000      0.0000
      0.0000      0.0000      0.0000      0.0000      0.0000      0.0000
      0.0000      0.0000      0.0000      0.0000      0.0000      0.0000

      0.0000      0.0000      0.0000      0.0000      0.0000      0.0000
      0.0000      0.0000      0.0000      0.0000      0.0000      0.0000
      0.0000      0.0000      0.0000      0.0000      0.0000      0.0000
      0.0000      0.0000      0.0000      0.0000      0.0000      0.0000
      0.0000      0.0000      0.0000      0.0000      0.0000      0.0000
      0.0000      0.0000      0.0000      0.0000      0.0000      0.0000
      0.0000      0.0000      0.0000      0.0000      0.0000      0.0000
      0.0000      0.0000      0.0000      0.0000      0.0000      0.0000
      0.0000      0.0000      0.0000      0.0000      0.0000      0.0000
      0.0000      0.0000      0.0000      0.0000      0.0000      0.0000
      0.0000      0.0000      0.0000      0.0000      0.0000      0.0000
      0.0000      0.0000      0.0000      0.0000      0.0000      0.0000
      0.0000      0.0000      0.0000      0.0000      0.0000      0.0000
      0.0000      0.0000      0.0000      0.0000      0.0000      0.0000
      0.0000      0.0000      0.0000      0.0000      0.0000      0.0000
      0.0000      0.0000      0.0000      0.0000      0.0000      0.0000

   DONNEES POUR LA VALLEE N]29-ADOUR    DATE: 22/06/10     4 USINE(S)     4 RESERVOIR(S)
  LAC N]**- GREZIR     0.1000E+04      0.320           0.0000
   2234.0113   2234.0113   2234.0113   2234.0113   2234.0113   2234.0113
   2234.0113   2234.0113   2234.0113   2234.0113   2234.0113   2234.0113
   2234.0113   2234.0113   2234.0113   2234.0113   2234.0113   2234.0113
   2234.0113   2234.0113   2234.0113   2234.0113   2234.0113   2234.0113
   2234.0113   2234.0113   2234.0113   2234.0113   2234.0113   2234.0113
   2234.0113   2234.0113   2234.0113   2234.0113   2234.0113   2234.0113
   2234.0113   2234.0113   2234.0113   2234.0113   2234.0113   2234.0113
   2234.0113   2234.0113   2234.0113   2234.0113   2234.0113   2234.0113
   2234.0113   2234.0113   2234.0113   2234.0113   2234.0113   2234.0113
   2234.0113   2234.0113   2234.0113   2234.0113   2234.0113   2234.0113
   2234.0113   2234.0113   2234.0113   2234.0113   2234.0113   2234.0113
   2234.0113   2234.0113   2234.0113   2234.0113   2234.0113   2234.0113
   2234.0113   2234.0113   2234.0113   2234.0113   2234.0113   2234.0113
   2234.0113   2234.0113   2234.0113   2234.0113   2234.0113   2234.0113
   2234.0113   2234.0113   2234.0113   2234.0113   2234.0113   2234.0113
   2234.0113   2234.0113   2234.0113   2234.0113   2234.0113   2234.0113

  LAC N]**- GRIPPR     0.1000E+04      0.000           0.0000
      0.0000      0.0000      0.0000      0.0000      0.0000      0.0000
      0.0000      0.0000      0.0000      0.0000      0.0000      0.0000
      0.0000      0.0000      0.0000      0.0000      0.0000      0.0000
      0.0000      0.0000      0.0000      0.0000      0.0000      0.0000
      0.0000      0.0000      0.0000      0.0000      0.0000      0.0000
      0.0000      0.0000      0.0000      0.0000      0.0000      0.0000
      0.0000      0.0000      0.0000      0.0000      0.0000      0.0000
      0.0000      0.0000      0.0000      0.0000      0.0000      0.0000
      0.0000      0.0000      0.0000      0.0000      0.0000      0.0000
      0.0000      0.0000      0.0000      0.0000      0.0000      0.0000
      0.0000      0.0000      0.0000      0.0000      0.0000      0.0000
      0.0000      0.0000      0.0000      0.0000      0.0000      0.0000
      0.0000      0.0000      0.0000      0.0000      0.0000      0.0000
      0.0000      0.0000      0.0000      0.0000      0.0000      0.0000
      0.0000      0.0000      0.0000      0.0000      0.0000      0.0000
      0.0000      0.0000      0.0000      0.0000      0.0000      0.0000

  LAC N]**- CSTILR     0.1000E+04      0.000         -34.5600
     49.6400     49.2800     48.9200     48.5600     48.2000     47.8400
     47.4800     47.1200     46.7600     46.4000     46.0400     45.6800
     45.3200     44.9600     44.6000     44.2400     43.8800     43.5200
     43.1600     42.8000     42.4400     42.0800     41.7200     41.3600
     41.0000     40.6400     40.2800     39.9200     39.5600     39.2000
     38.8400     38.4800     38.1200     37.7600     37.4000     37.0400
     36.6800     36.3200     35.9600     35.6000     35.2400     34.8800
     34.5200     34.1600     33.8000     33.4400     33.0800     32.7200
     32.3600     32.0000     31.6400     31.2800     30.9200     30.5600
     30.2000     29.8400     29.4800     29.1200     28.7600     28.4000
     28.0400     27.6800     27.3200     26.9600     26.6000     26.2400
     25.8800     25.5200     25.1600     24.8000     24.4400     24.0800
     23.7200     23.3600     23.0000     22.6400     22.2800     21.9200
     21.5600     21.2000     20.8400     20.4800     20.1200     19.7600
     19.4000     19.0400     18.6800     18.3200     17.9600     17.6000
     17.2400     16.8800     16.5200     16.1600     15.8000     15.4400

  LAC N]**- CAMPAR     0.1000E+04      0.000           0.0000
      0.0000      0.0000      0.0000      0.0000      0.0000      0.0000
      0.0000      0.0000      0.0000      0.0000      0.0000      0.0000
      0.0000      0.0000      0.0000      0.0000      0.0000      0.0000
      0.0000      0.0000      0.0000      0.0000      0.0000      0.0000
      0.0000      0.0000      0.0000      0.0000      0.0000      0.0000
      0.0000      0.0000      0.0000      0.0000      0.0000      0.0000
      0.0000      0.0000      0.0000      0.0000      0.0000      0.0000
      0.0000      0.0000      0.0000      0.0000      0.0000      0.0000
      0.0000      0.0000      0.0000      0.0000      0.0000      0.0000
      0.0000      0.0000      0.0000      0.0000      0.0000      0.0000
      0.0000      0.0000      0.0000      0.0000      0.0000      0.0000
      0.0000      0.0000      0.0000      0.0000      0.0000      0.0000
      0.0000      0.0000      0.0000      0.0000      0.0000      0.0000
      0.0000      0.0000      0.0000      0.0000      0.0000      0.0000
      0.0000      0.0000      0.0000      0.0000      0.0000      0.0000
      0.0000      0.0000      0.0000      0.0000      0.0000      0.0000

  USINE N]**- ARTIGH   **  **           0.0000
      0.0000      0.0000      0.0000      0.0000      0.0000      0.0000
      0.0000      0.0000      0.0000      0.0000      0.0000      0.0000
      0.0000      0.0000      0.0000      0.0000      0.0000      0.0000
      0.0000      0.0000      0.0000      0.0000      0.0000      0.0000
      0.0000      0.0000      0.0000      0.0000      0.0000      0.0000
      0.0000      0.0000      0.0000      0.0000      0.0000      0.0000
      0.0000      0.0000      0.0000      0.0000      0.0000      0.0000
      0.0000      0.0000      0.0000      0.0000      0.0000      0.0000
      0.0000      0.0000      0.0000      0.0000      0.0000      0.0000
      0.0000      0.0000      0.0000      0.0000      0.0000      0.0000
      0.0000      0.0000      0.0000      0.0000      0.0000      0.0000
      0.0000      0.0000      0.0000      0.0000      0.0000      0.0000
      0.0000      0.0000      0.0000      0.0000      0.0000      0.0000
      0.0000      0.0000      0.0000      0.0000      0.0000      0.0000
      0.0000      0.0000      0.0000      0.0000      0.0000      0.0000
      0.0000      0.0000      0.0000      0.0000      0.0000      0.0000

      0.0000      0.0000      0.0000      0.0000      0.0000      0.0000
      0.0000      0.0000      0.0000      0.0000      0.0000      0.0000
      0.0000      0.0000      0.0000      0.0000      0.0000      0.0000
      0.0000      0.0000      0.0000      0.0000      0.0000      0.0000
      0.0000      0.0000      0.0000      0.0000      0.0000      0.0000
      0.0000      0.0000      0.0000      0.0000      0.0000      0.0000
      0.0000      0.0000      0.0000      0.0000      0.0000      0.0000
      0.0000      0.0000      0.0000      0.0000      0.0000      0.0000
      0.0000      0.0000      0.0000      0.0000      0.0000      0.0000
      0.0000      0.0000      0.0000      0.0000      0.0000      0.0000
      0.0000      0.0000      0.0000      0.0000      0.0000      0.0000
      0.0000      0.0000      0.0000      0.0000      0.0000      0.0000
      0.0000      0.0000      0.0000      0.0000      0.0000      0.0000
      0.0000      0.0000      0.0000      0.0000      0.0000      0.0000
      0.0000      0.0000      0.0000      0.0000      0.0000      0.0000
      0.0000      0.0000      0.0000      0.0000      0.0000      0.0000

  USINE N]**- ARTI8H   **  **         293.7600
      3.0600      3.0600      3.0600      3.0600      3.0600      3.0600
      3.0600      3.0600      3.0600      3.0600      3.0600      3.0600
      3.0600      3.0600      3.0600      3.0600      3.0600      3.0600
      3.0600      3.0600      3.0600      3.0600      3.0600      3.0600
      3.0600      3.0600      3.0600      3.0600      3.0600      3.0600
      3.0600      3.0600      3.0600      3.0600      3.0600      3.0600
      3.0600      3.0600      3.0600      3.0600      3.0600      3.0600
      3.0600      3.0600      3.0600      3.0600      3.0600      3.0600
      3.0600      3.0600      3.0600      3.0600      3.0600      3.0600
      3.0600      3.0600      3.0600      3.0600      3.0600      3.0600
      3.0600      3.0600      3.0600      3.0600      3.0600      3.0600
      3.0600      3.0600      3.0600      3.0600      3.0600      3.0600
      3.0600      3.0600      3.0600      3.0600      3.0600      3.0600
      3.0600      3.0600      3.0600      3.0600      3.0600      3.0600
      3.0600      3.0600      3.0600      3.0600      3.0600      3.0600
      3.0600      3.0600      3.0600      3.0600      3.0600      3.0600

      2.0000      2.0000      2.0000      2.0000      2.0000      2.0000
      2.0000      2.0000      2.0000      2.0000      2.0000      2.0000
      2.0000      2.0000      2.0000      2.0000      2.0000      2.0000
      2.0000      2.0000      2.0000      2.0000      2.0000      2.0000
      2.0000      2.0000      2.0000      2.0000      2.0000      2.0000
      2.0000      2.0000      2.0000      2.0000      2.0000      2.0000
      2.0000      2.0000      2.0000      2.0000      2.0000      2.0000
      2.0000      2.0000      2.0000      2.0000      2.0000      2.0000
      2.0000      2.0000      2.0000      2.0000      2.0000      2.0000
      2.0000      2.0000      2.0000      2.0000      2.0000      2.0000
      2.0000      2.0000      2.0000      2.0000      2.0000      2.0000
      2.0000      2.0000      2.0000      2.0000      2.0000      2.0000
      2.0000      2.0000      2.0000      2.0000      2.0000      2.0000
      2.0000      2.0000      2.0000      2.0000      2.0000      2.0000
      2.0000      2.0000      2.0000      2.0000      2.0000      2.0000
      2.0000      2.0000      2.0000      2.0000      2.0000      2.0000

  USINE N]**- GRIPPH   **  **         466.5600
      4.8600      4.8600      4.8600      4.8600      4.8600      4.8600
      4.8600      4.8600      4.8600      4.8600      4.8600      4.8600
      4.8600      4.8600      4.8600      4.8600      4.8600      4.8600
      4.8600      4.8600      4.8600      4.8600      4.8600      4.8600
      4.8600      4.8600      4.8600      4.8600      4.8600      4.8600
      4.8600      4.8600      4.8600      4.8600      4.8600      4.8600
      4.8600      4.8600      4.8600      4.8600      4.8600      4.8600
      4.8600      4.8600      4.8600      4.8600      4.8600      4.8600
      4.8600      4.8600      4.8600      4.8600      4.8600      4.8600
      4.8600      4.8600      4.8600      4.8600      4.8600      4.8600
      4.8600      4.8600      4.8600      4.8600      4.8600      4.8600
      4.8600      4.8600      4.8600      4.8600      4.8600      4.8600
      4.8600      4.8600      4.8600      4.8600      4.8600      4.8600
      4.8600      4.8600      4.8600      4.8600      4.8600      4.8600
      4.8600      4.8600      4.8600      4.8600      4.8600      4.8600
      4.8600      4.8600      4.8600      4.8600      4.8600      4.8600

      1.6200      1.6200      1.6200      1.6200      1.6200      0.0000
      1.6200      1.6200      1.6200      1.6200      1.6200      1.6200
      1.6200      1.6200      0.0000      1.6200      1.6200      1.6200
      1.6200      1.6200      1.6200      1.6200      1.6200      1.6200
      1.6200      1.6200      1.6200      1.6200      1.6200      1.6200
      1.6200      1.6200      1.6200      0.0000      1.6200      1.6200
      1.6200      1.6200      1.6200      1.6200      1.6200      1.6200
      1.6200      1.6200      1.6200      1.6200      1.6200      1.6200
      1.6200      0.0000      1.6200      1.6200      1.6200      1.6200
      1.6200      1.6200      0.0000      1.6200      1.6200      0.0000
      1.6200      1.6200      1.6200      1.6200      1.6200      1.6200
      1.6200      1.6200      1.6200      1.6200      1.6200      1.6200
      0.0000      1.6200      0.0000      1.6200      1.6200      1.6200
      1.6200      1.6200      1.6200      1.6200      1.6200      1.6200
      1.6200      1.6200      1.6200      0.0000      1.6200      1.6200
      1.6200      1.6200      0.0000      1.6200      0.0000      1.6200

  USINE N]**- CAMP5H   **   0         725.7600
      7.5600      7.5600      7.5600      7.5600      7.5600      7.5600
      7.5600      7.5600      7.5600      7.5600      7.5600      7.5600
      7.5600      7.5600      7.5600      7.5600      7.5600      7.5600
      7.5600      7.5600      7.5600      7.5600      7.5600      7.5600
      7.5600      7.5600      7.5600      7.5600      7.5600      7.5600
      7.5600      7.5600      7.5600      7.5600      7.5600      7.5600
      7.5600      7.5600      7.5600      7.5600      7.5600      7.5600
      7.5600      7.5600      7.5600      7.5600      7.5600      7.5600
      7.5600      7.5600      7.5600      7.5600      7.5600      7.5600
      7.5600      7.5600      7.5600      7.5600      7.5600      7.5600
      7.5600      7.5600      7.5600      7.5600      7.5600      7.5600
      7.5600      7.5600      7.5600      7.5600      7.5600      7.5600
      7.5600      7.5600      7.5600      7.5600      7.5600      7.5600
      7.5600      7.5600      7.5600      7.5600      7.5600      7.5600
      7.5600      7.5600      7.5600      7.5600      7.5600      7.5600
      7.5600      7.5600      7.5600      7.5600      7.5600      7.5600

      7.5000      7.5000      7.5000      7.5000      7.5000      7.5000
      7.5000      7.5000      7.5000      7.5000      7.5000      7.5000
      7.5000      7.5000      7.5000      7.5000      7.5000      7.5000
      7.5000      7.5000      7.5000      7.5000      7.5000      7.5000
      7.5000      7.5000      7.5000      7.5000      7.5000      7.5000
      7.5000      7.5000      7.5000      7.5000      7.5000      7.5000
      7.5000      7.5000      7.5000      7.5000      7.5000      7.5000
      7.5000      7.5000      7.5000      7.5000      7.5000      7.5000
      7.5000      7.5000      7.5000      7.5000      7.5000      7.5000
      7.5000      7.5000      7.5000      7.5000      7.5000      7.5000
      7.5000      7.5000      7.5000      7.5000      7.5000      7.5000
      7.5000      7.5000      7.5000      7.5000      7.5000      7.5000
      7.5000      7.5000      7.5000      7.5000      7.5000      7.5000
      7.5000      7.5000      7.5000      7.5000      7.5000      7.5000
      7.5000      7.5000      7.5000      7.5000      7.5000      7.5000
      7.5000      7.5000      7.5000      7.5000      7.5000      7.5000

