'CONSO' '22/03/2010' '13:00' 
'23/03/2010' 
'CONSOMMATION' 
 5.92974000E+04 
 5.54047000E+04  5.41798000E+04  5.37349000E+04  5.39819000E+04  5.32874000E+04  5.20814000E+04 
 5.23304000E+04  5.17734000E+04  5.17354000E+04  5.23224000E+04  5.31933000E+04  5.49100000E+04 
 5.79770000E+04  5.96530000E+04  6.09140000E+04  6.19679000E+04  6.32619000E+04  6.31829000E+04 
 6.33727000E+04  6.27842000E+04  6.27202000E+04  6.21317000E+04  6.27056000E+04  6.25631000E+04 
 6.23501000E+04  6.27498000E+04  6.22548000E+04  6.21588000E+04  6.14958000E+04  6.01968000E+04 
 5.96068000E+04  5.88368000E+04  5.87318000E+04  5.81413000E+04  5.96820000E+04  6.02405000E+04 
 6.19782000E+04  6.48512000E+04  6.66112000E+04  6.64362000E+04  6.48722000E+04  6.27112000E+04 
 5.97828000E+04  5.85088000E+04  5.78535000E+04  5.93365000E+04  5.69715000E+04  5.69105000E+04 
 5.71979000E+04  5.59186000E+04  5.50646000E+04  5.52586000E+04  5.54166000E+04  5.41949000E+04 
 5.36265000E+04  5.31235000E+04  5.28069000E+04  5.33294000E+04  5.40134000E+04  5.60050000E+04 
 5.79715000E+04  5.95865000E+04  6.18774000E+04  6.32665000E+04  6.50534000E+04  6.53184000E+04 
 6.53624000E+04  6.46768000E+04  6.46988000E+04  6.39948000E+04  6.42528000E+04  6.41736000E+04 
 6.36916000E+04  6.41456000E+04  6.28585000E+04  6.25437000E+04  6.16766000E+04  6.02598000E+04 
 5.96608000E+04  5.91138000E+04  6.02948000E+04  5.98851000E+04  5.94111000E+04  5.99512460E+04 
 6.15039856E+04  6.39419800E+04  6.46890800E+04  6.42830800E+04  6.33496000E+04  6.15482000E+04 
 5.87162000E+04  5.73399000E+04  5.72819000E+04  5.85646000E+04  5.69026000E+04  5.63736000E+04 
'PRIMAIRE' 
 5.28144541E+02 
 5.92689726E+02  5.92689726E+02  6.04919646E+02  6.02669646E+02  6.03784514E+02  6.03784514E+02 
 6.03784514E+02  6.06034514E+02  6.06034514E+02  6.06034514E+02  6.04919646E+02  6.01819646E+02 
 5.96040669E+02  5.97155599E+02  5.96040669E+02  5.97155599E+02  5.74891255E+02  5.74891255E+02 
 5.74662644E+02  5.74662644E+02  5.74662644E+02  5.74662644E+02  5.74662644E+02  5.75212644E+02 
 5.75212644E+02  5.75212644E+02  5.74391255E+02  5.74326387E+02  5.85441255E+02  5.85441255E+02 
 5.85441255E+02  5.84326387E+02  6.14926363E+02  6.14926363E+02  6.11011495E+02  6.10461495E+02 
 5.79861458E+02  5.81797776E+02  5.80682846E+02  5.80682846E+02  5.80682846E+02  5.49861458E+02 
 5.49861458E+02  5.49861458E+02  5.62125679E+02  5.62190639E+02  5.65555599E+02  5.64440670E+02 
 5.87439726E+02  5.88489726E+02  6.00719646E+02  6.00719646E+02  6.01834514E+02  6.05184514E+02 
 6.05184514E+02  6.05184514E+02  6.02934514E+02  6.02934514E+02  6.01819646E+02  6.04069646E+02 
 5.98290669E+02  5.97155599E+02  5.94940669E+02  5.96055599E+02  5.73791255E+02  5.73791255E+02 
 5.74612644E+02  5.74612644E+02  5.74612644E+02  5.74612644E+02  5.74612644E+02  5.74612644E+02 
 5.74612644E+02  5.74612644E+02  5.73791255E+02  5.72676387E+02  5.83791255E+02  5.83791255E+02 
 5.83791255E+02  5.82676387E+02  6.12226363E+02  6.13326363E+02  6.12211495E+02  6.12211495E+02 
 5.81611458E+02  5.83547776E+02  5.82432846E+02  5.83482846E+02  5.83482846E+02  5.52661458E+02 
 5.52661458E+02  5.52661458E+02  5.67175679E+02  5.68290639E+02  5.69405599E+02  5.68290669E+02 
'TELEREGLAGE' 
 7.19000000E+02 
 6.57000000E+02  6.57000000E+02  6.77000000E+02  6.77000000E+02  6.77000000E+02  6.77000000E+02 
 6.77000000E+02  6.77000000E+02  6.77000000E+02  6.77000000E+02  6.32000000E+02  6.83000000E+02 
 7.14000000E+02  7.36859985E+02  7.36859985E+02  7.37880005E+02  7.37880005E+02  7.37880005E+02 
 7.37880005E+02  7.37880005E+02  7.37880005E+02  7.37880005E+02  7.36859985E+02  7.36859985E+02 
 7.36859985E+02  6.86880005E+02  6.86880005E+02  6.86880005E+02  6.86880005E+02  6.86880005E+02 
 6.85859985E+02  6.85859985E+02  6.85859985E+02  6.85859985E+02  6.85859985E+02  7.36859985E+02 
 7.36859985E+02  7.36859985E+02  7.37880005E+02  7.37880005E+02  7.44000000E+02  7.14000000E+02 
 7.14000000E+02  7.14000000E+02  7.14000000E+02  7.65000000E+02  7.65000000E+02  6.63000000E+02 
 6.57000000E+02  6.57000000E+02  6.77000000E+02  6.77000000E+02  6.77000000E+02  6.77000000E+02 
 6.77000000E+02  6.77000000E+02  6.77000000E+02  6.77000000E+02  6.32000000E+02  6.83000000E+02 
 7.14000000E+02  7.36859985E+02  7.36859985E+02  7.37880005E+02  7.37880005E+02  7.37880005E+02 
 7.37880005E+02  7.37880005E+02  7.37880005E+02  7.37880005E+02  7.36859985E+02  7.36859985E+02 
 7.36859985E+02  6.86880005E+02  6.86880005E+02  6.86880005E+02  6.86880005E+02  6.86880005E+02 
 6.85859985E+02  6.85859985E+02  6.85859985E+02  6.85859985E+02  6.85859985E+02  7.36859985E+02 
 7.36859985E+02  7.36859985E+02  7.37880005E+02  7.37880005E+02  7.44000000E+02  7.14000000E+02 
 7.14000000E+02  7.14000000E+02  7.14000000E+02  7.65000000E+02  7.65000000E+02  6.63000000E+02 
'RESERVE' 
 0.00000000E+00 
 0.00000000E+00  0.00000000E+00  0.00000000E+00  0.00000000E+00  0.00000000E+00  0.00000000E+00 
 0.00000000E+00  0.00000000E+00  0.00000000E+00  0.00000000E+00  0.00000000E+00  0.00000000E+00 
 0.00000000E+00  0.00000000E+00  0.00000000E+00  0.00000000E+00  0.00000000E+00  0.00000000E+00 
 0.00000000E+00  0.00000000E+00  0.00000000E+00  0.00000000E+00  0.00000000E+00  0.00000000E+00 
 0.00000000E+00  0.00000000E+00  0.00000000E+00  0.00000000E+00  0.00000000E+00  0.00000000E+00 
 0.00000000E+00  0.00000000E+00  0.00000000E+00  0.00000000E+00  0.00000000E+00  0.00000000E+00 
 0.00000000E+00  0.00000000E+00  0.00000000E+00  0.00000000E+00  0.00000000E+00  0.00000000E+00 
 0.00000000E+00  0.00000000E+00  0.00000000E+00  0.00000000E+00  0.00000000E+00  0.00000000E+00 
 0.00000000E+00  0.00000000E+00  0.00000000E+00  0.00000000E+00  0.00000000E+00  0.00000000E+00 
 0.00000000E+00  0.00000000E+00  0.00000000E+00  0.00000000E+00  0.00000000E+00  0.00000000E+00 
 0.00000000E+00  0.00000000E+00  0.00000000E+00  0.00000000E+00  0.00000000E+00  0.00000000E+00 
 0.00000000E+00  0.00000000E+00  0.00000000E+00  0.00000000E+00  0.00000000E+00  0.00000000E+00 
 0.00000000E+00  0.00000000E+00  0.00000000E+00  0.00000000E+00  0.00000000E+00  0.00000000E+00 
 0.00000000E+00  0.00000000E+00  0.00000000E+00  0.00000000E+00  0.00000000E+00  0.00000000E+00 
 0.00000000E+00  0.00000000E+00  0.00000000E+00  0.00000000E+00  0.00000000E+00  0.00000000E+00 
 0.00000000E+00  0.00000000E+00  0.00000000E+00  0.00000000E+00  0.00000000E+00  0.00000000E+00 
'COUT_MAR_CONSO' 
 3.87863007E+01 
 3.15566998E+01  3.08029003E+01  2.63654003E+01  2.95886002E+01  3.15998993E+01  2.03507004E+01 
 2.95883007E+01  1.11309004E+01  2.13981991E+01  2.61000996E+01  2.85704994E+01  3.11949005E+01 
 3.51904984E+01  4.01484985E+01  4.32649994E+01  4.47215004E+01  4.84401016E+01  4.75447006E+01 
 5.05681000E+01  4.80731010E+01  4.65121002E+01  4.54369011E+01  4.55814018E+01  4.50108986E+01 
 4.34062996E+01  4.59781990E+01  4.59715996E+01  4.63804016E+01  4.28521996E+01  3.88940010E+01 
 3.91088982E+01  3.74603004E+01  3.84625015E+01  3.67739983E+01  4.00228004E+01  3.84044991E+01 
 4.16251984E+01  4.92291985E+01  4.99562988E+01  5.02480011E+01  4.92266998E+01  4.49291000E+01 
 3.58779984E+01  3.41458015E+01  3.33512993E+01  3.53655014E+01  3.05321007E+01  3.08292999E+01 
 3.44776001E+01  3.02017994E+01  3.08843994E+01  3.13785000E+01  3.38484993E+01  2.94001999E+01 
 2.69101009E+01 -3.12024002E+01  2.24920006E+01  3.40796013E+01  2.44634991E+01  2.82959995E+01 
 3.31184998E+01  3.54491005E+01  4.10643997E+01  4.34037018E+01  4.63785019E+01  4.94438019E+01 
 4.71661987E+01  4.64062996E+01  4.63919983E+01  4.31819992E+01  4.57425003E+01  4.45857010E+01 
 4.11651993E+01  4.41290016E+01  4.05685005E+01  4.29453011E+01  3.95287018E+01  3.61665993E+01 
 3.66558990E+01  3.40477982E+01  3.59785995E+01  3.44389000E+01  3.44655991E+01  3.57098007E+01 
 3.91268997E+01  4.71809998E+01  4.82635002E+01  4.77449989E+01  4.67234001E+01  4.10709000E+01 
 3.44355011E+01  3.17749004E+01  3.11268005E+01  3.25200005E+01  3.09797001E+01  2.99661999E+01 
'COUT_MAR_RESER' 
 0.00000000E+00 
 0.00000000E+00  0.00000000E+00  0.00000000E+00  0.00000000E+00  0.00000000E+00  0.00000000E+00 
 0.00000000E+00  0.00000000E+00  0.00000000E+00  0.00000000E+00  0.00000000E+00  0.00000000E+00 
 0.00000000E+00  0.00000000E+00  0.00000000E+00  0.00000000E+00  0.00000000E+00  0.00000000E+00 
 0.00000000E+00  0.00000000E+00  0.00000000E+00  0.00000000E+00  0.00000000E+00  0.00000000E+00 
 0.00000000E+00  0.00000000E+00  0.00000000E+00  0.00000000E+00  0.00000000E+00  0.00000000E+00 
 0.00000000E+00  0.00000000E+00  0.00000000E+00  0.00000000E+00  0.00000000E+00  0.00000000E+00 
 0.00000000E+00  0.00000000E+00  0.00000000E+00  0.00000000E+00  0.00000000E+00  0.00000000E+00 
 0.00000000E+00  0.00000000E+00  0.00000000E+00  0.00000000E+00  0.00000000E+00  0.00000000E+00 
 0.00000000E+00  0.00000000E+00  0.00000000E+00  0.00000000E+00  0.00000000E+00  0.00000000E+00 
 0.00000000E+00  0.00000000E+00  0.00000000E+00  0.00000000E+00  0.00000000E+00  0.00000000E+00 
 0.00000000E+00  0.00000000E+00  0.00000000E+00  0.00000000E+00  0.00000000E+00  0.00000000E+00 
 0.00000000E+00  0.00000000E+00  0.00000000E+00  0.00000000E+00  0.00000000E+00  0.00000000E+00 
 0.00000000E+00  0.00000000E+00  0.00000000E+00  0.00000000E+00  0.00000000E+00  0.00000000E+00 
 0.00000000E+00  0.00000000E+00  0.00000000E+00  0.00000000E+00  0.00000000E+00  0.00000000E+00 
 0.00000000E+00  0.00000000E+00  0.00000000E+00  0.00000000E+00  0.00000000E+00  0.00000000E+00 
 0.00000000E+00  0.00000000E+00  0.00000000E+00  0.00000000E+00  0.00000000E+00  0.00000000E+00 
'COUT_MAR_PRIMAIRE' 
 2.71774998E+01 
 1.59143000E+01  1.68409996E+01  1.92215996E+01  1.82162991E+01  1.30865002E+01  1.75561008E+01 
 1.66018009E+01  2.11042995E+01  1.98540001E+01  2.22000999E+01  2.11238995E+01  1.57862997E+01 
 2.69650993E+01  3.44455986E+01  2.78404007E+01  2.57035999E+01  1.80170002E+01  1.88803997E+01 
 7.37459993E+00  1.91371994E+01  2.13834991E+01  3.39019012E+01  2.95706997E+01  3.12269993E+01 
 2.86228008E+01  2.78980999E+01  2.19251003E+01  2.26109009E+01  3.13323994E+01  3.97470016E+01 
 4.41200981E+01  4.22150002E+01  4.66086998E+01  5.14494019E+01  4.39449005E+01  4.14928017E+01 
 2.55660992E+01  3.52060008E+00  2.73650002E+00  4.10780001E+00  1.13177004E+01  2.63841991E+01 
 2.52660999E+01  2.23402996E+01  2.76446991E+01  1.69013004E+01  2.74409008E+01  1.94923000E+01 
 1.60816002E+01  2.08652000E+01  2.25149002E+01  2.41690006E+01  1.99258995E+01  2.60291004E+01 
 3.41967010E+01  5.02234001E+01  3.29930000E+01  2.80228004E+01  2.52621002E+01  5.46575012E+01 
 4.18465004E+01  4.60864983E+01  3.72592010E+01  3.68241997E+01  2.15559006E+01  1.72758999E+01 
 1.49674997E+01  2.19766006E+01  2.19647999E+01  3.29850998E+01  2.74009991E+01  2.80771999E+01 
 4.15238991E+01  3.46495018E+01  2.80189991E+01  2.57250004E+01  3.61139984E+01  4.34109993E+01 
 4.31968994E+01  3.98321991E+01  4.43516006E+01  4.38209000E+01  4.54156990E+01  4.08904991E+01 
 2.78768997E+01  2.05328999E+01  5.60599995E+00  9.75080013E+00  2.65380001E+01  2.30841007E+01 
 3.29522018E+01  3.09417000E+01  4.06413002E+01  3.26831017E+01  3.47751007E+01  3.88255997E+01 
'COUT_MAR_TELER' 
 2.36107006E+01 
 1.55403996E+01  1.70751991E+01  2.08262005E+01  1.82350998E+01  1.78617001E+01  2.33532009E+01 
 1.89937000E+01  2.89424000E+01  2.89424000E+01  2.00480995E+01  2.45594006E+01  2.30039997E+01 
 2.82108994E+01  2.68553009E+01  2.69057007E+01  2.26278000E+01  1.25910997E+01  1.29469995E+01 
 2.26640010E+00  1.39284000E+01  1.37707996E+01  2.65004005E+01  2.08747997E+01  2.12322006E+01 
 2.14204006E+01  1.38648005E+01  9.12510014E+00  1.11770000E+01  2.70883007E+01  3.80690002E+01 
 4.46706009E+01  4.70517006E+01  4.13932991E+01  4.81441994E+01  3.31006012E+01  3.97369995E+01 
 3.11109009E+01  6.45749998E+00  3.28250003E+00  2.26069999E+00  1.45974998E+01  2.59214993E+01 
 3.08728008E+01  3.33126984E+01  2.86875000E+01  3.67509003E+01  4.79985008E+01  2.98644009E+01 
 1.66910992E+01  2.11026993E+01  2.03691006E+01  2.41420994E+01  1.80349007E+01  2.25450993E+01 
 3.66006012E+01  1.16395401E+02  4.00840988E+01  3.61370010E+01  2.50205002E+01  3.94553986E+01 
 4.40056992E+01  4.01935997E+01  3.04701004E+01  2.90212002E+01  1.58313999E+01  1.46744003E+01 
 1.32467003E+01  1.61294994E+01  1.82283001E+01  2.48609009E+01  2.13988991E+01  1.69057999E+01 
 3.28196983E+01  1.64969006E+01  3.46241989E+01  2.89976006E+01  3.14641991E+01  4.54339981E+01 
 4.56519012E+01  4.68750000E+01  3.46983986E+01  3.70600014E+01  3.91292992E+01  4.58142014E+01 
 3.31804008E+01  1.50829000E+01  8.39210033E+00  4.05779982E+00  1.90142002E+01  3.32089005E+01 
 3.41473999E+01  3.56492004E+01  3.79865990E+01  3.70157013E+01  4.31557999E+01  2.69214001E+01 
'FIN' 
