'GROUPES' '22/03/2010' '13:00' 
'BLAYAT 1' 
'N'  2.50000000E+01 'BLAY001' 2 2  4.32500000E+02  5.00000000E+01  5.00000000E+01  5.00000000E+01  1.80000000E+01  1.80000000E+01  1.80000000E+01 
 0.00000000E+00  8.10000038E+00  0.00000000E+00 
'L'  0.00000000E+00  0.00000000E+00  6.00000000E+01  0.00000000E+00 
 3.00000000E+01  3.00000000E+01 1440 1440 120 
5 
 2.00000000E+02  4.50000000E+02  6.00000000E+02  7.50000000E+02  9.25000000E+02 
'BLAYAT 2' 
'N'  2.50000000E+01 'BLAY002' 2 2  4.49000000E+02  5.00000000E+01  5.00000000E+01  5.00000000E+01  1.80000000E+01  1.80000000E+01  1.80000000E+01 
 0.00000000E+00  7.09999800E+00  0.00000000E+00 
'L'  0.00000000E+00  0.00000000E+00  6.00000000E+01  0.00000000E+00 
 2.00000000E+00  3.00000000E+01 1440 1440 120 
5 
 2.00000000E+02  4.50000000E+02  6.00000000E+02  7.50000000E+02  9.58000000E+02 
'BLAYAT 3' 
'N'  2.50000000E+01 'BLAY003' 2 2  4.43500000E+02  1.00000000E-06  1.00000000E-06  1.00000000E-06  1.80000000E+01  1.80000000E+01  1.80000000E+01 
 0.00000000E+00  7.09999800E+00  0.00000000E+00 
'L'  0.00000000E+00  0.00000000E+00  6.00000000E+01  0.00000000E+00 
 1.50000000E+01  3.00000000E+01 1440 1440 120 
5 
 2.30000000E+02  4.50000000E+02  6.00000000E+02  7.50000000E+02  9.47000000E+02 
'BLAYAT 4' 
'N'  2.50000000E+01 'BLAY004' 2 2  4.28500000E+02  5.00000000E+01  5.00000000E+01  5.00000000E+01  1.80000000E+01  1.80000000E+01  1.80000000E+01 
 0.00000000E+00  7.09999800E+00  0.00000000E+00 
'L'  0.00000000E+00  0.00000000E+00  6.00000000E+01  0.00000000E+00 
 2.00000000E+00  3.00000000E+01 1440 1440 120 
5 
 1.90000000E+02  4.50000000E+02  6.00000000E+02  7.50000000E+02  9.17000000E+02 
'BUGEYT 2' 
'N'  2.50000000E+01 'BUGE005' 2 2  4.25500000E+02  3.50000000E+01  3.50000000E+01  3.50000000E+01  1.80000000E+01  1.80000000E+01  1.80000000E+01 
 0.00000000E+00  7.09999800E+00  0.00000000E+00 
'L'  0.00000000E+00  0.00000000E+00  6.00000000E+01  0.00000000E+00 
 3.00000000E+01  3.00000000E+01 1440 1440 120 
5 
 2.20000000E+02  4.50000000E+02  6.00000000E+02  7.50000000E+02  9.11000000E+02 
'BUGEYT 3' 
'N'  2.50000000E+01 'BUGE006' 2 2  4.24500000E+02  3.50000000E+01  3.50000000E+01  3.50000000E+01  1.80000000E+01  1.80000000E+01  1.80000000E+01 
 0.00000000E+00  7.09999800E+00  0.00000000E+00 
'L'  0.00000000E+00  0.00000000E+00  6.00000000E+01  0.00000000E+00 
 3.00000000E+01  3.00000000E+01 1440 1440 120 
5 
 2.20000000E+02  4.50000000E+02  6.00000000E+02  7.50000000E+02  9.09000000E+02 
'BUGEYT 4' 
'N'  2.50000000E+01 'BUGE007' 2 2  4.11000000E+02  3.50000000E+01  3.50000000E+01  3.50000000E+01  1.80000000E+01  1.80000000E+01  1.80000000E+01 
 0.00000000E+00  8.41000175E+00  0.00000000E+00 
'L'  0.00000000E+00  0.00000000E+00  6.00000000E+01  0.00000000E+00 
 5.00000000E+00  1.50000000E+01 1440 1440 120 
5 
 2.10000000E+02  4.50000000E+02  6.00000000E+02  7.50000000E+02  8.90000000E+02 
'BUGEYT 5' 
'N'  2.50000000E+01 'BUGE008' 2 2  4.09000000E+02  3.50000000E+01  3.50000000E+01  3.50000000E+01  1.80000000E+01  1.80000000E+01  1.80000000E+01 
 0.00000000E+00  1.05000000E+01  0.00000000E+00 
'L'  0.00000000E+00  0.00000000E+00  6.00000000E+01  0.00000000E+00 
 7.00000000E+00  3.00000000E+01 1440 1440 120 
5 
 2.10000000E+02  4.50000000E+02  6.00000000E+02  7.50000000E+02  8.78000000E+02 
'BVIL7T 1' 
'N'  2.50000000E+01 'BVIL009' 2 2  0.00000000E+00  7.00000000E+01  7.00000000E+01  7.00000000E+01  2.70000000E+01  2.70000000E+01  2.70000000E+01 
 0.00000000E+00  7.09999800E+00  0.00000000E+00 
'L'  0.00000000E+00  0.00000000E+00  6.00000000E+01  0.00000000E+00 
 4.00000000E+01  4.00000000E+01 1440 1440 120 
6 
 2.60000000E+02  4.50000000E+02  6.00000000E+02  8.00000000E+02  1.00000000E+03  1.31400000E+03 
'BVIL7T 2' 
'N'  2.50000000E+01 'BVIL010' 2 2  0.00000000E+00  7.00000000E+01  7.00000000E+01  7.00000000E+01  2.70000000E+01  2.70000000E+01  2.70000000E+01 
 0.00000000E+00  7.09999800E+00  0.00000000E+00 
'L'  0.00000000E+00  0.00000000E+00  6.00000000E+01  0.00000000E+00 
 4.00000000E+01  4.00000000E+01 1440 1440 120 
6 
 2.60000000E+02  4.50000000E+02  6.00000000E+02  8.00000000E+02  1.00000000E+03  1.31600000E+03 
'CATTET 1' 
'N'  2.50000000E+01 'CATT011' 2 2  0.00000000E+00  7.00000000E+01  7.00000000E+01  7.00000000E+01  2.70000000E+01  2.70000000E+01  2.70000000E+01 
 0.00000000E+00  7.39000225E+00  0.00000000E+00 
'L'  0.00000000E+00  0.00000000E+00  6.00000000E+01  0.00000000E+00 
 2.50000000E+01  2.50000000E+01 1440 1440 120 
2 
 5.86000000E+02  6.40000000E+02 
'CATTET 2' 
'N'  2.50000000E+01 'CATT012' 2 2  0.00000000E+00  7.00000000E+01  7.00000000E+01  7.00000000E+01  2.70000000E+01  2.70000000E+01  2.70000000E+01 
 0.00000000E+00  3.04999924E+01  0.00000000E+00 
'L'  0.00000000E+00  0.00000000E+00  6.00000000E+01  0.00000000E+00 
 4.00000000E+01  4.00000000E+01 1440 1440 120 
7 
 2.60000000E+02  4.50000000E+02  6.00000000E+02  8.00000000E+02  1.00000000E+03  1.09000000E+03  1.30600000E+03 
'CATTET 3' 
'N'  2.50000000E+01 'CATT013' 2 2  0.00000000E+00  7.00000000E+01  7.00000000E+01  7.00000000E+01  2.70000000E+01  2.70000000E+01  2.70000000E+01 
 0.00000000E+00  8.63999939E+00  0.00000000E+00 
'L'  0.00000000E+00  0.00000000E+00  6.00000000E+01  0.00000000E+00 
 4.00000000E+01  4.00000000E+01 1440 1440 120 
6 
 3.50000000E+02  4.50000000E+02  6.00000000E+02  8.00000000E+02  1.00000000E+03  1.29500000E+03 
'CATTET 4' 
'N'  2.50000000E+01 'CATT014' 2 2  0.00000000E+00  7.00000000E+01  7.00000000E+01  7.00000000E+01  2.70000000E+01  2.70000000E+01  2.70000000E+01 
 0.00000000E+00  7.09999800E+00  0.00000000E+00 
'L'  0.00000000E+00  0.00000000E+00  6.00000000E+01  0.00000000E+00 
 4.00000000E+01  4.00000000E+01 1440 1440 120 
6 
 3.50000000E+02  4.50000000E+02  6.00000000E+02  8.00000000E+02  1.00000000E+03  1.28500000E+03 
'CHIN2T 1' 
'N'  2.50000000E+01 'CHIN015' 2 2  4.15000000E+02  5.00000000E+01  5.00000000E+01  5.00000000E+01  1.80000000E+01  1.80000000E+01  1.80000000E+01 
 0.00000000E+00  7.09999800E+00  0.00000000E+00 
'L'  0.00000000E+00  0.00000000E+00  6.00000000E+01  0.00000000E+00 
 3.00000000E+01  3.00000000E+01 1440 1440 120 
5 
 1.76000000E+02  4.50000000E+02  6.00000000E+02  7.50000000E+02  8.90000000E+02 
'CHIN2T 2' 
'N'  2.50000000E+01 'CHIN016' 2 2  4.22500000E+02  5.00000000E+01  5.00000000E+01  5.00000000E+01  1.80000000E+01  1.80000000E+01  1.80000000E+01 
 0.00000000E+00  7.09999800E+00  0.00000000E+00 
'L'  0.00000000E+00  0.00000000E+00  6.00000000E+01  0.00000000E+00 
 3.00000000E+01  3.00000000E+01 1440 1440 120 
5 
 1.76000000E+02  4.50000000E+02  6.00000000E+02  7.87000000E+02  9.05000000E+02 
'CHIN2T 3' 
'N'  2.50000000E+01 'CHIN017' 2 2  4.25000000E+02  5.00000000E+01  1.00000000E+01  5.00000000E+01  1.80000000E+01  1.80000000E+01  1.80000000E+01 
 0.00000000E+00  7.09999800E+00  0.00000000E+00 
'L'  0.00000000E+00  0.00000000E+00  6.00000000E+01  0.00000000E+00 
 3.00000000E+01  3.00000000E+01 1440 1440 120 
5 
 1.76000000E+02  4.50000000E+02  6.00000000E+02  7.50000000E+02  9.10000000E+02 
'CHIN2T 4' 
'N'  2.50000000E+01 'CHIN018' 2 2  4.18500000E+02  5.00000000E+01  5.00000000E+01  5.00000000E+01  1.80000000E+01  1.80000000E+01  1.80000000E+01 
 0.00000000E+00  7.09999800E+00  0.00000000E+00 
'L'  0.00000000E+00  0.00000000E+00  6.00000000E+01  0.00000000E+00 
 2.00000000E+00  3.00000000E+01 1440 1440 120 
5 
 1.76000000E+02  4.50000000E+02  6.00000000E+02  7.50000000E+02  8.97000000E+02 
'CHOO2T 1' 
'N'  2.50000000E+01 'CHOO019' 2 2  0.00000000E+00  1.00000000E-06  1.00000000E-06  1.00000000E-06  3.00000000E+01  3.00000000E+01  3.00000000E+01 
 0.00000000E+00  7.27999783E+00  0.00000000E+00 
'L'  0.00000000E+00  0.00000000E+00  6.00000000E+01  0.00000000E+00 
 2.00000000E+00  3.00000000E+01 1440 1440 120 
6 
 3.75000000E+02  4.50000000E+02  6.00000000E+02  8.00000000E+02  1.00000000E+03  1.50000000E+03 
'CHOO2T 2' 
'N'  2.50000000E+01 'CHOO020' 2 2  0.00000000E+00  1.00000000E-06  1.00000000E-06  1.00000000E-06  3.00000000E+01  3.00000000E+01  3.00000000E+01 
 0.00000000E+00  1.06999979E+01  0.00000000E+00 
'L'  0.00000000E+00  0.00000000E+00  6.00000000E+01  0.00000000E+00 
 8.00000000E+00  3.00000000E+01 1440 1440 120 
6 
 3.75000000E+02  4.50000000E+02  6.00000000E+02  8.00000000E+02  1.00000000E+03  1.50000000E+03 
'CIVAUT 1' 
'N'  2.50000000E+01 'CIVA021' 2 2  0.00000000E+00  1.00000000E-06  1.00000000E-06  1.00000000E-06  3.00000000E+01  3.00000000E+01  3.00000000E+01 
 0.00000000E+00  7.25999975E+00  0.00000000E+00 
'L'  0.00000000E+00  0.00000000E+00  6.00000000E+01  0.00000000E+00 
 6.00000000E+00  3.00000000E+01 1440 1440 120 
4 
 3.70000000E+02  8.00000000E+02  1.00000000E+03  1.42000000E+03 
'CIVAUT 2' 
'N'  2.50000000E+01 'CIVA022' 2 2  0.00000000E+00  1.00000000E-06  1.00000000E-06  1.00000000E-06  3.00000000E+01  3.00000000E+01  3.00000000E+01 
 0.00000000E+00  8.68000221E+00  0.00000000E+00 
'L'  0.00000000E+00  0.00000000E+00  6.00000000E+01  0.00000000E+00 
 9.00000000E+00  3.00000000E+01 1440 1440 120 
6 
 3.70000000E+02  4.50000000E+02  6.00000000E+02  8.00000000E+02  1.00000000E+03  1.49500000E+03 
'CRUA5T 1' 
'N'  2.50000000E+01 'CRUA023' 2 2  4.17500000E+02  4.00000000E+01  4.00000000E+01  4.00000000E+01  1.80000000E+01  1.80000000E+01  1.80000000E+01 
 0.00000000E+00  7.09999800E+00  0.00000000E+00 
'L'  0.00000000E+00  0.00000000E+00  6.00000000E+01  0.00000000E+00 
 3.00000000E+01  3.00000000E+01 1440 2160 120 
5 
 2.10000000E+02  4.50000000E+02  6.00000000E+02  7.50000000E+02  9.10000000E+02 
'CRUA5T 2' 
'N'  2.50000000E+01 'CRUA024' 2 2  4.24000000E+02  5.00000000E+01  5.00000000E+01  5.00000000E+01  1.80000000E+01  1.80000000E+01  1.80000000E+01 
 0.00000000E+00  7.09999800E+00  0.00000000E+00 
'L'  0.00000000E+00  0.00000000E+00  6.00000000E+01  0.00000000E+00 
 3.00000000E+01  3.00000000E+01 1440 2160 120 
5 
 1.83000000E+02  4.50000000E+02  6.00000000E+02  7.50000000E+02  9.08000000E+02 
'CRUA5T 3' 
'N'  2.50000000E+01 'CRUA025' 2 2  4.14000000E+02  5.00000000E+01  5.00000000E+01  5.00000000E+01  1.80000000E+01  1.80000000E+01  1.80000000E+01 
 0.00000000E+00  7.09999800E+00  0.00000000E+00 
'L'  0.00000000E+00  0.00000000E+00  6.00000000E+01  0.00000000E+00 
 3.00000000E+01  3.00000000E+01 1440 2160 120 
5 
 1.83000000E+02  4.50000000E+02  6.00000000E+02  7.50000000E+02  8.88000000E+02 
'CRUA5T 4' 
'N'  2.50000000E+01 'CRUA026' 2 2  4.24000000E+02  5.00000000E+01  5.00000000E+01  5.00000000E+01  1.80000000E+01  1.80000000E+01  1.80000000E+01 
 0.00000000E+00  8.11999798E+00  0.00000000E+00 
'L'  0.00000000E+00  0.00000000E+00  6.00000000E+01  0.00000000E+00 
 3.00000000E+01  3.00000000E+01 1440 2160 120 
5 
 1.83000000E+02  4.50000000E+02  6.00000000E+02  7.50000000E+02  9.08000000E+02 
'D.BURT 1' 
'N'  2.50000000E+01 'D.BU027' 2 2  4.08500000E+02  5.00000000E+01  5.00000000E+01  5.00000000E+01  1.80000000E+01  1.80000000E+01  1.80000000E+01 
 0.00000000E+00  7.09999800E+00  0.00000000E+00 
'L'  0.00000000E+00  0.00000000E+00  6.00000000E+01  0.00000000E+00 
 3.00000000E+01  3.00000000E+01 1440 1440 120 
5 
 1.80000000E+02  4.50000000E+02  6.00000000E+02  7.59000000E+02  8.77000000E+02 
'D.BURT 2' 
'N'  2.50000000E+01 'D.BU028' 2 2  4.15500000E+02  5.00000000E+01  5.00000000E+01  5.00000000E+01  1.80000000E+01  1.80000000E+01  1.80000000E+01 
 0.00000000E+00  7.09999800E+00  0.00000000E+00 
'L'  0.00000000E+00  0.00000000E+00  6.00000000E+01  0.00000000E+00 
 3.00000000E+01  3.00000000E+01 1440 1440 120 
5 
 1.80000000E+02  4.50000000E+02  6.00000000E+02  7.50000000E+02  8.91000000E+02 
'D.BURT 3' 
'N'  2.50000000E+01 'D.BU029' 2 2  4.15000000E+02  5.00000000E+01  5.00000000E+01  5.00000000E+01  1.80000000E+01  1.80000000E+01  1.80000000E+01 
 0.00000000E+00  8.13999557E+00  0.00000000E+00 
'L'  0.00000000E+00  0.00000000E+00  6.00000000E+01  0.00000000E+00 
 3.00000000E+01  3.00000000E+01 1440 1440 120 
5 
 1.80000000E+02  4.50000000E+02  6.00000000E+02  7.50000000E+02  8.90000000E+02 
'D.BURT 4' 
'N'  2.50000000E+01 'D.BU030' 2 2  4.15000000E+02  5.00000000E+01  5.00000000E+01  5.00000000E+01  1.80000000E+01  1.80000000E+01  1.80000000E+01 
 0.00000000E+00  7.09999800E+00  0.00000000E+00 
'L'  0.00000000E+00  0.00000000E+00  6.00000000E+01  0.00000000E+00 
 3.00000000E+01  3.00000000E+01 2880 1440 120 
5 
 1.80000000E+02  4.50000000E+02  6.00000000E+02  7.50000000E+02  8.90000000E+02 
'FESS5T 1' 
'N'  2.50000000E+01 'FESS031' 2 2  4.10000000E+02  3.00000000E+01  3.00000000E+01  3.00000000E+01  1.80000000E+01  1.80000000E+01  1.80000000E+01 
 0.00000000E+00  7.09999800E+00  0.00000000E+00 
'L'  0.00000000E+00  0.00000000E+00  6.00000000E+01  0.00000000E+00 
 3.00000000E+01  3.00000000E+01 1440 1440 120 
5 
 1.80000000E+02  4.50000000E+02  6.00000000E+02  7.50000000E+02  8.80000000E+02 
'FESS5T 2' 
'N'  2.50000000E+01 'FESS032' 2 2  4.05500000E+02  3.00000000E+01  3.00000000E+01  3.00000000E+01  1.80000000E+01  1.80000000E+01  1.80000000E+01 
 0.00000000E+00  7.09999800E+00  0.00000000E+00 
'L'  0.00000000E+00  0.00000000E+00  6.00000000E+01  0.00000000E+00 
 3.00000000E+01  3.00000000E+01 1440 1440 120 
5 
 1.80000000E+02  4.50000000E+02  6.00000000E+02  7.50000000E+02  8.71000000E+02 
'FLAMAT 1' 
'N'  2.50000000E+01 'FLAM033' 2 2  0.00000000E+00  7.00000000E+01  7.00000000E+01  7.00000000E+01  2.70000000E+01  2.70000000E+01  2.70000000E+01 
 0.00000000E+00  7.42999792E+00  0.00000000E+00 
'L'  0.00000000E+00  0.00000000E+00  6.00000000E+01  0.00000000E+00 
 4.00000000E+01  4.00000000E+01 1440 2940 120 
6 
 2.60000000E+02  4.50000000E+02  6.00000000E+02  8.00000000E+02  1.00000000E+03  1.31500000E+03 
'FLAMAT 2' 
'N'  2.50000000E+01 'FLAM034' 2 2  0.00000000E+00  7.00000000E+01  7.00000000E+01  7.00000000E+01  2.70000000E+01  2.70000000E+01  2.70000000E+01 
 0.00000000E+00  8.59999847E+00  0.00000000E+00 
'L'  0.00000000E+00  0.00000000E+00  6.00000000E+01  0.00000000E+00 
 4.00000000E+01  4.00000000E+01 1440 2940 120 
6 
 2.60000000E+02  4.50000000E+02  6.00000000E+02  8.00000000E+02  1.00000000E+03  1.33400000E+03 
'FLAMAT 3' 
'N'  2.50000000E+01 'FLAM035' 2 2  0.00000000E+00  7.00000000E+01  7.00000000E+01  7.00000000E+01  2.70000000E+01  2.70000000E+01  2.70000000E+01 
 0.00000000E+00  8.59999847E+00  0.00000000E+00 
'L'  0.00000000E+00  0.00000000E+00  6.00000000E+01  0.00000000E+00 
 4.00000000E+01  4.00000000E+01 1440 2940 120 
6 
 2.60000000E+02  4.50000000E+02  6.00000000E+02  8.00000000E+02  1.00000000E+03  1.60000000E+03 
'GOLF5T 1' 
'N'  2.50000000E+01 'GOLF036' 2 2  0.00000000E+00  7.00000000E+01  7.00000000E+01  7.00000000E+01  2.70000000E+01  2.70000000E+01  2.70000000E+01 
 0.00000000E+00  7.40999985E+00  0.00000000E+00 
'L'  0.00000000E+00  0.00000000E+00  6.00000000E+01  0.00000000E+00 
 4.00000000E+01  4.00000000E+01 1440 1440 120 
6 
 2.60000000E+02  4.50000000E+02  6.00000000E+02  8.00000000E+02  1.00000000E+03  1.31000000E+03 
'GOLF5T 2' 
'N'  2.50000000E+01 'GOLF037' 2 2  0.00000000E+00  7.00000000E+01  7.00000000E+01  7.00000000E+01  2.70000000E+01  2.70000000E+01  2.70000000E+01 
 0.00000000E+00  7.09999800E+00  0.00000000E+00 
'L'  0.00000000E+00  0.00000000E+00  6.00000000E+01  0.00000000E+00 
 4.00000000E+01  4.00000000E+01 2880 1440 120 
6 
 2.60000000E+02  4.50000000E+02  6.00000000E+02  8.00000000E+02  1.00000000E+03  1.31000000E+03 
'GRAV5T 1' 
'N'  2.50000000E+01 'GRAV038' 2 2  4.18000000E+02  5.00000000E+01  5.00000000E+01  5.00000000E+01  1.80000000E+01  1.80000000E+01  1.80000000E+01 
 0.00000000E+00  8.17999840E+00  0.00000000E+00 
'L'  0.00000000E+00  0.00000000E+00  6.00000000E+01  0.00000000E+00 
 3.00000000E+01  3.00000000E+01 1440 1440 120 
5 
 1.82000000E+02  4.50000000E+02  6.00000000E+02  7.78000000E+02  8.96000000E+02 
'GRAV5T 2' 
'N'  2.50000000E+01 'GRAV039' 2 2  4.20500000E+02  5.00000000E+01  5.00000000E+01  5.00000000E+01  1.80000000E+01  1.80000000E+01  1.80000000E+01 
 0.00000000E+00  8.23999786E+00  0.00000000E+00 
'L'  0.00000000E+00  0.00000000E+00  6.00000000E+01  0.00000000E+00 
 3.00000000E+01  3.00000000E+01 1440 1440 120 
1 
 8.55000000E+02 
'GRAV5T 3' 
'N'  2.50000000E+01 'GRAV040' 2 2  4.20000000E+02  5.00000000E+01  5.00000000E+01  5.00000000E+01  1.80000000E+01  1.80000000E+01  1.80000000E+01 
 0.00000000E+00  7.09999800E+00  0.00000000E+00 
'L'  0.00000000E+00  0.00000000E+00  6.00000000E+01  0.00000000E+00 
 3.00000000E+01  3.00000000E+01 1440 1440 120 
5 
 1.84000000E+02  4.50000000E+02  6.00000000E+02  7.50000000E+02  9.00000000E+02 
'GRAV5T 4' 
'N'  2.50000000E+01 'GRAV041' 2 2  4.23500000E+02  5.00000000E+01  5.00000000E+01  5.00000000E+01  1.80000000E+01  1.80000000E+01  1.80000000E+01 
 0.00000000E+00  8.20000172E+00  0.00000000E+00 
'L'  0.00000000E+00  0.00000000E+00  6.00000000E+01  0.00000000E+00 
 3.00000000E+01  3.00000000E+01 1440 1440 120 
3 
 1.84000000E+02  7.80000000E+02  9.07000000E+02 
'GRAV5T 5' 
'N'  2.50000000E+01 'GRAV042' 2 2  4.27000000E+02  5.00000000E+01  5.00000000E+01  5.00000000E+01  1.80000000E+01  1.80000000E+01  1.80000000E+01 
 0.00000000E+00  8.27999973E+00  0.00000000E+00 
'L'  0.00000000E+00  0.00000000E+00  6.00000000E+01  0.00000000E+00 
 1.00000000E+01  3.00000000E+01 1440 1440 120 
5 
 1.84000000E+02  4.50000000E+02  6.00000000E+02  7.50000000E+02  9.27000000E+02 
'GRAV5T 6' 
'N'  2.50000000E+01 'GRAV043' 2 2  4.36000000E+02  5.00000000E+01  5.00000000E+01  5.00000000E+01  1.80000000E+01  1.80000000E+01  1.80000000E+01 
 0.00000000E+00  8.21999931E+00  0.00000000E+00 
'L'  0.00000000E+00  0.00000000E+00  6.00000000E+01  0.00000000E+00 
 1.00000000E+01  3.00000000E+01 1440 1440 120 
6 
 1.82000000E+02  4.50000000E+02  6.00000000E+02  7.50000000E+02  8.29000000E+02  9.47000000E+02 
'N.SE5T 1' 
'N'  2.50000000E+01 'N.SE044' 2 2  0.00000000E+00  7.00000000E+01  7.00000000E+01  7.00000000E+01  2.70000000E+01  2.70000000E+01  2.70000000E+01 
 0.00000000E+00  1.80000114E+01  0.00000000E+00 
'L'  0.00000000E+00  0.00000000E+00  6.00000000E+01  0.00000000E+00 
 4.00000000E+01  4.00000000E+01 1440 1440 120 
6 
 2.60000000E+02  4.50000000E+02  6.00000000E+02  8.00000000E+02  1.00000000E+03  1.30800000E+03 
'N.SE5T 2' 
'N'  2.50000000E+01 'N.SE045' 2 2  0.00000000E+00  7.00000000E+01  7.00000000E+01  7.00000000E+01  2.70000000E+01  2.70000000E+01  2.70000000E+01 
 0.00000000E+00  7.09999800E+00  0.00000000E+00 
'L'  0.00000000E+00  0.00000000E+00  6.00000000E+01  0.00000000E+00 
 4.00000000E+01  4.00000000E+01 1440 1440 120 
6 
 2.60000000E+02  4.50000000E+02  6.00000000E+02  8.00000000E+02  1.00000000E+03  1.30800000E+03 
'PALUET 1' 
'N'  2.50000000E+01 'PALU046' 2 2  0.00000000E+00  7.00000000E+01  7.00000000E+01  7.00000000E+01  2.70000000E+01  2.70000000E+01  2.70000000E+01 
 0.00000000E+00  7.09999800E+00  0.00000000E+00 
'L'  0.00000000E+00  0.00000000E+00  6.00000000E+01  0.00000000E+00 
 4.00000000E+01  4.00000000E+01 1410 2940 120 
6 
 2.70000000E+02  4.50000000E+02  6.00000000E+02  8.00000000E+02  1.00000000E+03  1.31000000E+03 
'PALUET 2' 
'N'  2.50000000E+01 'PALU047' 2 2  0.00000000E+00  7.00000000E+01  7.00000000E+01  7.00000000E+01  2.70000000E+01  2.70000000E+01  2.70000000E+01 
 0.00000000E+00  1.61999874E+01  0.00000000E+00 
'L'  0.00000000E+00  0.00000000E+00  6.00000000E+01  0.00000000E+00 
 4.00000000E+01  4.00000000E+01 1410 2940 120 
1 
 1.30600000E+03 
'PALUET 3' 
'N'  2.50000000E+01 'PALU048' 2 2  0.00000000E+00  7.00000000E+01  7.00000000E+01  7.00000000E+01  2.70000000E+01  2.70000000E+01  2.70000000E+01 
 0.00000000E+00  7.09999800E+00  0.00000000E+00 
'L'  0.00000000E+00  0.00000000E+00  6.00000000E+01  0.00000000E+00 
 4.00000000E+01  4.00000000E+01 1440 2940 120 
6 
 2.70000000E+02  4.50000000E+02  6.00000000E+02  8.00000000E+02  1.00000000E+03  1.31600000E+03 
'PALUET 4' 
'N'  2.50000000E+01 'PALU049' 2 2  0.00000000E+00  7.00000000E+01  7.00000000E+01  7.00000000E+01  2.70000000E+01  2.70000000E+01  2.70000000E+01 
 0.00000000E+00  7.45000172E+00  0.00000000E+00 
'L'  0.00000000E+00  0.00000000E+00  6.00000000E+01  0.00000000E+00 
 1.50000000E+01  1.50000000E+01 1440 2940 120 
2 
 1.26900000E+03  1.32300000E+03 
'PENLYT 1' 
'N'  2.50000000E+01 'PENL050' 2 2  0.00000000E+00  7.00000000E+01  7.00000000E+01  7.00000000E+01  2.70000000E+01  2.70000000E+01  2.70000000E+01 
 0.00000000E+00  7.09999800E+00  0.00000000E+00 
'L'  0.00000000E+00  0.00000000E+00  6.00000000E+01  0.00000000E+00 
 4.00000000E+01  4.00000000E+01 1440 2940 120 
6 
 2.60000000E+02  4.50000000E+02  6.00000000E+02  8.00000000E+02  1.00000000E+03  1.33000000E+03 
'PENLYT 2' 
'N'  2.50000000E+01 'PENL051' 2 2  0.00000000E+00  7.00000000E+01  7.00000000E+01  7.00000000E+01  2.70000000E+01  2.70000000E+01  2.70000000E+01 
 0.00000000E+00  1.63999920E+01  0.00000000E+00 
'L'  0.00000000E+00  0.00000000E+00  6.00000000E+01  0.00000000E+00 
 4.00000000E+01  4.00000000E+01 1440 2940 120 
6 
 2.60000000E+02  4.50000000E+02  6.00000000E+02  8.00000000E+02  1.00000000E+03  1.33000000E+03 
'SSAL7T 1' 
'N'  2.50000000E+01 'SSAL052' 2 2  0.00000000E+00  7.00000000E+01  7.00000000E+01  7.00000000E+01  2.70000000E+01  2.70000000E+01  2.70000000E+01 
 0.00000000E+00  7.46999979E+00  0.00000000E+00 
'L'  0.00000000E+00  0.00000000E+00  6.00000000E+01  0.00000000E+00 
 4.00000000E+01  4.00000000E+01 1440 1440 120 
6 
 2.60000000E+02  4.50000000E+02  6.00000000E+02  8.00000000E+02  1.00000000E+03  1.33000000E+03 
'SSAL7T 2' 
'N'  2.50000000E+01 'SSAL053' 2 2  0.00000000E+00  7.00000000E+01  7.00000000E+01  7.00000000E+01  2.70000000E+01  2.70000000E+01  2.70000000E+01 
 0.00000000E+00  7.09999800E+00  0.00000000E+00 
'L'  0.00000000E+00  0.00000000E+00  6.00000000E+01  0.00000000E+00 
 1.50000000E+01  4.00000000E+01 1440 2850 120 
6 
 2.60000000E+02  4.50000000E+02  6.00000000E+02  8.00000000E+02  1.00000000E+03  1.33000000E+03 
'SSEA2T 1' 
'N'  2.50000000E+01 'SSEA054' 2 2  4.23500000E+02  5.00000000E+01  5.00000000E+01  5.00000000E+01  1.80000000E+01  1.80000000E+01  1.80000000E+01 
 0.00000000E+00  8.69999981E+00  0.00000000E+00 
'L'  0.00000000E+00  0.00000000E+00  6.00000000E+01  0.00000000E+00 
 3.00000000E+01  3.00000000E+01 1440 1440 120 
5 
 1.80000000E+02  4.50000000E+02  6.00000000E+02  7.50000000E+02  9.07000000E+02 
'SSEA2T 2' 
'N'  2.50000000E+01 'SSEA055' 2 2  4.23500000E+02  5.00000000E+01  5.00000000E+01  5.00000000E+01  1.80000000E+01  1.80000000E+01  1.80000000E+01 
 0.00000000E+00  8.65999794E+00  0.00000000E+00 
'L'  0.00000000E+00  0.00000000E+00  6.00000000E+01  0.00000000E+00 
 3.00000000E+01  3.00000000E+01 1440 1440 120 
5 
 1.80000000E+02  4.50000000E+02  6.00000000E+02  7.50000000E+02  9.07000000E+02 
'TRICAT 1' 
'N'  2.50000000E+01 'TRIC056' 2 2  4.25000000E+02  5.00000000E+01  5.00000000E+01  5.00000000E+01  1.80000000E+01  1.80000000E+01  1.80000000E+01 
 0.00000000E+00  8.16000080E+00  0.00000000E+00 
'L'  0.00000000E+00  0.00000000E+00  6.00000000E+01  0.00000000E+00 
 3.00000000E+01  3.00000000E+01 1440 2160 120 
5 
 1.80000000E+02  4.50000000E+02  6.00000000E+02  7.50000000E+02  9.10000000E+02 
'TRICAT 2' 
'N'  2.50000000E+01 'TRIC057' 2 2  4.22500000E+02  5.00000000E+01  5.00000000E+01  5.00000000E+01  1.80000000E+01  1.80000000E+01  1.80000000E+01 
 0.00000000E+00  2.19999905E+01  0.00000000E+00 
'L'  0.00000000E+00  0.00000000E+00  6.00000000E+01  0.00000000E+00 
 3.00000000E+01  3.00000000E+01 1440 2160 120 
6 
 1.80000000E+02  4.50000000E+02  6.00000000E+02  7.50000000E+02  9.05000000E+02  9.13000000E+02 
'TRICAT 3' 
'N'  2.50000000E+01 'TRIC058' 2 2  4.34000000E+02  5.00000000E+01  5.00000000E+01  5.00000000E+01  1.80000000E+01  1.80000000E+01  1.80000000E+01 
 0.00000000E+00  8.26000214E+00  0.00000000E+00 
'L'  0.00000000E+00  0.00000000E+00  6.00000000E+01  0.00000000E+00 
 3.00000000E+01  3.00000000E+01 1440 2160 120 
5 
 1.80000000E+02  4.50000000E+02  6.00000000E+02  7.50000000E+02  9.32000000E+02 
'TRICAT 4' 
'N'  2.50000000E+01 'TRIC059' 2 2  4.30000000E+02  5.00000000E+01  5.00000000E+01  5.00000000E+01  1.80000000E+01  1.80000000E+01  1.80000000E+01 
 0.00000000E+00  8.61999607E+00  0.00000000E+00 
'L'  0.00000000E+00  0.00000000E+00  6.00000000E+01  0.00000000E+00 
 1.50000000E+01  3.00000000E+01 1440 2160 120 
5 
 1.80000000E+02  4.50000000E+02  6.00000000E+02  7.50000000E+02  9.20000000E+02 
'BLENOT 2' 
'C'  0.00000000E+00 'BLEN060' 3 4  0.00000000E+00  1.00000000E-06  3.00000000E+01  1.50000000E+01  5.00000000E+00  2.50000000E+01  2.50000000E+01 
 6.09890381E+02  4.06593513E+01  0.00000000E+00 
'L'  1.10107598E+04  3.97830591E+03  6.00000000E+01  2.36540293E+04 
 2.00000000E+00  2.00000000E+00 360 150 60 
3 
 6.50000000E+01  1.40000000E+02  2.10000000E+02 
'BLENOT 3' 
'C'  0.00000000E+00 'BLEN061' 3 4  0.00000000E+00  1.00000000E-06  3.00000000E+01  1.50000000E+01  5.00000000E+00  2.50000000E+01  2.50000000E+01 
 6.67830627E+02  4.08118553E+01  0.00000000E+00 
'L'  1.10116299E+04  3.97929102E+03  6.00000000E+01  2.36580293E+04 
 2.00000000E+00  2.00000000E+00 360 150 60 
3 
 6.50000000E+01  1.40000000E+02  2.50000000E+02 
'BLENOT 4' 
'C'  0.00000000E+00 'BLEN062' 4 4  0.00000000E+00  1.00000000E-06  3.00000000E+01  1.50000000E+01  5.00000000E+00  2.50000000E+01  2.50000000E+01 
 6.12483643E+02  4.02878227E+01  0.00000000E+00 
'L'  1.10130498E+04  3.98090503E+03  6.00000000E+01  2.36645898E+04 
 2.00000000E+00  2.00000000E+00 360 120 60 
3 
 6.50000000E+01  1.40000000E+02  2.50000000E+02 
'BOUCHT 1' 
'C'  0.00000000E+00 'BOUC063' 2 3  0.00000000E+00  1.00000000E+01  2.50000000E+01  1.00000000E+01  2.50000000E+01  2.50000000E+01  2.50000000E+01 
 7.03312805E+02  4.23941460E+01  0.00000000E+00 
'L'  8.94009961E+03  4.12470801E+03  6.00000000E+01  2.20486406E+04 
 4.00000000E+00  4.00000000E+00 480 450 60 
3 
 1.25000000E+02  1.65000000E+02  2.50000000E+02 
'CORD5T 4' 
'C'  0.00000000E+00 'CORD064' 5 3  0.00000000E+00  2.00000000E+01  6.00000000E+01  1.00000000E-06  3.00000000E+01  6.00000000E+01  0.00000000E+00 
 1.50842285E+03  3.56566162E+01  0.00000000E+00 
'L'  4.55834414E+04  1.74344004E+04  6.00000000E+01  1.00990898E+05 
 5.00000000E+00  7.00000000E+00 480 360 60 
2 
 2.80000000E+02  6.00000000E+02 
'CORD5T 5' 
'C'  0.00000000E+00 'CORD065' 3 3  0.00000000E+00  2.00000000E+01  5.00000000E+01  1.00000000E-06  3.00000000E+01  6.00000000E+01  0.00000000E+00 
 1.50842285E+03  3.56566162E+01  0.00000000E+00 
'L'  4.55834414E+04  1.74344004E+04  6.00000000E+01  1.00990898E+05 
 5.00000000E+00  7.00000000E+00 480 420 60 
2 
 2.95000000E+02  6.00000000E+02 
'HAVRET 1' 
'C'  0.00000000E+00 'HAVR066' 3 2  0.00000000E+00  5.00000000E+00  1.00000000E+01  1.00000000E+01  1.30000000E+01  2.50000000E+01  1.90000000E+01 
 5.86988586E+02  4.22124481E+01  0.00000000E+00 
'L'  1.56763096E+04  4.84460498E+03  6.00000000E+01  3.10727305E+04 
 2.00000000E+00  2.00000000E+00 240 210 60 
3 
 1.25000000E+02  1.60000000E+02  2.40000000E+02 
'HAVRET 2' 
'C'  0.00000000E+00 'HAVR067' 2 3  0.00000000E+00  2.00000000E+01  3.00000000E+01  3.00000000E+01  2.70000000E+01  5.80000000E+01  4.50000000E+01 
 1.51211218E+03  3.89736862E+01  0.00000000E+00 
'L'  4.99815508E+04  2.55979902E+04  6.00000000E+01  1.31333297E+05 
 3.50000000E+00  3.50000000E+00 240 210 60 
3 
 2.68000000E+02  4.50000000E+02  5.85000000E+02 
'HAVRET 4' 
'C'  0.00000000E+00 'HAVR068' 3 3  0.00000000E+00  2.00000000E+01  6.00000000E+01  5.00000000E+01  1.40000000E+01  2.90000000E+01  2.20000000E+01 
 1.46299731E+03  3.42048149E+01  0.00000000E+00 
'L'  4.84827617E+04  2.52470098E+04  6.00000000E+01  1.28719102E+05 
 7.00000000E+00  7.00000000E+00 240 180 60 
2 
 2.80000000E+02  5.10000000E+02 
'MAXE T 1' 
'C'  0.00000000E+00 'MAXE069' 3 3  0.00000000E+00  5.00000000E+00  2.50000000E+01  1.00000000E+01  2.50000000E+01  2.50000000E+01  2.50000000E+01 
 6.46655396E+02  4.13859482E+01  0.00000000E+00 
'L'  9.42482715E+03  4.10908887E+03  6.00000000E+01  2.24837305E+04 
 4.00000000E+00  4.00000000E+00 600 180 60 
3 
 1.30000000E+02  1.80000000E+02  2.50000000E+02 
'MAXE T 2' 
'C'  0.00000000E+00 'MAXE070' 3 3  0.00000000E+00  1.00000000E+01  2.50000000E+01  1.00000000E+01  2.50000000E+01  2.50000000E+01  2.50000000E+01 
 6.62726990E+02  4.24145317E+01  0.00000000E+00 
'L'  9.42501270E+03  4.10929883E+03  6.00000000E+01  2.24845898E+04 
 4.00000000E+00  4.00000000E+00 240 180 60 
4 
 1.30000000E+02  1.45000000E+02  1.80000000E+02  2.50000000E+02 
'VITRYT 3' 
'C'  0.00000000E+00 'VITR071' 6 3  0.00000000E+00  1.00000000E+01  2.00000000E+01  2.00000000E+01  2.50000000E+01  2.50000000E+01  2.50000000E+01 
 6.47246399E+02  4.35333290E+01  0.00000000E+00 
'L'  1.21504404E+04  4.81900195E+03  6.00000000E+01  2.74654902E+04 
 2.00000000E+00  2.00000000E+00 480 90 60 
3 
 1.20000000E+02  1.70000000E+02  2.50000000E+02 
'VITRYT 4' 
'C'  0.00000000E+00 'VITR072' 4 3  0.00000000E+00  1.00000000E+01  2.00000000E+01  2.00000000E+01  2.50000000E+01  2.50000000E+01  2.50000000E+01 
 6.41110229E+02  4.31206017E+01  0.00000000E+00 
'L'  1.21507402E+04  4.81933789E+03  6.00000000E+01  2.74668594E+04 
 2.00000000E+00  2.00000000E+00 240 150 60 
3 
 1.20000000E+02  1.70000000E+02  2.50000000E+02 
'ARAMOT 1' 
'F'  0.00000000E+00 'ARAM073' 4 3  0.00000000E+00  1.00000000E+02  1.00000000E+02  1.00000000E-06  7.00000000E+01  7.00000000E+01  7.00000000E+01 
 4.55183398E+03  1.01768639E+02  0.00000000E+00 
'L'  3.09547793E+04  1.01505703E+04  6.00000000E+01  6.32138281E+04 
 1.00000000E+01  1.00000000E+01 150 180 60 
2 
 2.00000000E+02  6.85000000E+02 
'ARAMOT 2' 
'F'  0.00000000E+00 'ARAM074' 2 3  0.00000000E+00  1.00000000E+02  1.00000000E+02  1.00000000E-06  7.00000000E+01  7.00000000E+01  7.00000000E+01 
 4.54425293E+03  1.02060959E+02  0.00000000E+00 
'L'  3.09399902E+04  1.01338096E+04  6.00000000E+01  6.31457812E+04 
 1.00000000E+01  1.00000000E+01 180 240 60 
2 
 2.00000000E+02  6.85000000E+02 
'ARRI5T 1' 
'G'  0.00000000E+00 'ARRI075' 2 2  0.00000000E+00  1.00000000E-06  1.00000000E-06  1.00000000E-06  7.00000000E+00  7.00000000E+00  1.80000000E+01 
 5.58500098E+03  1.23279480E+02  0.00000000E+00 
'L'  8.46000586E+03  0.00000000E+00  6.00000000E+01  8.46000586E+03 
 1.00000000E+01  1.00000000E+01 30 60 30 
2 
 1.10000000E+02  1.25000000E+02 
'ARRI5T 2' 
'G'  0.00000000E+00 'ARRI076' 2 2  0.00000000E+00  2.30000000E+01  2.30000000E+01  1.00000000E-06  7.00000000E+00  7.00000000E+00  1.80000000E+01 
 5.62470264E+03  1.15700638E+02  0.00000000E+00 
'L'  8.46305469E+03  0.00000000E+00  6.00000000E+01  8.46305469E+03 
 1.00000000E+01  1.00000000E+01 30 60 30 
2 
 6.50000000E+01  1.30000000E+02 
'BRENNT 3' 
'G'  0.00000000E+00 'BREN077' 4 4  0.00000000E+00  1.50000000E+01  1.50000000E+01  1.00000000E-06  7.00000000E+00  7.00000000E+00  0.00000000E+00 
 7.47740381E+03  1.79542191E+02  0.00000000E+00 
'L'  8.43393652E+03  0.00000000E+00  6.00000000E+01  8.43393652E+03 
 1.00000000E+01  1.00000000E+01 30 30 30 
2 
 7.40000000E+01  1.30000000E+02 
'CORD5T 2' 
'F'  0.00000000E+00 'CORD078' 6 3  0.00000000E+00  7.00000000E+01  7.00000000E+01  7.00000000E+01  7.00000000E+01  7.00000000E+01  0.00000000E+00 
 5.77286768E+03  1.36856766E+02  0.00000000E+00 
'L'  3.13854395E+04  1.06386504E+04  6.00000000E+01  6.51956406E+04 
 1.00000000E+01  1.00000000E+01 240 330 60 
3 
 2.00000000E+02  3.50000000E+02  6.85000000E+02 
'CORD5T 3' 
'F'  0.00000000E+00 'CORD079' 6 3  0.00000000E+00  7.00000000E+01  7.00000000E+01  2.00000000E+01  7.00000000E+01  7.00000000E+01  0.00000000E+00 
 5.62647705E+03  1.33548965E+02  0.00000000E+00 
'L'  3.13194805E+04  1.05639004E+04  6.00000000E+01  6.48921211E+04 
 1.00000000E+01  1.00000000E+01 240 330 60 
3 
 1.80000000E+02  3.50000000E+02  6.85000000E+02 
'GENN3T 1' 
'G'  0.00000000E+00 'GENN080' 2 2  0.00000000E+00  1.00000000E-06  1.00000000E-06  1.00000000E-06  1.80000000E+01  1.80000000E+01  1.80000000E+01 
 1.51875000E+04  2.24062500E+02  0.00000000E+00 
'L'  8.63898145E+03  0.00000000E+00  6.00000000E+01  8.63898145E+03 
 9.00000000E+00  9.00000000E+00 120 60 0 
2 
 7.60000000E+01  2.18000000E+02 
'M.PONT 1' 
'F'  0.00000000E+00 'M.PO081' 3 2  0.00000000E+00  2.50000000E+01  2.50000000E+01  2.50000000E+01  1.20000000E+01  2.50000000E+01  2.50000000E+01 
 1.41351245E+03  1.00067696E+02  0.00000000E+00 
'L'  1.13422100E+04  4.58200586E+03  6.00000000E+01  2.59040703E+04 
 3.00000000E+00  3.00000000E+00 240 270 60 
3 
 5.50000000E+01  1.50000000E+02  2.50000000E+02 
'M.PONT 2' 
'F'  0.00000000E+00 'M.PO082' 3 2  0.00000000E+00  2.50000000E+01  2.50000000E+01  2.50000000E+01  1.20000000E+01  2.50000000E+01  2.50000000E+01 
 1.41138599E+03  9.99171600E+01  0.00000000E+00 
'L'  9.73592090E+03  4.57569385E+03  6.00000000E+01  2.42777207E+04 
 3.00000000E+00  3.00000000E+00 240 270 60 
3 
 5.50000000E+01  1.50000000E+02  2.50000000E+02 
'PORC2T 1' 
'F'  0.00000000E+00 'PORC083' 10 3  0.00000000E+00  9.00000000E+01  9.00000000E+01  9.00000000E+01  7.50000000E+01  7.50000000E+01  7.50000000E+01 
 3.66832446E+03  1.01082726E+02  0.00000000E+00 
'L'  2.84628594E+04  7.43005908E+03  6.00000000E+01  5.20759805E+04 
 4.00000000E+00  6.00000000E+00 360 270 60 
3 
 1.75000000E+02  3.86000000E+02  6.00000000E+02 
'PORC2T 2' 
'F'  0.00000000E+00 'PORC084' 4 3  0.00000000E+00  9.00000000E+01  9.00000000E+01  9.00000000E+01  7.50000000E+01  7.50000000E+01  7.50000000E+01 
 3.60790381E+03  9.94177780E+01  0.00000000E+00 
'L'  2.83559902E+04  7.30894385E+03  6.00000000E+01  5.15842109E+04 
 6.00000000E+00  6.00000000E+00 360 450 60 
3 
 1.75000000E+02  3.86000000E+02  6.00000000E+02 
'PORC2T 3' 
'F'  0.00000000E+00 'PORC085' 10 3  0.00000000E+00  9.00000000E+01  9.00000000E+01  9.00000000E+01  7.50000000E+01  7.50000000E+01  7.50000000E+01 
 3.60787964E+03  1.01707855E+02  0.00000000E+00 
'L'  2.83557402E+04  7.30866016E+03  6.00000000E+01  5.15830586E+04 
 6.00000000E+00  6.00000000E+00 360 90 60 
3 
 1.75000000E+02  3.86000000E+02  5.85000000E+02 
'PORC2T 4' 
'F'  0.00000000E+00 'PORC086' 10 3  0.00000000E+00  9.00000000E+01  9.00000000E+01  9.00000000E+01  7.50000000E+01  7.50000000E+01  0.00000000E+00 
 3.60721509E+03  1.01689140E+02  0.00000000E+00 
'L'  2.83557402E+04  7.30866016E+03  6.00000000E+01  5.15830586E+04 
 6.00000000E+00  6.00000000E+00 360 90 60 
3 
 1.75000000E+02  3.86000000E+02  5.85000000E+02 
'MTERET 5' 
'G'  0.00000000E+00 'MTER087' 2 2  0.00000000E+00  1.50000000E+01  1.50000000E+01  1.00000000E-06  7.00000000E+00  7.00000000E+00  0.00000000E+00 
 1.64698672E+04  1.62745743E+02  0.00000000E+00 
'L'  3.40007007E+03  0.00000000E+00  6.00000000E+01  3.40007007E+03 
 1.20000000E+01  1.20000000E+01 30 60 60 
2 
 1.27000000E+02  1.94000000E+02 
'MTERET 6' 
'G'  0.00000000E+00 'MTER088' 2 2  0.00000000E+00  1.50000000E+01  1.50000000E+01  1.00000000E-06  7.00000000E+00  7.00000000E+00  0.00000000E+00 
 1.65355371E+04  1.63394638E+02  0.00000000E+00 
'L'  3.40007007E+03  0.00000000E+00  6.00000000E+01  3.40007007E+03 
 1.20000000E+01  1.20000000E+01 30 60 60 
2 
 1.27000000E+02  1.94000000E+02 
'VAIR6T 1' 
'G'  0.00000000E+00 'VAIR089' 2 2  0.00000000E+00  1.50000000E+01  1.50000000E+01  1.00000000E-06  7.00000000E+00  7.00000000E+00  0.00000000E+00 
 9.81547168E+03  9.69908371E+01  0.00000000E+00 
'L'  8.45695703E+03  0.00000000E+00  6.00000000E+01  8.45695703E+03 
 1.20000000E+01  1.20000000E+01 30 60 60 
2 
 1.27000000E+02  1.94000000E+02 
'VAIR6T 2' 
'G'  0.00000000E+00 'VAIR090' 2 2  0.00000000E+00  1.50000000E+01  1.50000000E+01  1.00000000E-06  7.00000000E+00  7.00000000E+00  0.00000000E+00 
 9.81547168E+03  9.69908371E+01  0.00000000E+00 
'L'  8.45695703E+03  0.00000000E+00  6.00000000E+01  8.45695703E+03 
 1.20000000E+01  1.20000000E+01 30 60 60 
2 
 7.30000000E+01  1.94000000E+02 
'VAIR6T 3' 
'G'  0.00000000E+00 'VAIR091' 2 2  0.00000000E+00  1.50000000E+01  1.50000000E+01  1.00000000E-06  7.00000000E+00  7.00000000E+00  0.00000000E+00 
 9.81547168E+03  9.69908371E+01  0.00000000E+00 
'L'  8.45695703E+03  0.00000000E+00  6.00000000E+01  8.45695703E+03 
 1.20000000E+01  1.20000000E+01 30 60 60 
2 
 1.27000000E+02  1.94000000E+02 
'BLENOT 5' 
'G'  0.00000000E+00 'BLEN092' 2 2  0.00000000E+00  1.50000000E+01  1.50000000E+01  1.00000000E-06  3.55000000E+01  3.55000000E+01  3.55000000E+01 
 3.56510508E+04  1.64692383E+02  0.00000000E+00 
'L'  3.40007007E+03  0.00000000E+00  6.00000000E+01  3.40007007E+03 
 1.20000000E+01  1.20000000E+01 30 60 60 
2 
 2.17000000E+02  4.35500000E+02 
'BLENOT 6' 
'G'  0.00000000E+00 'BLEN093' 2 2  0.00000000E+00  1.50000000E+01  1.50000000E+01  1.00000000E-06  3.55000000E+01  3.55000000E+01  3.55000000E+01 
 3.59319727E+04  1.65990051E+02  0.00000000E+00 
'L'  3.40007007E+03  0.00000000E+00  6.00000000E+01  3.40007007E+03 
 1.20000000E+01  1.20000000E+01 30 60 60 
2 
 2.17000000E+02  4.35500000E+02 
'M.PONT 5' 
'G'  0.00000000E+00 'M.PO094' 2 2  0.00000000E+00  1.50000000E+01  1.50000000E+01  1.00000000E-06  3.50000000E+01  3.50000000E+01  3.50000000E+01 
 3.81738789E+04  1.64043411E+02  0.00000000E+00 
'L'  3.40007007E+03  0.00000000E+00  6.00000000E+01  3.40007007E+03 
 1.20000000E+01  1.20000000E+01 30 60 60 
2 
 2.17000000E+02  4.65000000E+02 
'M.PONT 6' 
'G'  0.00000000E+00 'M.PO095' 2 2  0.00000000E+00  1.50000000E+01  1.50000000E+01  1.00000000E-06  3.50000000E+01  3.50000000E+01  3.50000000E+01 
 3.84758867E+04  1.65341278E+02  0.00000000E+00 
'L'  3.40007007E+03  0.00000000E+00  6.00000000E+01  3.40007007E+03 
 1.20000000E+01  1.20000000E+01 30 60 60 
2 
 2.17000000E+02  4.65000000E+02 
'CGPTPT 1' 
'P'  0.00000000E+00 'CGPT096' 2 2  0.00000000E+00  1.00000000E-06  1.00000000E-06  1.00000000E-06  0.00000000E+00  0.00000000E+00  0.00000000E+00 
 0.00000000E+00  2.89000031E+02  0.00000000E+00 
'L'  0.00000000E+00  0.00000000E+00  6.00000000E+01  0.00000000E+00 
 6.00000000E+00  1.50000000E+01 1440 1440 0 
2 
 1.00000000E+01  1.99900000E+03 
'CGPTPT 2' 
'P'  0.00000000E+00 'CGPT097' 2 2  0.00000000E+00  1.00000000E-06  1.00000000E-06  1.00000000E-06  0.00000000E+00  0.00000000E+00  0.00000000E+00 
 0.00000000E+00  2.89000031E+02  0.00000000E+00 
'L'  0.00000000E+00  0.00000000E+00  6.00000000E+01  0.00000000E+00 
 6.00000000E+00  1.50000000E+01 1440 1440 0 
2 
 1.00000000E+01  1.99900000E+03 
'THPTPT 1' 
'P'  0.00000000E+00 'THPT098' 2 2  0.00000000E+00  1.00000000E-06  1.00000000E-06  1.00000000E-06  0.00000000E+00  0.00000000E+00  0.00000000E+00 
 0.00000000E+00  2.89000031E+02  0.00000000E+00 
'L'  0.00000000E+00  0.00000000E+00  6.00000000E+01  0.00000000E+00 
 6.00000000E+00  1.50000000E+01 1440 1440 0 
2 
 1.00000000E+01  1.99900000E+03 
'AUPTPT 1' 
'P'  0.00000000E+00 'AUPT099' 2 2  0.00000000E+00  1.00000000E-06  1.00000000E-06  1.00000000E-06  0.00000000E+00  0.00000000E+00  0.00000000E+00 
 0.00000000E+00  2.89000031E+02  0.00000000E+00 
'L'  0.00000000E+00  0.00000000E+00  6.00000000E+01  0.00000000E+00 
 6.00000000E+00  1.50000000E+01 1440 1440 0 
2 
 1.00000000E+01  1.99900000E+03 
'CGDTPT 1' 
'P'  0.00000000E+00 'CGDT100' 2 2  0.00000000E+00  1.00000000E-06  1.00000000E-06  1.00000000E-06  0.00000000E+00  0.00000000E+00  0.00000000E+00 
 0.00000000E+00  2.89000031E+02  0.00000000E+00 
'L'  0.00000000E+00  0.00000000E+00  6.00000000E+01  0.00000000E+00 
 6.00000000E+00  1.50000000E+01 1440 1440 0 
2 
 1.00000000E+01  1.99900000E+03 
'CGDTXT 1' 
'P'  0.00000000E+00 'CGDT101' 2 2  0.00000000E+00  1.00000000E-06  1.00000000E-06  1.00000000E-06  0.00000000E+00  0.00000000E+00  0.00000000E+00 
 0.00000000E+00  2.89000031E+02  0.00000000E+00 
'L'  0.00000000E+00  0.00000000E+00  6.00000000E+01  0.00000000E+00 
 6.00000000E+00  1.50000000E+01 1440 1440 0 
2 
 1.00000000E+01  1.99900000E+03 
'CGDRPT 1' 
'P'  0.00000000E+00 'CGDR102' 2 2  0.00000000E+00  1.00000000E-06  1.00000000E-06  1.00000000E-06  0.00000000E+00  0.00000000E+00  0.00000000E+00 
 0.00000000E+00  2.89000031E+02  0.00000000E+00 
'L'  0.00000000E+00  0.00000000E+00  6.00000000E+01  0.00000000E+00 
 6.00000000E+00  1.50000000E+01 1440 1440 0 
2 
 1.00000000E+01  1.99900000E+03 
'DFEGST 1' 
'P'  0.00000000E+00 'DFEG103' 2 2  0.00000000E+00  1.00000000E-06  1.00000000E-06  1.00000000E-06  0.00000000E+00  0.00000000E+00  0.00000000E+00 
 0.00000000E+00  1.46680023E+02  0.00000000E+00 
'L'  0.00000000E+00  0.00000000E+00  6.00000000E+01  0.00000000E+00 
 6.00000000E+00  1.50000000E+01 1440 1440 0 
2 
 1.00000000E+01  1.99900000E+03 
'DSEGST 1' 
'P'  0.00000000E+00 'DSEG104' 2 2  0.00000000E+00  1.00000000E-06  1.00000000E-06  1.00000000E-06  0.00000000E+00  0.00000000E+00  0.00000000E+00 
 0.00000000E+00  1.46680023E+02  0.00000000E+00 
'L'  0.00000000E+00  0.00000000E+00  6.00000000E+01  0.00000000E+00 
 6.00000000E+00  1.50000000E+01 1440 1440 0 
2 
 1.00000000E+01  1.99900000E+03 
'DWEGST 1' 
'P'  0.00000000E+00 'DWEG105' 2 2  0.00000000E+00  1.00000000E-06  1.00000000E-06  1.00000000E-06  0.00000000E+00  0.00000000E+00  0.00000000E+00 
 0.00000000E+00  1.46680023E+02  0.00000000E+00 
'L'  0.00000000E+00  0.00000000E+00  6.00000000E+01  0.00000000E+00 
 6.00000000E+00  1.50000000E+01 1440 1440 0 
2 
 1.00000000E+01  1.99900000E+03 
'DWELDT 1' 
'P'  0.00000000E+00 'DWEL106' 2 2  0.00000000E+00  1.00000000E-06  1.00000000E-06  1.00000000E-06  0.00000000E+00  0.00000000E+00  0.00000000E+00 
 0.00000000E+00  1.46680023E+02  0.00000000E+00 
'L'  0.00000000E+00  0.00000000E+00  6.00000000E+01  0.00000000E+00 
 6.00000000E+00  1.50000000E+01 1440 1440 0 
2 
 1.00000000E+01  1.99900000E+03 
'DFELDT 1' 
'P'  0.00000000E+00 'DFEL107' 2 2  0.00000000E+00  1.00000000E-06  1.00000000E-06  1.00000000E-06  0.00000000E+00  0.00000000E+00  0.00000000E+00 
 0.00000000E+00  1.46680023E+02  0.00000000E+00 
'L'  0.00000000E+00  0.00000000E+00  6.00000000E+01  0.00000000E+00 
 6.00000000E+00  1.50000000E+01 1440 1440 0 
2 
 1.00000000E+01  1.99900000E+03 
'BRENNT 1' 
'G'  0.00000000E+00 'BREN108' 4 4  0.00000000E+00  1.00000000E-06  1.00000000E-06  1.00000000E-06  0.00000000E+00  0.00000000E+00  0.00000000E+00 
 1.87669983E+03  1.53199982E+02  0.00000000E+00 
'L'  8.36701172E+03  0.00000000E+00  6.00000000E+01  8.36701172E+03 
 7.00000000E+00  7.00000000E+00 30 30 30 
4 
 4.00000000E+01  4.20000000E+01  7.00000000E+01  8.50000000E+01 
'BRENNT 2' 
'G'  0.00000000E+00 'BREN109' 4 4  0.00000000E+00  1.00000000E-06  1.00000000E-06  1.00000000E-06  0.00000000E+00  0.00000000E+00  0.00000000E+00 
 1.87534375E+03  1.53089279E+02  0.00000000E+00 
'L'  8.37600586E+03  0.00000000E+00  6.00000000E+01  8.37600586E+03 
 7.00000000E+00  7.00000000E+00 30 30 30 
4 
 4.00000000E+01  4.20000000E+01  7.00000000E+01  8.50000000E+01 
'DIRINT 1' 
'G'  0.00000000E+00 'DIRI110' 2 2  0.00000000E+00  1.00000000E-06  1.00000000E-06  1.00000000E-06  0.00000000E+00  0.00000000E+00  0.00000000E+00 
 1.95630176E+03  1.79482910E+02  0.00000000E+00 
'L'  8.39094629E+03  0.00000000E+00  6.00000000E+01  8.39094629E+03 
 7.00000000E+00  7.00000000E+00 30 30 30 
4 
 4.00000000E+01  4.20000000E+01  7.00000000E+01  7.80000000E+01 
'DIRINT 2' 
'G'  0.00000000E+00 'DIRI111' 2 2  0.00000000E+00  1.00000000E-06  1.00000000E-06  1.00000000E-06  0.00000000E+00  0.00000000E+00  0.00000000E+00 
 1.95667810E+03  1.79517471E+02  0.00000000E+00 
'L'  8.39094629E+03  0.00000000E+00  6.00000000E+01  8.39094629E+03 
 7.00000000E+00  7.00000000E+00 30 30 30 
4 
 4.00000000E+01  4.20000000E+01  7.00000000E+01  8.50000000E+01 
'PHENIT 1' 
'P'  0.00000000E+00 'PHEN112' 9 4  0.00000000E+00  1.00000000E-06  1.00000000E-06  1.00000000E-06  0.00000000E+00  0.00000000E+00  0.00000000E+00 
 1.16499962E+02  4.49999857E+00  0.00000000E+00 
'L'  0.00000000E+00  0.00000000E+00  6.00000000E+01  0.00000000E+00 
 3.00000000E+01  3.00000000E+01 1410 1890 120 
2 
 1.30000000E+02  2.33000000E+02 
'VLEJUT 1' 
'G'  0.00000000E+00 'VLEJ113' 2 2  0.00000000E+00  1.00000000E-06  1.00000000E-06  1.00000000E-06  0.00000000E+00  0.00000000E+00  0.00000000E+00 
 2.83983130E+03  1.23279480E+02  0.00000000E+00 
'L'  0.00000000E+00  0.00000000E+00  6.00000000E+01  0.00000000E+00 
 2.00000000E+00  2.00000000E+00 30 30 30 
2 
 1.00000000E+00  6.00000000E+01 
'CGHTAT 1' 
'P'  0.00000000E+00 'CGHT114' 2 2  0.00000000E+00  7.00000000E+01  7.00000000E+01  7.00000000E+01  0.00000000E+00  0.00000000E+00  0.00000000E+00 
 0.00000000E+00  2.83000031E+02  0.00000000E+00 
'L'  0.00000000E+00  0.00000000E+00  6.00000000E+01  0.00000000E+00 
 6.00000000E+00  1.50000000E+01 1440 1440 120 
3 
 1.60000000E+02  8.00000000E+02  1.99900000E+03 
'CGHTAT 2' 
'P'  0.00000000E+00 'CGHT115' 2 2  0.00000000E+00  7.00000000E+01  7.00000000E+01  7.00000000E+01  0.00000000E+00  0.00000000E+00  0.00000000E+00 
 0.00000000E+00  2.82000000E+02  0.00000000E+00 
'L'  0.00000000E+00  0.00000000E+00  6.00000000E+01  0.00000000E+00 
 6.00000000E+00  1.50000000E+01 1440 1440 120 
3 
 1.60000000E+02  8.00000000E+02  1.99900000E+03 
'CGHTBT 1' 
'P'  0.00000000E+00 'CGHT116' 2 2  0.00000000E+00  3.00000000E+01  3.00000000E+01  3.00000000E+01  0.00000000E+00  0.00000000E+00  0.00000000E+00 
 0.00000000E+00  2.80999969E+02  0.00000000E+00 
'L'  0.00000000E+00  0.00000000E+00  6.00000000E+01  0.00000000E+00 
 5.00000000E+00  3.00000000E+01 1440 1440 120 
3 
 1.60000000E+02  4.50000000E+02  1.99900000E+03 
'CGHTBT 2' 
'P'  0.00000000E+00 'CGHT117' 2 2  0.00000000E+00  3.00000000E+01  3.00000000E+01  3.00000000E+01  0.00000000E+00  0.00000000E+00  0.00000000E+00 
 0.00000000E+00  2.80000061E+02  0.00000000E+00 
'L'  0.00000000E+00  0.00000000E+00  6.00000000E+01  0.00000000E+00 
 5.00000000E+00  3.00000000E+01 1440 1440 120 
3 
 1.60000000E+02  4.50000000E+02  1.99900000E+03 
'CGPTFT 1' 
'P'  0.00000000E+00 'CGPT118' 2 2  0.00000000E+00  7.00000000E+01  7.00000000E+01  7.00000000E+01  0.00000000E+00  0.00000000E+00  0.00000000E+00 
 0.00000000E+00  2.89999969E+02  0.00000000E+00 
'L'  0.00000000E+00  0.00000000E+00  6.00000000E+01  0.00000000E+00 
 6.00000000E+00  1.50000000E+01 1440 1440 120 
3 
 1.60000000E+02  8.00000000E+02  1.99900000E+03 
'CGPTFT 2' 
'P'  0.00000000E+00 'CGPT119' 2 2  0.00000000E+00  7.00000000E+01  7.00000000E+01  7.00000000E+01  0.00000000E+00  0.00000000E+00  0.00000000E+00 
 0.00000000E+00  2.89999969E+02  0.00000000E+00 
'L'  0.00000000E+00  0.00000000E+00  6.00000000E+01  0.00000000E+00 
 6.00000000E+00  1.50000000E+01 1440 1440 120 
3 
 1.60000000E+02  8.00000000E+02  1.99900000E+03 
'CGPTXT 1' 
'P'  0.00000000E+00 'CGPT120' 2 2  0.00000000E+00  7.00000000E+01  7.00000000E+01  7.00000000E+01  0.00000000E+00  0.00000000E+00  0.00000000E+00 
 0.00000000E+00  2.89999969E+02  0.00000000E+00 
'L'  0.00000000E+00  0.00000000E+00  6.00000000E+01  0.00000000E+00 
 6.00000000E+00  1.50000000E+01 1440 1440 120 
3 
 1.60000000E+02  8.00000000E+02  1.99900000E+03 
'CGPTXT 2' 
'P'  0.00000000E+00 'CGPT121' 2 2  0.00000000E+00  7.00000000E+01  7.00000000E+01  7.00000000E+01  0.00000000E+00  0.00000000E+00  0.00000000E+00 
 0.00000000E+00  2.89999969E+02  0.00000000E+00 
'L'  0.00000000E+00  0.00000000E+00  6.00000000E+01  0.00000000E+00 
 6.00000000E+00  1.50000000E+01 1440 1440 120 
3 
 1.60000000E+02  8.00000000E+02  1.99900000E+03 
'CGRPDT 1' 
'P'  0.00000000E+00 'CGRP122' 2 2  0.00000000E+00  7.00000000E+01  7.00000000E+01  7.00000000E+01  0.00000000E+00  0.00000000E+00  0.00000000E+00 
 0.00000000E+00  2.89999969E+02  0.00000000E+00 
'L'  0.00000000E+00  0.00000000E+00  6.00000000E+01  0.00000000E+00 
 6.00000000E+00  1.50000000E+01 1440 1440 120 
3 
 1.60000000E+02  8.00000000E+02  1.99900000E+03 
'CGRPDT 2' 
'P'  0.00000000E+00 'CGRP123' 2 2  0.00000000E+00  7.00000000E+01  7.00000000E+01  7.00000000E+01  0.00000000E+00  0.00000000E+00  0.00000000E+00 
 0.00000000E+00  2.89999969E+02  0.00000000E+00 
'L'  0.00000000E+00  0.00000000E+00  6.00000000E+01  0.00000000E+00 
 6.00000000E+00  1.50000000E+01 1440 1440 120 
3 
 1.60000000E+02  8.00000000E+02  1.99900000E+03 
'THPTFT 1' 
'P'  0.00000000E+00 'THPT124' 2 2  0.00000000E+00  7.00000000E+01  7.00000000E+01  7.00000000E+01  0.00000000E+00  0.00000000E+00  0.00000000E+00 
 0.00000000E+00  2.89999969E+02  0.00000000E+00 
'L'  0.00000000E+00  0.00000000E+00  6.00000000E+01  0.00000000E+00 
 6.00000000E+00  1.50000000E+01 1440 1440 120 
3 
 1.60000000E+02  8.00000000E+02  1.99900000E+03 
'THPTXT 1' 
'P'  0.00000000E+00 'THPT125' 2 2  0.00000000E+00  7.00000000E+01  7.00000000E+01  7.00000000E+01  0.00000000E+00  0.00000000E+00  0.00000000E+00 
 0.00000000E+00  2.89999969E+02  0.00000000E+00 
'L'  0.00000000E+00  0.00000000E+00  6.00000000E+01  0.00000000E+00 
 6.00000000E+00  1.50000000E+01 1440 1440 120 
3 
 1.60000000E+02  8.00000000E+02  1.99900000E+03 
'THRPDT 1' 
'P'  0.00000000E+00 'THRP126' 2 2  0.00000000E+00  7.00000000E+01  7.00000000E+01  7.00000000E+01  0.00000000E+00  0.00000000E+00  0.00000000E+00 
 0.00000000E+00  2.89999969E+02  0.00000000E+00 
'L'  0.00000000E+00  0.00000000E+00  6.00000000E+01  0.00000000E+00 
 6.00000000E+00  1.50000000E+01 1440 1440 120 
3 
 1.60000000E+02  8.00000000E+02  1.99900000E+03 
'EOPTFT 1' 
'P'  0.00000000E+00 'EOPT127' 2 2  0.00000000E+00  7.00000000E+01  7.00000000E+01  7.00000000E+01  0.00000000E+00  0.00000000E+00  0.00000000E+00 
 0.00000000E+00  2.89999969E+02  0.00000000E+00 
'L'  0.00000000E+00  0.00000000E+00  6.00000000E+01  0.00000000E+00 
 6.00000000E+00  1.50000000E+01 1440 1440 120 
3 
 1.60000000E+02  8.00000000E+02  1.99900000E+03 
'EOPTXT 1' 
'P'  0.00000000E+00 'EOPT128' 2 2  0.00000000E+00  7.00000000E+01  7.00000000E+01  7.00000000E+01  0.00000000E+00  0.00000000E+00  0.00000000E+00 
 0.00000000E+00  2.89999969E+02  0.00000000E+00 
'L'  0.00000000E+00  0.00000000E+00  6.00000000E+01  0.00000000E+00 
 6.00000000E+00  1.50000000E+01 1440 1440 120 
3 
 1.60000000E+02  8.00000000E+02  1.99900000E+03 
'EOPTXT 2' 
'P'  0.00000000E+00 'EOPT129' 2 2  0.00000000E+00  7.00000000E+01  7.00000000E+01  7.00000000E+01  0.00000000E+00  0.00000000E+00  0.00000000E+00 
 0.00000000E+00  2.89999969E+02  0.00000000E+00 
'L'  0.00000000E+00  0.00000000E+00  6.00000000E+01  0.00000000E+00 
 6.00000000E+00  1.50000000E+01 1440 1440 120 
3 
 1.60000000E+02  8.00000000E+02  1.99900000E+03 
'EORPDT 1' 
'P'  0.00000000E+00 'EORP130' 2 2  0.00000000E+00  7.00000000E+01  7.00000000E+01  7.00000000E+01  0.00000000E+00  0.00000000E+00  0.00000000E+00 
 0.00000000E+00  2.89999969E+02  0.00000000E+00 
'L'  0.00000000E+00  0.00000000E+00  6.00000000E+01  0.00000000E+00 
 6.00000000E+00  1.50000000E+01 1440 1440 120 
3 
 1.60000000E+02  8.00000000E+02  1.99900000E+03 
'EORPDT 2' 
'P'  0.00000000E+00 'EORP131' 2 2  0.00000000E+00  7.00000000E+01  7.00000000E+01  7.00000000E+01  0.00000000E+00  0.00000000E+00  0.00000000E+00 
 0.00000000E+00  2.89999969E+02  0.00000000E+00 
'L'  0.00000000E+00  0.00000000E+00  6.00000000E+01  0.00000000E+00 
 6.00000000E+00  1.50000000E+01 1440 1440 120 
3 
 1.60000000E+02  8.00000000E+02  1.99900000E+03 
'EORPDT 3' 
'P'  0.00000000E+00 'EORP132' 2 2  0.00000000E+00  7.00000000E+01  7.00000000E+01  7.00000000E+01  0.00000000E+00  0.00000000E+00  0.00000000E+00 
 0.00000000E+00  2.89999969E+02  0.00000000E+00 
'L'  0.00000000E+00  0.00000000E+00  6.00000000E+01  0.00000000E+00 
 6.00000000E+00  1.50000000E+01 1440 1440 120 
3 
 1.60000000E+02  8.00000000E+02  1.99900000E+03 
'HYPTLT 1' 
'P'  0.00000000E+00 'HYPT133' 2 2  0.00000000E+00  7.00000000E+01  7.00000000E+01  7.00000000E+01  0.00000000E+00  0.00000000E+00  0.00000000E+00 
 0.00000000E+00  2.89999969E+02  0.00000000E+00 
'L'  0.00000000E+00  0.00000000E+00  6.00000000E+01  0.00000000E+00 
 6.00000000E+00  1.50000000E+01 1440 1440 120 
3 
 1.60000000E+02  8.00000000E+02  1.99900000E+03 
'HYPTET 1' 
'P'  0.00000000E+00 'HYPT134' 2 2  0.00000000E+00  7.00000000E+01  7.00000000E+01  7.00000000E+01  0.00000000E+00  0.00000000E+00  0.00000000E+00 
 0.00000000E+00  2.89999969E+02  0.00000000E+00 
'L'  0.00000000E+00  0.00000000E+00  6.00000000E+01  0.00000000E+00 
 6.00000000E+00  1.50000000E+01 1440 1440 120 
3 
 1.60000000E+02  8.00000000E+02  1.99900000E+03 
'HYPTFT 1' 
'P'  0.00000000E+00 'HYPT135' 2 2  0.00000000E+00  7.00000000E+01  7.00000000E+01  7.00000000E+01  0.00000000E+00  0.00000000E+00  0.00000000E+00 
 0.00000000E+00  2.89999969E+02  0.00000000E+00 
'L'  0.00000000E+00  0.00000000E+00  6.00000000E+01  0.00000000E+00 
 6.00000000E+00  1.50000000E+01 1440 1440 120 
3 
 1.60000000E+02  8.00000000E+02  1.99900000E+03 
'HYPTXT 1' 
'P'  0.00000000E+00 'HYPT136' 2 2  0.00000000E+00  7.00000000E+01  7.00000000E+01  7.00000000E+01  0.00000000E+00  0.00000000E+00  0.00000000E+00 
 0.00000000E+00  2.89999969E+02  0.00000000E+00 
'L'  0.00000000E+00  0.00000000E+00  6.00000000E+01  0.00000000E+00 
 6.00000000E+00  1.50000000E+01 1440 1440 120 
3 
 1.60000000E+02  8.00000000E+02  1.99900000E+03 
'HYRPDT 1' 
'P'  0.00000000E+00 'HYRP137' 2 2  0.00000000E+00  7.00000000E+01  7.00000000E+01  7.00000000E+01  0.00000000E+00  0.00000000E+00  0.00000000E+00 
 0.00000000E+00  2.89999969E+02  0.00000000E+00 
'L'  0.00000000E+00  0.00000000E+00  6.00000000E+01  0.00000000E+00 
 6.00000000E+00  1.50000000E+01 1440 1440 120 
3 
 1.60000000E+02  8.00000000E+02  1.99900000E+03 
'AUPTFT 1' 
'P'  0.00000000E+00 'AUPT138' 2 2  0.00000000E+00  7.00000000E+01  7.00000000E+01  7.00000000E+01  0.00000000E+00  0.00000000E+00  0.00000000E+00 
 0.00000000E+00  2.89999969E+02  0.00000000E+00 
'L'  0.00000000E+00  0.00000000E+00  6.00000000E+01  0.00000000E+00 
 6.00000000E+00  1.50000000E+01 1440 1440 120 
3 
 1.60000000E+02  8.00000000E+02  1.99900000E+03 
'AUPTXT 1' 
'P'  0.00000000E+00 'AUPT139' 2 2  0.00000000E+00  7.00000000E+01  7.00000000E+01  7.00000000E+01  0.00000000E+00  0.00000000E+00  0.00000000E+00 
 0.00000000E+00  2.89999969E+02  0.00000000E+00 
'L'  0.00000000E+00  0.00000000E+00  6.00000000E+01  0.00000000E+00 
 6.00000000E+00  1.50000000E+01 1440 1440 120 
3 
 1.60000000E+02  8.00000000E+02  1.99900000E+03 
'AURPDT 1' 
'P'  0.00000000E+00 'AURP140' 2 2  0.00000000E+00  7.00000000E+01  7.00000000E+01  7.00000000E+01  0.00000000E+00  0.00000000E+00  0.00000000E+00 
 0.00000000E+00  2.89999969E+02  0.00000000E+00 
'L'  0.00000000E+00  0.00000000E+00  6.00000000E+01  0.00000000E+00 
 6.00000000E+00  1.50000000E+01 1440 1440 120 
3 
 1.60000000E+02  8.00000000E+02  1.99900000E+03 
'PVRPDT 1' 
'P'  0.00000000E+00 'PVRP141' 2 2  0.00000000E+00  7.00000000E+01  7.00000000E+01  7.00000000E+01  0.00000000E+00  0.00000000E+00  0.00000000E+00 
 0.00000000E+00  2.89999969E+02  0.00000000E+00 
'L'  0.00000000E+00  0.00000000E+00  6.00000000E+01  0.00000000E+00 
 6.00000000E+00  1.50000000E+01 1440 1440 120 
3 
 1.60000000E+02  8.00000000E+02  1.99900000E+03 
'PVPTXT 1' 
'P'  0.00000000E+00 'PVPT142' 2 2  0.00000000E+00  7.00000000E+01  7.00000000E+01  7.00000000E+01  0.00000000E+00  0.00000000E+00  0.00000000E+00 
 0.00000000E+00  2.89999969E+02  0.00000000E+00 
'L'  0.00000000E+00  0.00000000E+00  6.00000000E+01  0.00000000E+00 
 6.00000000E+00  1.50000000E+01 1440 1440 120 
3 
 1.60000000E+02  8.00000000E+02  1.99900000E+03 
'PVPTFT 1' 
'P'  0.00000000E+00 'PVPT143' 2 2  0.00000000E+00  7.00000000E+01  7.00000000E+01  7.00000000E+01  0.00000000E+00  0.00000000E+00  0.00000000E+00 
 0.00000000E+00  2.89999969E+02  0.00000000E+00 
'L'  0.00000000E+00  0.00000000E+00  6.00000000E+01  0.00000000E+00 
 6.00000000E+00  1.50000000E+01 1440 1440 120 
3 
 1.60000000E+02  8.00000000E+02  1.99900000E+03 
'FIN' 
