'PLANETA' '22/03/2010' '13:00' 
'23/03/2010' 
'BLAYAT 1' 
0 0 0 
'BLAYAT 1' 
1 
4 
5 
0 
1440 28800 3 5 
0 0 3 -1000 
'BLAYAT 2' 
0 0 0 
'BLAYAT 2' 
1 
4 
5 
0 
1440 28800 3 5 
0 0 3 -1000 
'BLAYAT 3' 
0 0 0 
'BLAYAT 3' 
1 
4 
5 
0 
1440 28800 3 5 
0 0 3 -1000 
'BLAYAT 4' 
0 0 0 
'BLAYAT 4' 
1 
4 
5 
0 
1440 28800 3 5 
0 0 3 -1000 
'BUGEYT 2' 
0 0 0 
'BUGEYT 2' 
1 
0 
-1000 
0 
1440 28800 3 -1000 
0 0 3 -1000 
'BUGEYT 3' 
0 0 0 
'BUGEYT 3' 
1 
0 
-1000 
0 
1440 28800 3 -1000 
0 0 3 -1000 
'BUGEYT 4' 
0 0 0 
'BUGEYT 4' 
1 
4 
5 
0 
1440 28800 3 5 
0 0 3 -1000 
'BUGEYT 5' 
0 0 0 
'BUGEYT 5' 
1 
4 
4 
0 
90 28800 3 4 
0 0 3 -1000 
'BVIL7T 1' 
0 0 0 
'BVIL7T 1' 
1 
4 
6 
0 
150 28800 3 6 
0 0 3 -1000 
'BVIL7T 2' 
0 0 0 
'BVIL7T 2' 
1 
4 
6 
0 
150 4110 3 6 
0 0 3 -1000 
'CATTET 1' 
0 0 0 
'CATTET 1' 
1 
4 
2 
3 
180 28800 3 2 
0 0 3 -1000 
'CATTET 2' 
0 0 0 
'CATTET 2' 
1 
4 
6 
2 
1110 28800 3 6 
0 0 3 -1000 
'CATTET 3' 
0 0 0 
'CATTET 3' 
1 
4 
6 
0 
1440 28800 3 6 
0 0 3 -1000 
'CATTET 4' 
0 0 0 
'CATTET 4' 
1 
0 
-1000 
0 
1440 14250 3 -1000 
0 0 3 -1000 
'CHIN2T 1' 
0 0 0 
'CHIN2T 1' 
1 
0 
-1000 
0 
1440 28800 3 -1000 
0 0 3 -1000 
'CHIN2T 2' 
0 0 0 
'CHIN2T 2' 
1 
4 
5 
0 
1440 28800 3 5 
0 0 3 -1000 
'CHIN2T 3' 
0 0 0 
'CHIN2T 3' 
1 
4 
5 
0 
1440 28800 3 5 
0 0 3 -1000 
'CHIN2T 4' 
0 0 0 
'CHIN2T 4' 
1 
4 
5 
0 
1440 28800 3 5 
0 0 3 -1000 
'CHOO2T 1' 
0 0 0 
'CHOO2T 1' 
1 
4 
6 
3 
60 28800 3 6 
0 0 3 -1000 
'CHOO2T 2' 
0 0 0 
'CHOO2T 2' 
1 
4 
6 
3 
180 28800 3 6 
0 0 3 -1000 
'CIVAUT 1' 
0 0 0 
'CIVAUT 1' 
1 
4 
4 
0 
150 21690 3 4 
0 0 3 -1000 
'CIVAUT 2' 
0 0 0 
'CIVAUT 2' 
1 
4 
6 
0 
210 17220 3 6 
0 0 3 -1000 
'CRUA5T 1' 
0 0 0 
'CRUA5T 1' 
1 
4 
5 
0 
1440 28800 3 5 
0 0 3 -1000 
'CRUA5T 2' 
0 0 0 
'CRUA5T 2' 
1 
4 
5 
0 
1440 28800 3 5 
0 0 3 -1000 
'CRUA5T 3' 
0 0 0 
'CRUA5T 3' 
1 
4 
5 
0 
1440 28800 3 5 
0 0 3 -1000 
'CRUA5T 4' 
0 0 0 
'CRUA5T 4' 
1 
4 
5 
0 
1440 28800 3 5 
0 0 3 -1000 
'D.BURT 1' 
0 0 0 
'D.BURT 1' 
1 
4 
5 
0 
1290 28800 3 5 
0 0 3 -1000 
'D.BURT 2' 
0 0 0 
'D.BURT 2' 
1 
0 
-1000 
0 
1440 28800 3 -1000 
0 0 3 -1000 
'D.BURT 3' 
0 0 0 
'D.BURT 3' 
1 
4 
5 
0 
1440 2790 3 5 
0 0 3 -1000 
'D.BURT 4' 
0 0 0 
'D.BURT 4' 
1 
4 
5 
0 
1170 28800 3 5 
0 0 3 -1000 
'FESS5T 1' 
0 0 0 
'FESS5T 1' 
1 
0 
-1000 
0 
1440 2820 3 -1000 
0 0 3 -1000 
'FESS5T 2' 
0 0 0 
'FESS5T 2' 
1 
4 
4 
0 
1440 28800 3 4 
0 0 3 -1000 
'FLAMAT 1' 
0 0 0 
'FLAMAT 1' 
1 
0 
-1000 
0 
1440 28800 3 -1000 
0 0 3 -1000 
'FLAMAT 2' 
0 0 0 
'FLAMAT 2' 
1 
4 
6 
0 
1440 13680 3 6 
0 0 3 -1000 
'FLAMAT 3' 
0 0 0 
'FLAMAT 3' 
1 
0 
-1000 
0 
1440 28800 3 -1000 
0 0 3 -1000 
'GOLF5T 1' 
0 0 0 
'GOLF5T 1' 
1 
4 
6 
2 
120 28800 3 6 
0 0 3 -1000 
'GOLF5T 2' 
0 0 0 
'GOLF5T 2' 
1 
0 
-1000 
0 
1440 24330 3 -1000 
0 0 3 -1000 
'GRAV5T 1' 
0 0 0 
'GRAV5T 1' 
1 
4 
4 
1 
150 1770 3 4 
0 0 3 -1000 
'GRAV5T 2' 
0 0 0 
'GRAV5T 2' 
1 
4 
1 
0 
1440 28800 3 1 
0 0 3 -1000 
'GRAV5T 3' 
0 0 0 
'GRAV5T 3' 
1 
0 
-1000 
0 
1440 28800 3 -1000 
0 0 3 -1000 
'GRAV5T 4' 
0 0 0 
'GRAV5T 4' 
1 
4 
2 
1 
150 28800 3 2 
0 0 3 -1000 
'GRAV5T 5' 
0 0 0 
'GRAV5T 5' 
1 
4 
5 
1 
180 28800 3 5 
0 0 3 -1000 
'GRAV5T 6' 
0 0 0 
'GRAV5T 6' 
1 
4 
5 
1 
120 21510 3 5 
0 0 3 -1000 
'N.SE5T 1' 
0 0 0 
'N.SE5T 1' 
1 
4 
6 
2 
120 27330 3 6 
0 0 3 -1000 
'N.SE5T 2' 
0 0 0 
'N.SE5T 2' 
1 
0 
-1000 
0 
1440 28800 3 -1000 
0 0 3 -1000 
'PALUET 1' 
0 0 0 
'PALUET 1' 
1 
4 
6 
0 
210 15540 3 6 
0 0 3 -1000 
'PALUET 2' 
0 0 0 
'PALUET 2' 
1 
4 
1 
0 
1440 28800 3 1 
0 0 3 -1000 
'PALUET 3' 
0 0 0 
'PALUET 3' 
1 
0 
-1000 
0 
1440 2130 3 -1000 
0 0 3 -1000 
'PALUET 4' 
0 0 0 
'PALUET 4' 
1 
4 
2 
3 
180 28800 3 2 
0 0 3 -1000 
'PENLYT 1' 
0 0 0 
'PENLYT 1' 
1 
4 
6 
1 
150 28710 3 6 
0 0 3 -1000 
'PENLYT 2' 
0 0 0 
'PENLYT 2' 
1 
4 
6 
0 
1050 28800 3 6 
0 0 3 -1000 
'SSAL7T 1' 
0 0 0 
'SSAL7T 1' 
1 
4 
6 
0 
1440 28800 3 6 
0 0 3 -1000 
'SSAL7T 2' 
0 0 0 
'SSAL7T 2' 
1 
4 
6 
0 
1020 28800 3 6 
0 0 3 -1000 
'SSEA2T 1' 
0 0 0 
'SSEA2T 1' 
1 
4 
5 
0 
1080 1140 3 5 
0 0 3 -1000 
'SSEA2T 2' 
0 0 0 
'SSEA2T 2' 
1 
4 
4 
0 
1440 28800 3 4 
0 0 3 -1000 
'TRICAT 1' 
0 0 0 
'TRICAT 1' 
1 
4 
5 
1 
150 26010 3 5 
0 0 3 -1000 
'TRICAT 2' 
0 0 0 
'TRICAT 2' 
1 
4 
5 
1 
240 28800 3 5 
0 0 3 -1000 
'TRICAT 3' 
0 0 0 
'TRICAT 3' 
1 
4 
5 
0 
1050 28800 3 5 
0 0 3 -1000 
'TRICAT 4' 
0 0 0 
'TRICAT 4' 
1 
4 
5 
1 
90 28800 3 5 
0 0 3 -1000 
'BLENOT 2' 
0 0 0 
'BLENOT 2' 
1 
4 
2 
1 
150 120 3 2 
0 0 3 -1000 
'BLENOT 3' 
0 0 0 
'BLENOT 3' 
1 
4 
2 
1 
120 1920 3 2 
0 0 3 -1000 
'BLENOT 4' 
0 0 0 
'BLENOT 4' 
1 
0 
-1000 
0 
1440 4320 3 -1000 
0 0 3 -1000 
'BOUCHT 1' 
0 0 0 
'BOUCHT 1' 
1 
4 
2 
1 
990 1080 3 2 
0 0 3 -1000 
'CORD5T 4' 
0 0 0 
'CORD5T 4' 
1 
0 
-1000 
0 
1440 5880 3 -1000 
0 0 3 -1000 
'CORD5T 5' 
0 0 0 
'CORD5T 5' 
1 
4 
1 
1 
60 28800 3 1 
0 0 3 -1000 
'HAVRET 1' 
0 0 0 
'HAVRET 1' 
1 
4 
1 
1 
480 1830 3 1 
0 0 3 -1000 
'HAVRET 2' 
0 0 0 
'HAVRET 2' 
1 
4 
3 
1 
660 960 3 3 
0 0 3 -1000 
'HAVRET 4' 
0 0 0 
'HAVRET 4' 
1 
4 
2 
2 
90 1140 3 2 
0 0 3 -1000 
'MAXE T 1' 
0 0 0 
'MAXE T 1' 
1 
4 
1 
1 
330 1920 3 1 
0 0 3 -1000 
'MAXE T 2' 
0 0 0 
'MAXE T 2' 
1 
4 
3 
1 
1110 1230 3 3 
0 0 3 -1000 
'VITRYT 3' 
0 0 0 
'VITRYT 3' 
1 
0 
-1000 
0 
1440 24480 3 -1000 
0 0 3 -1000 
'VITRYT 4' 
0 0 0 
'VITRYT 4' 
1 
4 
2 
1 
900 1110 3 2 
0 0 3 -1000 
'ARAMOT 1' 
0 0 0 
'ARAMOT 1' 
1 
0 
-1000 
0 
1440 17460 3 -1000 
0 0 3 -1000 
'ARAMOT 2' 
0 0 0 
'ARAMOT 2' 
1 
4 
1 
0 
240 9600 3 1 
0 0 3 -1000 
'ARRI5T 1' 
0 0 0 
'ARRI5T 1' 
1 
0 
-1000 
0 
1440 28800 3 -1000 
0 0 3 -1000 
'ARRI5T 2' 
0 0 0 
'ARRI5T 2' 
1 
0 
-1000 
0 
1440 28800 3 -1000 
0 0 3 -1000 
'BRENNT 3' 
0 0 0 
'BRENNT 3' 
1 
0 
-1000 
0 
1440 17730 3 -1000 
0 0 3 -1000 
'CORD5T 2' 
0 0 0 
'CORD5T 2' 
1 
0 
-1000 
0 
1440 14640 3 -1000 
0 0 3 -1000 
'CORD5T 3' 
0 0 0 
'CORD5T 3' 
1 
0 
-1000 
0 
1440 28800 3 -1000 
0 0 3 -1000 
'GENN3T 1' 
0 0 0 
'GENN3T 1' 
1 
0 
-1000 
0 
1440 28800 3 -1000 
0 0 3 -1000 
'M.PONT 1' 
0 0 0 
'M.PONT 1' 
1 
0 
-1000 
0 
1440 14340 3 -1000 
0 0 3 -1000 
'M.PONT 2' 
0 0 0 
'M.PONT 2' 
1 
0 
-1000 
0 
1440 10890 3 -1000 
0 0 3 -1000 
'PORC2T 1' 
0 0 0 
'PORC2T 1' 
1 
0 
-1000 
0 
1440 28800 3 -1000 
0 0 3 -1000 
'PORC2T 2' 
0 0 0 
'PORC2T 2' 
1 
0 
-1000 
0 
1440 10260 3 -1000 
0 0 3 -1000 
'PORC2T 3' 
0 0 0 
'PORC2T 3' 
1 
0 
-1000 
0 
1440 14910 3 -1000 
0 0 3 -1000 
'PORC2T 4' 
0 0 0 
'PORC2T 4' 
1 
0 
-1000 
0 
1440 8640 3 -1000 
0 0 3 -1000 
'MTERET 5' 
0 0 0 
'MTERET 5' 
1 
0 
-1000 
0 
1440 28800 3 -1000 
0 0 3 -1000 
'MTERET 6' 
0 0 0 
'MTERET 6' 
1 
0 
-1000 
0 
1440 28800 3 -1000 
0 0 3 -1000 
'VAIR6T 1' 
0 0 0 
'VAIR6T 1' 
1 
0 
-1000 
0 
1440 28800 3 -1000 
0 0 3 -1000 
'VAIR6T 2' 
0 0 0 
'VAIR6T 2' 
1 
0 
-1000 
0 
1440 26460 3 -1000 
0 0 3 -1000 
'VAIR6T 3' 
0 0 0 
'VAIR6T 3' 
1 
0 
-1000 
0 
1440 28800 3 -1000 
0 0 3 -1000 
'BLENOT 5' 
0 0 0 
'BLENOT 5' 
1 
0 
-1000 
0 
1440 28800 3 -1000 
0 0 3 -1000 
'BLENOT 6' 
0 0 0 
'BLENOT 6' 
1 
0 
-1000 
0 
1440 28800 3 -1000 
0 0 3 -1000 
'M.PONT 5' 
0 0 0 
'M.PONT 5' 
1 
0 
-1000 
0 
1440 28800 3 -1000 
0 0 3 -1000 
'M.PONT 6' 
0 0 0 
'M.PONT 6' 
1 
0 
-1000 
0 
1440 28800 3 -1000 
0 0 3 -1000 
'CGPTPT 1' 
0 0 0 
'CGPTPT 1' 
1 
0 
-1000 
0 
1440 28800 3 -1000 
0 0 3 -1000 
'CGPTPT 2' 
0 0 0 
'CGPTPT 2' 
1 
0 
-1000 
0 
1440 28800 3 -1000 
0 0 3 -1000 
'THPTPT 1' 
0 0 0 
'THPTPT 1' 
1 
0 
-1000 
0 
1440 28800 3 -1000 
0 0 3 -1000 
'AUPTPT 1' 
0 0 0 
'AUPTPT 1' 
1 
0 
-1000 
0 
1440 28800 3 -1000 
0 0 3 -1000 
'CGDTPT 1' 
0 0 0 
'CGDTPT 1' 
1 
0 
-1000 
0 
1440 28800 3 -1000 
0 0 3 -1000 
'CGDTXT 1' 
0 0 0 
'CGDTXT 1' 
1 
0 
-1000 
0 
1440 13950 3 -1000 
0 0 3 -1000 
'CGDRPT 1' 
0 0 0 
'CGDRPT 1' 
1 
0 
-1000 
0 
1440 24030 3 -1000 
0 0 3 -1000 
'DFEGST 1' 
0 0 0 
'DFEGST 1' 
1 
0 
-1000 
0 
1440 28800 3 -1000 
0 0 3 -1000 
'DSEGST 1' 
0 0 0 
'DSEGST 1' 
1 
0 
-1000 
0 
1440 28800 3 -1000 
0 0 3 -1000 
'DWEGST 1' 
0 0 0 
'DWEGST 1' 
1 
0 
-1000 
0 
1440 28800 3 -1000 
0 0 3 -1000 
'DWELDT 1' 
0 0 0 
'DWELDT 1' 
1 
0 
-1000 
0 
1440 28800 3 -1000 
0 0 3 -1000 
'DFELDT 1' 
0 0 0 
'DFELDT 1' 
1 
0 
-1000 
0 
1440 28800 3 -1000 
0 0 3 -1000 
'BRENNT 1' 
0 0 0 
'BRENNT 1' 
1 
0 
-1000 
0 
1440 18000 3 -1000 
0 0 3 -1000 
'BRENNT 2' 
0 0 0 
'BRENNT 2' 
1 
0 
-1000 
0 
1440 16650 3 -1000 
0 0 3 -1000 
'DIRINT 1' 
0 0 0 
'DIRINT 1' 
1 
0 
-1000 
0 
1440 19440 3 -1000 
0 0 3 -1000 
'DIRINT 2' 
0 0 0 
'DIRINT 2' 
1 
0 
-1000 
0 
1440 19200 3 -1000 
0 0 3 -1000 
'PHENIT 1' 
0 0 0 
'PHENIT 1' 
1 
0 
-1000 
0 
1440 2820 3 -1000 
0 0 3 -1000 
'VLEJUT 1' 
0 0 0 
'VLEJUT 1' 
1 
0 
-1000 
0 
1440 28800 3 -1000 
0 0 3 -1000 
'CGHTAT 1' 
0 0 0 
'CGHTAT 1' 
1 
4 
1 
2 
1440 28800 3 1 
0 0 3 -1000 
'CGHTAT 2' 
0 0 0 
'CGHTAT 2' 
1 
0 
-1000 
0 
1440 28800 3 -1000 
0 0 3 -1000 
'CGHTBT 1' 
0 0 0 
'CGHTBT 1' 
1 
4 
2 
2 
1440 28800 3 2 
0 0 3 -1000 
'CGHTBT 2' 
0 0 0 
'CGHTBT 2' 
1 
0 
-1000 
0 
1440 28800 3 -1000 
0 0 3 -1000 
'CGPTFT 1' 
0 0 0 
'CGPTFT 1' 
1 
0 
-1000 
0 
1440 28800 3 -1000 
0 0 3 -1000 
'CGPTFT 2' 
0 0 0 
'CGPTFT 2' 
1 
0 
-1000 
0 
1440 28800 3 -1000 
0 0 3 -1000 
'CGPTXT 1' 
0 0 0 
'CGPTXT 1' 
1 
4 
3 
2 
180 28800 3 3 
0 0 3 -1000 
'CGPTXT 2' 
0 0 0 
'CGPTXT 2' 
1 
0 
-1000 
0 
1440 28800 3 -1000 
0 0 3 -1000 
'CGRPDT 1' 
0 0 0 
'CGRPDT 1' 
1 
4 
3 
2 
180 28800 3 3 
0 0 3 -1000 
'CGRPDT 2' 
0 0 0 
'CGRPDT 2' 
1 
0 
-1000 
0 
1440 28800 3 -1000 
0 0 3 -1000 
'THPTFT 1' 
0 0 0 
'THPTFT 1' 
1 
0 
-1000 
0 
1440 28800 3 -1000 
0 0 3 -1000 
'THPTXT 1' 
0 0 0 
'THPTXT 1' 
1 
4 
1 
0 
1440 28800 3 1 
0 0 3 -1000 
'THRPDT 1' 
0 0 0 
'THRPDT 1' 
1 
4 
1 
0 
1440 28800 3 1 
0 0 3 -1000 
'EOPTFT 1' 
0 0 0 
'EOPTFT 1' 
1 
0 
-1000 
0 
1440 28800 3 -1000 
0 0 3 -1000 
'EOPTXT 1' 
0 0 0 
'EOPTXT 1' 
1 
4 
1 
0 
1440 28800 3 1 
0 0 3 -1000 
'EOPTXT 2' 
0 0 0 
'EOPTXT 2' 
1 
0 
-1000 
0 
1440 28800 3 -1000 
0 0 3 -1000 
'EORPDT 1' 
0 0 0 
'EORPDT 1' 
1 
4 
2 
2 
60 28800 3 2 
0 0 3 -1000 
'EORPDT 2' 
0 0 0 
'EORPDT 2' 
1 
0 
-1000 
0 
1440 3330 3 -1000 
0 0 3 -1000 
'EORPDT 3' 
0 0 0 
'EORPDT 3' 
1 
0 
-1000 
0 
1440 28800 3 -1000 
0 0 3 -1000 
'HYPTLT 1' 
0 0 0 
'HYPTLT 1' 
1 
0 
-1000 
0 
1440 28800 3 -1000 
0 0 3 -1000 
'HYPTET 1' 
0 0 0 
'HYPTET 1' 
1 
0 
-1000 
0 
1440 28800 3 -1000 
0 0 3 -1000 
'HYPTFT 1' 
0 0 0 
'HYPTFT 1' 
1 
0 
-1000 
0 
1440 28800 3 -1000 
0 0 3 -1000 
'HYPTXT 1' 
0 0 0 
'HYPTXT 1' 
1 
4 
1 
0 
1440 28800 3 1 
0 0 3 -1000 
'HYRPDT 1' 
0 0 0 
'HYRPDT 1' 
1 
4 
2 
2 
1440 28800 3 2 
0 0 3 -1000 
'AUPTFT 1' 
0 0 0 
'AUPTFT 1' 
1 
0 
-1000 
0 
1440 28800 3 -1000 
0 0 3 -1000 
'AUPTXT 1' 
0 0 0 
'AUPTXT 1' 
1 
4 
1 
0 
1440 28800 3 1 
0 0 3 -1000 
'AURPDT 1' 
0 0 0 
'AURPDT 1' 
1 
4 
1 
0 
1440 28800 3 1 
0 0 3 -1000 
'PVRPDT 1' 
0 0 0 
'PVRPDT 1' 
1 
0 
-1000 
0 
1440 28800 3 -1000 
0 0 3 -1000 
'PVPTXT 1' 
0 0 0 
'PVPTXT 1' 
1 
0 
-1000 
0 
1440 28800 3 -1000 
0 0 3 -1000 
'PVPTFT 1' 
0 0 0 
'PVPTFT 1' 
1 
0 
-1000 
0 
1440 28800 3 -1000 
0 0 3 -1000 
'FIN' 
