   DONNEES POUR LA VALLEE N]20-DORDREG  DATE: 22/03/10     2 USINE(S)     2 RESERVOIR(S)
  LAC N]90- AUZERR     0.1000E+04      3.040        -689.7600
   5250.0000   5250.0000   5250.0000   5250.0000   5250.0000   5250.0000
   5250.0000   5250.0000   5250.0000   5250.0000   5250.0000   5250.0000
   5250.0000   5231.4600   5208.9600   5186.4600   5163.9600   5141.4600
   5118.9600   5096.4600   5073.9600   5073.9600   5073.9600   5055.4200
   5032.9200   5010.4200   4991.8800   4973.3400   4973.3400   4973.3400
   4973.3400   4973.3400   4973.3400   4973.3400   4950.8400   4928.3400
   4909.8000   4891.2600   4868.7600   4846.2600   4827.7200   4827.7200
   4827.7200   4827.7200   4827.7200   4827.7200   4827.7200   4827.7200
   4827.7200   4827.7200   4827.7200   4827.7200   4827.7200   4827.7200
   4827.7200   4827.7200   4827.7200   4827.7200   4827.7200   4827.7200
   4827.7200   4827.7200   4805.2200   4782.7200   4782.7200   4782.7200
   4764.1800   4745.6400   4727.1000   4727.1000   4727.1000   4727.1000
   4727.1000   4708.5600   4690.0200   4671.4800   4671.4800   4671.4800
   4652.9400   4634.4000   4615.8600   4615.8600   4615.8600   4615.8600
   4615.8600   4615.8600   4597.3200   4578.7800   4560.2400   4560.2400
   4560.2400   4560.2400   4560.2400   4560.2400   4560.2400   4560.2400

  LAC N]91- VAUSSR     0.1000E+04      0.000           0.0000
      0.0000      0.0000      1.0000      0.0000      0.0000      0.0000
      0.0000      0.0000      0.0000      0.0000      1.0000      0.0000
      1.0000      1.0000      0.0000      1.0000      0.0000      1.0000
      0.0000      1.0000      0.0000      1.0000      0.0000      1.0000
      1.0000      0.0000      1.0000      0.0000      0.0000      1.0000
      1.0000      1.0000      0.0000      1.0000      0.0000      0.0000
      1.0000      1.0000      0.0000      0.0000      1.0000      0.0000
      0.0000      0.0000      1.0000      0.0000      0.0000      1.0000
      0.0000      0.0000      0.0000      1.0000      0.0000      0.0000
      1.0000      0.0000      1.0000      1.0000      0.0000      1.0000
      0.0000      1.0000      0.0000      1.0000      0.0000      1.0000
      0.0000      1.0000      0.0000      1.0000      0.0000      1.0000
      1.0000      0.0000      1.0000      0.0000      0.0000      1.0000
      0.0000      1.0000      0.0000      0.0000      1.0000      1.0000
      1.0000      1.0000      0.0000      1.0000      0.0000      0.0000
      0.0000      0.0000      1.0000      0.0000      0.0000      0.0000

  USINE N]**- AUZERH   90  91         689.7600
      0.0000      0.0000      0.0000      0.0000      0.0000      0.0000
      0.0000      0.0000      0.0000      0.0000      0.0000      0.0000
      0.0000     18.5400     22.5000     22.5000     22.5000     22.5000
     22.5000     22.5000     22.5000      0.0000      0.0000     18.5400
     22.5000     22.5000     18.5400     18.5400      0.0000      0.0000
      0.0000      0.0000      0.0000      0.0000     22.5000     22.5000
     18.5400     18.5400     22.5000     22.5000     18.5400      0.0000
      0.0000      0.0000      0.0000      0.0000      0.0000      0.0000
      0.0000      0.0000      0.0000      0.0000      0.0000      0.0000
      0.0000      0.0000      0.0000      0.0000      0.0000      0.0000
      0.0000      0.0000     22.5000     22.5000      0.0000      0.0000
     18.5400     18.5400     18.5400      0.0000      0.0000      0.0000
      0.0000     18.5400     18.5400     18.5400      0.0000      0.0000
     18.5400     18.5400     18.5400      0.0000      0.0000      0.0000
      0.0000      0.0000     18.5400     18.5400     18.5400      0.0000
      0.0000      0.0000      0.0000      0.0000      0.0000      0.0000

      0.0000      0.0000      0.0000      0.0000      0.0000      0.0000
      0.0000      0.0000      0.0000      0.0000      0.0000      0.0000
      0.0000     12.5000     15.0000     15.0000     15.0000     15.0000
     15.0000     15.0000     15.0000      0.0000      0.0000     12.5000
     15.0000     15.0000     12.5000     12.5000      0.0000      0.0000
      0.0000      0.0000      0.0000      0.0000     15.0000     15.0000
     12.5000     12.5000     15.0000     15.0000     12.5000      0.0000
      0.0000      0.0000      0.0000      0.0000      0.0000      0.0000
      0.0000      0.0000      0.0000      0.0000      0.0000      0.0000
      0.0000      0.0000      0.0000      0.0000      0.0000      0.0000
      0.0000      0.0000     15.0000     15.0000      0.0000      0.0000
     12.5000     12.5000     12.5000      0.0000      0.0000      0.0000
      0.0000     12.5000     12.5000     12.5000      0.0000      0.0000
     12.5000     12.5000     12.5000      0.0000      0.0000      0.0000
      0.0000      0.0000     12.5000     12.5000     12.5000      0.0000
      0.0000      0.0000      0.0000      0.0000      0.0000      0.0000

  USINE N]**- B.RHUH   91   0        2417.7600
     18.0000     18.0000     17.0000     19.0000     18.0000     18.0000
     18.0000     18.0000     18.0000     18.0000     17.0000     19.0000
     17.0000     36.5400     41.5000     39.5000     41.5000     39.5000
     41.5000     39.5000     41.5000     17.0000     19.0000     35.5400
     40.5000     41.5000     35.5400     37.5400     18.0000     17.0000
     18.0000     18.0000     19.0000     17.0000     41.5000     40.5000
     35.5400     36.5400     41.5000     40.5000     35.5400     19.0000
     18.0000     18.0000     17.0000     19.0000     18.0000     17.0000
     19.0000     18.0000     18.0000     17.0000     19.0000     18.0000
     17.0000     19.0000     17.0000     18.0000     19.0000     17.0000
     19.0000     17.0000     41.5000     39.5000     19.0000     17.0000
     37.5400     35.5400     37.5400     17.0000     19.0000     17.0000
     18.0000     37.5400     35.5400     37.5400     18.0000     17.0000
     37.5400     35.5400     37.5400     18.0000     17.0000     18.0000
     18.0000     18.0000     37.5400     35.5400     37.5400     18.0000
     18.0000     18.0000     17.0000     19.0000     18.0000     18.0000

      0.0000      0.0000      0.0000      0.8972      0.8500      0.0000
      0.0000      0.0000      0.0000      0.0000      0.0000      0.8972
      0.8028      1.7255      1.9597      1.8653      1.9597      1.8653
      1.9597      1.8653      1.9597      0.0000      0.8972      1.6783
      1.9125      1.9597      1.6783      1.7727      0.8500      0.8028
      0.8500      0.8500      0.8972      0.0000      1.9597      1.9125
      1.6783      1.7255      1.9597      1.9125      1.6783      0.8972
      0.8500      0.8500      0.0000      0.8972      0.0000      0.0000
      0.8972      0.8500      0.8500      0.8028      0.8972      0.0000
      0.0000      0.8972      0.0000      0.8500      0.8972      0.8028
      0.8972      0.0000      1.9597      1.8653      0.8972      0.8028
      1.7727      1.6783      1.7727      0.8028      0.8972      0.8028
      0.8500      1.7727      1.6783      1.7727      0.8500      0.8028
      1.7727      1.6783      1.7727      0.0000      0.0000      0.8500
      0.8500      0.8500      1.7727      1.6783      1.7727      0.8500
      0.0000      0.0000      0.0000      0.8972      0.0000      0.0000

   DONNEES POUR LA VALLEE N]25-PRAGNERE DATE: 22/03/10     9 USINE(S)     8 RESERVOIR(S)
  LAC N]**- C.LONR     0.1000E+04      0.670       -1347.0000
  38107.9757  38093.9513  38079.9270  38065.9026  38051.8783  38037.8539
  38023.8296  38009.8052  37995.7809  37981.7565  37967.7322  37953.7078
  37939.6835  37925.6591  37911.6348  37897.6104  37883.5861  37869.5617
  37855.5374  37841.5130  37827.4887  37813.4643  37799.4400  37785.4156
  37771.3913  37757.3669  37743.3426  37729.3182  37715.2939  37701.2695
  37687.2452  37673.2208  37659.1965  37645.1721  37631.1478  37617.1234
  37603.0991  37589.0747  37575.0504  37561.0260  37547.0017  37532.9774
  37518.9530  37504.9287  37490.9043  37476.8800  37462.8556  37448.8313
  37434.7913  37420.7513  37406.7113  37392.6713  37378.6313  37364.5913
  37350.5513  37336.5113  37322.4713  37308.4313  37294.3913  37280.3513
  37266.3113  37252.2713  37238.2313  37224.1913  37210.1513  37196.2000
  37182.1600  37168.1200  37154.0800  37140.0400  37126.0000  37111.9600
  37097.9200  37083.8800  37069.8400  37055.8000  37041.7600  37027.7200
  37013.6800  36999.6400  36985.6000  36971.5600  36957.5200  36943.4800
  36929.4400  36915.4000  36901.3600  36887.3200  36873.2800  36859.2400
  36845.2000  36831.1600  36817.1200  36803.0800  36789.0400  36775.0000

  LAC N]**- PRAGFR     0.1000E+04      0.000           0.0000
      0.0000      1.0000      1.0000      0.0000      0.0000      0.0000
      0.0000      0.0000      0.0000      1.0000      1.0000      0.0000
      1.0000      1.0000      0.0000      1.0000      0.0000      1.0000
      0.0000      1.0000      0.0000      1.0000      0.0000      1.0000
      0.0000      0.0000      1.0000      0.0000      0.0000      1.0000
      1.0000      1.0000      0.0000      1.0000      0.0000      0.0000
      1.0000      1.0000      0.0000      0.0000      0.4557      0.0000
      0.0000      0.0000      1.0000      0.0000      0.0000      1.0000
      0.0000      0.0000      0.0000      1.0000      0.0000      0.0000
      1.0000      0.0000      1.0000      1.0000      0.0000      1.0000
      0.0000      1.0000      0.0000      0.0000      1.0000      0.0000
      0.0000      0.0000      0.0000      0.0000      0.0000      0.0000
      0.0000      0.0000      0.0000      0.0000      0.0000      0.0000
      0.0000      0.0000      0.0000      0.0000      0.0000      0.0000
      1.0000      0.0000      0.0000      0.0000      0.0000      0.0000
      0.0000      0.0000      1.0000      0.0000      0.0000      0.0000

  LAC N]**- OSSOUR     0.1000E+04      0.000           0.0000
    129.0000    129.0000    129.0000    129.0000    129.0000    129.0000
    129.0000    129.0000    129.0000    129.0000    129.0000    129.0000
    129.0000    129.0000    129.0000    129.0000    129.0000    129.0000
    129.0000    129.0000    129.0000    129.0000    129.0000    129.0000
    129.0000    129.0000    129.0000    129.0000    128.8389    126.6789
    124.5189    122.3589    118.3989    112.6389    106.8789    101.1189
     95.3589     89.5989     83.8389     78.0789     72.3189     66.5589
     60.7989     55.0389     49.2789     43.5189     37.7589     31.9989
    129.0000    129.0000    129.0000    129.0000    129.0000    129.0000
    129.0000    129.0000    129.0000    129.0000    129.0000    129.0000
    129.0000    129.0000    129.0000    129.0000    129.0000    129.0000
    129.0000    128.2800    126.1200    123.9600    121.8000    119.6400
    117.4800    115.3200    113.1600    111.0000    108.8400    106.6800
    104.5200    102.3600     98.4000     92.6400     86.8800     81.1200
     75.3600     69.6000     63.8400     58.0800     52.3200     46.5600
     40.8000     35.0400     29.2800     23.5200     17.7600     12.0000

  LAC N]**- LUZ 2R     0.1000E+04      0.000           0.0000
      0.0000      0.0000      0.0000      0.0000      0.0000      0.0000
      0.0000      0.0000      0.0000      0.0000      0.0000      0.0000
      0.0000      0.0000      0.0000      0.0000      0.0000      0.0000
      0.0000      0.0000      0.0000      0.0000      0.0000      0.0000
      0.0000      0.0000      0.0000      0.0000      0.0000      0.0000
      0.0000      0.0000      0.0000      0.0000      0.0000      0.0000
      0.0000      0.0000      0.0000      0.0000      0.0000      0.0000
      0.0000      0.0000      0.0000      0.0000      0.0000      0.0000
      0.0000      0.0000      0.0000      0.0000      0.0000      0.0000
      0.0000      0.0000      0.0000      0.0000      0.0000      0.0000
      0.0000      0.0000      0.0000      0.0000      0.0000      0.0000
      0.0000      0.0000      0.0000      0.0000      0.0000      0.0000
      0.0000      0.0000      0.0000      0.0000      0.0000      0.0000
      0.0000      0.0000      0.0000      0.0000      0.0000      0.0000
      0.0000      0.0000      0.0000      0.0000      0.0000      0.0000
      0.0000      0.0000      0.0000      0.0000      0.0000      0.0000

  LAC N]**- P.REIR     0.1000E+04      0.000           0.0000
      0.0000      0.0000      1.0000      0.0000      0.0000      0.0000
      0.0000      0.0000      0.0000      1.0000      1.0000      0.0000
      1.0000      1.0000      0.0000      1.0000      0.0000      1.0000
      0.0000      1.0000      0.0000      1.0000      0.0000      1.0000
      0.0000      0.0000      1.0000      0.0000      0.0000      1.0000
      1.0000      1.0000      0.0000      1.0000      0.5443      0.0000
      1.0000      1.0000      0.5443      0.0000      1.0000      0.0000
      0.0000      0.0000      1.0000      0.0000      0.0000      1.0000
      0.0000      0.0000      0.0000      1.0000      0.0000      0.0000
      1.0000      0.0000      1.0000      1.0000      0.0000      1.0000
      0.0000      1.0000      0.0000      0.0000      0.0000      0.0000
      0.0000      0.0000      0.0000      0.0000      0.0000      0.0000
      0.0000      0.0000      0.0000      0.0000      0.0000      0.0000
      0.0000      0.0000      0.0000      0.0000      0.0000      0.0000
      1.0000      0.0000      0.0000      0.0000      0.0000      0.0000
      0.0000      0.0000      1.0000      0.0000      0.0000      1.0000

  LAC N]**- GEDRER     0.1000E+04      7.910        -196.7400
   1347.6000   1351.2000   1354.8000   1358.4000   1362.0000   1365.6000
   1369.2000   1372.8000   1376.4000   1380.0000   1380.3600   1378.9200
   1377.4800   1370.8200   1364.1600   1357.5000   1350.8400   1344.1800
   1337.5200   1330.8600   1324.2000   1317.5400   1310.8800   1304.2200
   1297.5600   1290.9000   1284.2400   1277.5800   1270.9200   1264.2600
   1257.6000   1250.9400   1244.2800   1237.6200   1230.9600   1224.3000
   1217.6400   1210.9800   1204.3200   1197.6600   1191.0000   1184.3400
   1177.6800   1181.2800   1184.8800   1178.2200   1171.5600   1175.1600
   1178.7600   1182.3600   1185.9600   1189.5600   1193.1600   1196.7600
   1200.3600   1203.9600   1207.5600   1206.1200   1204.6800   1198.0200
   1191.3600   1191.7200   1192.0800   1185.4200   1178.7600   1172.1000
   1165.4400   1158.7800   1152.1200   1145.4600   1138.8000   1132.1400
   1125.4800   1118.8200   1112.1600   1105.5000   1105.8600   1106.2200
   1106.5800   1110.1800   1113.7800   1117.3800   1120.9800   1124.5800
   1128.1800   1121.5200   1114.8600   1118.4600   1122.0600   1125.6600
   1129.2600   1132.8600   1136.4600   1140.0600   1143.6600   1147.2600

  LAC N]**- LUZ 1R     0.1000E+04      0.000           0.0000
      0.0000      0.0000      0.0000      0.0000      0.0000      0.0000
      0.0000      0.0000      0.0000      0.0000      0.0000      0.0000
      0.0000      0.0000      0.0000      0.0000      0.0000      0.0000
      0.0000      0.0000      0.0000      0.0000      0.0000      0.0000
      0.0000      0.0000      0.0000      0.0000      0.0000      0.0000
      0.0000      0.0000      0.0000      0.0000      0.0000      0.0000
      0.0000      0.0000      0.0000      0.0000      0.0000      0.0000
      0.0000      0.0000      0.0000      0.0000      0.0000      0.0000
      0.0000      0.0000      0.0000      0.0000      0.0000      0.0000
      0.0000      0.0000      0.0000      0.0000      0.0000      0.0000
      0.0000      0.0000      0.0000      0.0000      0.0000      0.0000
      0.0000      0.0000      0.0000      0.0000      0.0000      0.0000
      0.0000      0.0000      0.0000      0.0000      0.0000      0.0000
      0.0000      0.0000      0.0000      0.0000      0.0000      0.0000
      0.0000      0.0000      0.0000      0.0000      0.0000      0.0000
      0.0000      0.0000      0.0000      0.0000      0.0000      0.0000

  LAC N]**- SOULOR     0.1000E+04      0.000           0.0000
      0.0000      0.0000      0.0000      0.0000      0.0000      0.0000
      0.0000      0.0000      0.0000      0.0000      0.0000      0.0000
      0.0000      0.0000      0.0000      0.0000      0.0000      0.0000
      0.0000      0.0000      0.0000      0.0000      0.0000      0.0000
      0.0000      0.0000      0.0000      0.0000      0.0000      0.0000
      0.0000      0.0000      0.0000      0.0000      0.0000      0.0000
      0.0000      0.0000      0.0000      0.0000      0.0000      0.0000
      0.0000      0.0000      0.0000      0.0000      0.0000      0.0000
      0.0000      0.0000      0.0000      0.0000      0.0000      0.0000
      0.0000      0.0000      0.0000      0.0000      0.0000      0.0000
      0.0000      0.0000      0.0000      0.0000      0.0000      0.0000
      0.0000      0.0000      0.0000      0.0000      0.0000      0.0000
      0.0000      0.0000      0.0000      0.0000      0.0000      0.0000
      0.0000      0.0000      0.0000      0.0000      0.0000      0.0000
      0.0000      0.0000      0.0000      0.0000      0.0000      0.0000
      0.0000      0.0000      0.0000      0.0000      0.0000      0.0000

  USINE N]**- PRAGNH   **  **        1347.0887
     14.0243     14.0243     14.0243     14.0243     14.0243     14.0243
     14.0243     14.0243     14.0243     14.0243     14.0243     14.0243
     14.0243     14.0243     14.0243     14.0243     14.0243     14.0243
     14.0243     14.0243     14.0243     14.0243     14.0243     14.0243
     14.0243     14.0243     14.0243     14.0243     14.0243     14.0243
     14.0243     14.0243     14.0243     14.0243     14.0243     14.0243
     14.0243     14.0243     14.0243     14.0243     14.0243     14.0243
     14.0243     14.0243     14.0243     14.0243     14.0243     14.0243
     14.0400     14.0400     14.0400     14.0400     14.0400     14.0400
     14.0400     14.0400     14.0400     14.0400     14.0400     14.0400
     14.0400     14.0400     14.0400     14.0400     14.0400     14.0400
     14.0400     14.0400     14.0400     14.0400     14.0400     14.0400
     14.0400     14.0400     14.0400     14.0400     14.0400     14.0400
     14.0400     14.0400     14.0400     14.0400     14.0400     14.0400
     14.0400     14.0400     14.0400     14.0400     14.0400     14.0400
     14.0400     14.0400     14.0400     14.0400     14.0400     14.0400

     39.0000     39.0000     39.0000     39.0000     39.0000     39.0000
     39.0000     39.0000     39.0000     39.0000     39.0000     39.0000
     39.0000     39.0000     39.0000     39.0000     39.0000     39.0000
     39.0000     39.0000     39.0000     39.0000     39.0000     39.0000
     39.0000     39.0000     39.0000     39.0000     39.0000     39.0000
     39.0000     39.0000     39.0000     39.0000     39.0000     39.0000
     39.0000     39.0000     39.0000     39.0000     39.0000     39.0000
     39.0000     39.0000     39.0000     39.0000     39.0000     39.0000
     39.0444     39.0444     39.0444     39.0444     39.0444     39.0444
     39.0444     39.0444     39.0444     39.0444     39.0444     39.0444
     39.0444     39.0444     39.0444     39.0444     39.0444     39.0444
     39.0444     39.0444     39.0444     39.0444     39.0444     39.0444
     39.0444     39.0444     39.0444     39.0444     39.0444     39.0444
     39.0444     39.0444     39.0444     39.0444     39.0444     39.0444
     39.0444     39.0444     39.0444     39.0444     39.0444     39.0444
     39.0444     39.0444     39.0444     39.0444     39.0444     39.0444

  USINE N]**- PRAG8H   **  **           0.0000
      0.0000      0.0000      0.0000      0.0000      0.0000      0.0000
      0.0000      0.0000      0.0000      0.0000      0.0000      0.0000
      0.0000      0.0000      0.0000      0.0000      0.0000      0.0000
      0.0000      0.0000      0.0000      0.0000      0.0000      0.0000
      0.0000      0.0000      0.0000      0.0000      0.0000      0.0000
      0.0000      0.0000      0.0000      0.0000      0.0000      0.0000
      0.0000      0.0000      0.0000      0.0000      0.0000      0.0000
      0.0000      0.0000      0.0000      0.0000      0.0000      0.0000
      0.0000      0.0000      0.0000      0.0000      0.0000      0.0000
      0.0000      0.0000      0.0000      0.0000      0.0000      0.0000
      0.0000      0.0000      0.0000      0.0000      0.0000      0.0000
      0.0000      0.0000      0.0000      0.0000      0.0000      0.0000
      0.0000      0.0000      0.0000      0.0000      0.0000      0.0000
      0.0000      0.0000      0.0000      0.0000      0.0000      0.0000
      0.0000      0.0000      0.0000      0.0000      0.0000      0.0000
      0.0000      0.0000      0.0000      0.0000      0.0000      0.0000

      0.0000      0.0000      0.0000      0.0000      0.0000      0.0000
      0.0000      0.0000      0.0000      0.0000      0.0000      0.0000
      0.0000      0.0000      0.0000      0.0000      0.0000      0.0000
      0.0000      0.0000      0.0000      0.0000      0.0000      0.0000
      0.0000      0.0000      0.0000      0.0000      0.0000      0.0000
      0.0000      0.0000      0.0000      0.0000      0.0000      0.0000
      0.0000      0.0000      0.0000      0.0000      0.0000      0.0000
      0.0000      0.0000      0.0000      0.0000      0.0000      0.0000
      0.0000      0.0000      0.0000      0.0000      0.0000      0.0000
      0.0000      0.0000      0.0000      0.0000      0.0000      0.0000
      0.0000      0.0000      0.0000      0.0000      0.0000      0.0000
      0.0000      0.0000      0.0000      0.0000      0.0000      0.0000
      0.0000      0.0000      0.0000      0.0000      0.0000      0.0000
      0.0000      0.0000      0.0000      0.0000      0.0000      0.0000
      0.0000      0.0000      0.0000      0.0000      0.0000      0.0000
      0.0000      0.0000      0.0000      0.0000      0.0000      0.0000

  USINE N]**- PRAG9P   **  **           0.0000
      0.0000      0.0000      0.0000      0.0000      0.0000      0.0000
      0.0000      0.0000      0.0000      0.0000      0.0000      0.0000
      0.0000      0.0000      0.0000      0.0000      0.0000      0.0000
      0.0000      0.0000      0.0000      0.0000      0.0000      0.0000
      0.0000      0.0000      0.0000      0.0000      0.0000      0.0000
      0.0000      0.0000      0.0000      0.0000      0.0000      0.0000
      0.0000      0.0000      0.0000      0.0000      0.0000      0.0000
      0.0000      0.0000      0.0000      0.0000      0.0000      0.0000
      0.0000      0.0000      0.0000      0.0000      0.0000      0.0000
      0.0000      0.0000      0.0000      0.0000      0.0000      0.0000
      0.0000      0.0000      0.0000      0.0000      0.0000      0.0000
      0.0000      0.0000      0.0000      0.0000      0.0000      0.0000
      0.0000      0.0000      0.0000      0.0000      0.0000      0.0000
      0.0000      0.0000      0.0000      0.0000      0.0000      0.0000
      0.0000      0.0000      0.0000      0.0000      0.0000      0.0000
      0.0000      0.0000      0.0000      0.0000      0.0000      0.0000

      0.0000      0.0000      0.0000      0.0000      0.0000      0.0000
      0.0000      0.0000      0.0000      0.0000      0.0000      0.0000
      0.0000      0.0000      0.0000      0.0000      0.0000      0.0000
      0.0000      0.0000      0.0000      0.0000      0.0000      0.0000
      0.0000      0.0000      0.0000      0.0000      0.0000      0.0000
      0.0000      0.0000      0.0000      0.0000      0.0000      0.0000
      0.0000      0.0000      0.0000      0.0000      0.0000      0.0000
      0.0000      0.0000      0.0000      0.0000      0.0000      0.0000
      0.0000      0.0000      0.0000      0.0000      0.0000      0.0000
      0.0000      0.0000      0.0000      0.0000      0.0000      0.0000
      0.0000      0.0000      0.0000      0.0000      0.0000      0.0000
      0.0000      0.0000      0.0000      0.0000      0.0000      0.0000
      0.0000      0.0000      0.0000      0.0000      0.0000      0.0000
      0.0000      0.0000      0.0000      0.0000      0.0000      0.0000
      0.0000      0.0000      0.0000      0.0000      0.0000      0.0000
      0.0000      0.0000      0.0000      0.0000      0.0000      0.0000

  USINE N]**- PRAGFH   **  **        2011.6487
     19.7843     18.7843     19.7843     20.7843     19.7843     19.7843
     19.7843     19.7843     19.7843     18.7843     19.7843     20.7843
     18.7843     19.7843     20.7843     18.7843     20.7843     18.7843
     20.7843     18.7843     20.7843     18.7843     20.7843     18.7843
     20.7843     19.7843     18.7843     20.7843     19.7843     18.7843
     19.7843     19.7843     22.5843     22.3843     24.3843     23.3843
     22.3843     23.3843     24.3843     23.3843     22.9287     23.8400
     23.3843     23.3843     22.3843     24.3843     23.3843     22.3843
     20.8000     19.8000     19.8000     18.8000     20.8000     19.8000
     18.8000     20.8000     18.8000     19.8000     20.8000     18.8000
     20.8000     18.8000     20.8000     19.8000     18.8000     20.8000
     19.8000     19.8000     19.8000     19.8000     19.8000     19.8000
     19.8000     19.8000     19.8000     19.8000     19.8000     19.8000
     19.8000     19.8000     21.6000     23.4000     23.4000     23.4000
     22.4000     24.4000     23.4000     23.4000     23.4000     23.4000
     23.4000     23.4000     22.4000     24.4000     23.4000     23.4000

      0.0000      0.0000      0.0000      0.0000      0.0000      0.0000
      0.0000      0.0000      0.0000      0.0000      0.0000      0.0000
      0.0000      0.0000      0.0000      0.0000      0.0000      0.0000
      0.0000      0.0000      0.0000      0.0000      0.0000      0.0000
      0.0000      0.0000      0.0000      0.0000      0.0000      0.0000
      0.0000      0.0000      0.0000      0.0000      0.0000      0.0000
      0.0000      0.0000      0.0000      0.0000      0.0000      0.0000
      0.0000      0.0000      0.0000      0.0000      0.0000      0.0000
      0.0000      0.0000      0.0000      0.0000      0.0000      0.0000
      0.0000      0.0000      0.0000      0.0000      0.0000      0.0000
      0.0000      0.0000      0.0000      0.0000      0.0000      0.0000
      0.0000      0.0000      0.0000      0.0000      0.0000      0.0000
      0.0000      0.0000      0.0000      0.0000      0.0000      0.0000
      0.0000      0.0000      0.0000      0.0000      0.0000      0.0000
      0.0000      0.0000      0.0000      0.0000      0.0000      0.0000
      0.0000      0.0000      0.0000      0.0000      0.0000      0.0000

  USINE N]**- LUZ 2H   **  **        2357.2487
     23.3843     22.3843     23.3843     24.3843     23.3843     23.3843
     23.3843     23.3843     23.3843     22.3843     23.3843     24.3843
     22.3843     23.3843     24.3843     22.3843     24.3843     22.3843
     24.3843     22.3843     24.3843     22.3843     24.3843     22.3843
     24.3843     23.3843     22.3843     24.3843     23.3843     22.3843
     23.3843     23.3843     26.1843     25.9843     27.9843     26.9843
     25.9843     26.9843     27.9843     26.9843     26.5287     27.4400
     26.9843     26.9843     25.9843     27.9843     26.9843     25.9843
     24.4000     23.4000     23.4000     22.4000     24.4000     23.4000
     22.4000     24.4000     22.4000     23.4000     24.4000     22.4000
     24.4000     22.4000     24.4000     23.4000     22.4000     24.4000
     23.4000     23.4000     23.4000     23.4000     23.4000     23.4000
     23.4000     23.4000     23.4000     23.4000     23.4000     23.4000
     23.4000     23.4000     25.2000     27.0000     27.0000     27.0000
     26.0000     28.0000     27.0000     27.0000     27.0000     27.0000
     27.0000     27.0000     26.0000     28.0000     27.0000     27.0000

     10.0000      0.0000      0.0000     10.0000     10.0000      0.0000
      0.0000      0.0000      0.0000      0.0000      0.0000     10.0000
     10.0000     10.0000     10.0000     10.0000     10.0000     10.0000
     10.0000     10.0000     10.0000     10.0000     10.0000     10.0000
     10.0000     10.0000     10.0000     10.0000     10.0000     10.0000
     10.0000     10.0000     10.0000      0.0000     10.0000     10.0000
     10.0000     10.0000     10.0000     10.0000     10.0000     10.0000
     10.0000     10.0000      0.0000     10.0000      0.0000      0.0000
      0.0000     10.0000     10.0000     10.0000     10.0000      0.0000
      0.0000     10.0000      0.0000     10.0000     10.0000     10.0000
     10.0000      0.0000     10.0000     10.0000     10.0000     10.0000
     10.0000     10.0000     10.0000     10.0000     10.0000     10.0000
     10.0000     10.0000     10.0000     10.0000     10.0000     10.0000
     10.0000     10.0000     10.0000      0.0000      0.0000     10.0000
     10.0000     10.0000     10.0000     10.0000     10.0000     10.0000
     10.0000      0.0000      0.0000     10.0000      0.0000     10.0000

  USINE N]**- GEDREH   **  **         542.3400
      0.0000      0.0000      0.0000      0.0000      0.0000      0.0000
      0.0000      0.0000      0.0000      0.0000      3.2400      5.0400
      5.0400     10.2600     10.2600     10.2600     10.2600     10.2600
     10.2600     10.2600     10.2600     10.2600     10.2600     10.2600
     10.2600     10.2600     10.2600     10.2600     10.2600     10.2600
     10.2600     10.2600     10.2600     10.2600     10.2600     10.2600
     10.2600     10.2600     10.2600     10.2600     10.2600     10.2600
     10.2600      0.0000      0.0000     10.2600     10.2600      0.0000
      0.0000      0.0000      0.0000      0.0000      0.0000      0.0000
      0.0000      0.0000      0.0000      5.0400      5.0400     10.2600
     10.2600      3.2400      3.2400     10.2600     10.2600     10.2600
     10.2600     10.2600     10.2600     10.2600     10.2600     10.2600
     10.2600     10.2600     10.2600     10.2600      3.2400      3.2400
      3.2400      0.0000      0.0000      0.0000      0.0000      0.0000
      0.0000     10.2600     10.2600      0.0000      0.0000      0.0000
      0.0000      0.0000      0.0000      0.0000      0.0000      0.0000

      0.0000      0.0000      0.0000      0.0000      0.0000      0.0000
      0.0000      0.0000      0.0000      0.0000      5.0000      7.5000
      7.5000     15.0000     15.0000     15.0000     15.0000     15.0000
     15.0000     15.0000     15.0000     15.0000     15.0000     15.0000
     15.0000     15.0000     15.0000     15.0000     15.0000     15.0000
     15.0000     15.0000     15.0000     15.0000     15.0000     15.0000
     15.0000     15.0000     15.0000     15.0000     15.0000     15.0000
     15.0000      0.0000      0.0000     15.0000     15.0000      0.0000
      0.0000      0.0000      0.0000      0.0000      0.0000      0.0000
      0.0000      0.0000      0.0000      7.5000      7.5000     15.0000
     15.0000      5.0000      5.0000     15.0000     15.0000     15.0000
     15.0000     15.0000     15.0000     15.0000     15.0000     15.0000
     15.0000     15.0000     15.0000     15.0000      5.0000      5.0000
      5.0000      0.0000      0.0000      0.0000      0.0000      0.0000
      0.0000     15.0000     15.0000      0.0000      0.0000      0.0000
      0.0000      0.0000      0.0000      0.0000      0.0000      0.0000

  USINE N]**- LUZ 1H   **  **         797.7600
     12.6000     12.6000     12.6000      2.3400      2.3400      2.3400
      2.3400      2.3400      2.3400      2.3400      2.3400      2.3400
      2.3400      5.5800      7.3800      7.3800     12.6000     12.6000
     12.6000     12.6000     12.6000     12.6000     12.6000     12.6000
     12.6000     12.6000     12.6000     12.6000     12.6000     12.6000
     12.6000     12.6000     12.6000     12.6000     12.6000     12.6000
     12.6000     12.6000     12.6000     12.6000     12.6000     12.6000
     12.6000     12.6000     12.6000     12.6000      2.3400      2.3400
     12.6000     12.6000      2.3400      2.3400      2.3400      2.3400
      2.3400      2.3400      2.3400      2.3400      2.3400      2.3400
      7.3800      7.3800     12.6000     12.6000      5.5800      5.5800
     12.6000     12.6000     12.6000     12.6000     12.6000     12.6000
     12.6000     12.6000     12.6000     12.6000     12.6000     12.6000
     12.6000      5.5800      5.5800      5.5800      2.3400      2.3400
      2.3400      2.3400      2.3400      2.3400     12.6000     12.6000
      2.3400      2.3400      2.3400      2.3400      2.3400      2.3400

      8.2031      8.2031      8.2031      1.5234      1.5234      1.5234
      1.5234      1.5234      1.5234      1.5234      1.5234      1.5234
      1.5234      3.6328      4.8047      4.8047      8.2031      8.2031
      8.2031      8.2031      8.2031      8.2031      8.2031      8.2031
      8.2031      8.2031      8.2031      8.2031      8.2031      8.2031
      8.2031      8.2031      8.2031      8.2031      8.2031      8.2031
      8.2031      8.2031      8.2031      8.2031      8.2031      8.2031
      8.2031      8.2031      8.2031      8.2031      1.5234      1.5234
      8.2031      8.2031      1.5234      1.5234      1.5234      1.5234
      1.5234      1.5234      1.5234      1.5234      1.5234      1.5234
      4.8047      4.8047      8.2031      8.2031      3.6328      3.6328
      8.2031      8.2031      8.2031      8.2031      8.2031      8.2031
      8.2031      8.2031      8.2031      8.2031      8.2031      8.2031
      8.2031      3.6328      3.6328      3.6328      1.5234      1.5234
      1.5234      1.5234      1.5234      1.5234      8.2031      8.2031
      1.5234      1.5234      1.5234      1.5234      1.5234      1.5234

  USINE N]**- P.REIH   **  **        3189.5687
     37.3443     35.3443     35.3443     28.0843     26.0843     26.0843
     26.0843     26.0843     26.0843     24.0843     26.0843     28.0843
     24.0843     29.3243     33.1243     29.1243     38.3443     34.3443
     38.3443     34.3443     38.3443     34.3443     38.3443     34.3443
     38.3443     36.3443     34.3443     38.3443     36.3443     34.3443
     36.3443     36.3443     40.1443     37.9443     41.4000     40.4887
     37.9443     39.9443     41.4000     40.4887     38.4887     41.4000
     39.9443     39.9443     37.9443     41.9443     29.6843     27.6843
     38.3600     36.3600     26.1000     24.1000     28.1000     26.1000
     24.1000     28.1000     24.1000     26.1000     28.1000     24.1000
     33.1400     29.1400     38.3600     36.3600     28.3400     30.3400
     36.3600     36.3600     36.3600     36.3600     36.3600     36.3600
     36.3600     36.3600     36.3600     36.3600     36.3600     36.3600
     36.3600     29.3400     31.1400     32.9400     29.7000     29.7000
     27.7000     31.7000     29.7000     29.7000     39.9600     39.9600
     29.7000     29.7000     27.7000     31.7000     29.7000     28.7000

      6.0437      0.0000      0.0000      4.5451      4.2214      0.0000
      0.0000      0.0000      0.0000      0.0000      4.2214      4.5451
      3.8977      4.7457      5.3607      4.7134      6.2055      5.5581
      6.2055      5.5581      6.2055      5.5581      6.2055      5.5581
      6.2055      5.8818      5.5581      6.2055      5.8818      5.5581
      5.8818      5.8818      6.4968      6.1408      6.7000      6.5525
      6.1408      6.4644      6.7000      6.5525      6.2288      6.7000
      6.4644      6.4644      0.0000      6.7000      0.0000      0.0000
      6.2080      5.8843      4.2239      3.9002      4.5476      0.0000
      0.0000      4.5476      3.9002      4.2239      4.5476      3.9002
      5.3632      0.0000      6.2080      5.8843      3.3500      3.3500
      3.3500      3.3500      3.3500      3.3500      3.3500      3.3500
      3.3500      3.3500      3.3500      3.3500      3.3500      3.3500
      3.3500      3.3500      3.3500      0.0000      0.0000      0.0000
      0.0000      3.3500      3.3500      3.3500      3.3500      3.3500
      0.0000      0.0000      0.0000      3.3500      0.0000      0.0000

  USINE N]**- SOULOH   **   0        3189.5687
     37.3443     35.3443     35.3443     28.0843     26.0843     26.0843
     26.0843     26.0843     26.0843     24.0843     26.0843     28.0843
     24.0843     29.3243     33.1243     29.1243     38.3443     34.3443
     38.3443     34.3443     38.3443     34.3443     38.3443     34.3443
     38.3443     36.3443     34.3443     38.3443     36.3443     34.3443
     36.3443     36.3443     40.1443     37.9443     41.4000     40.4887
     37.9443     39.9443     41.4000     40.4887     38.4887     41.4000
     39.9443     39.9443     37.9443     41.9443     29.6843     27.6843
     38.3600     36.3600     26.1000     24.1000     28.1000     26.1000
     24.1000     28.1000     24.1000     26.1000     28.1000     24.1000
     33.1400     29.1400     38.3600     36.3600     28.3400     30.3400
     36.3600     36.3600     36.3600     36.3600     36.3600     36.3600
     36.3600     36.3600     36.3600     36.3600     36.3600     36.3600
     36.3600     29.3400     31.1400     32.9400     29.7000     29.7000
     27.7000     31.7000     29.7000     29.7000     39.9600     39.9600
     29.7000     29.7000     27.7000     31.7000     29.7000     28.7000

      0.0000      0.0000      0.0000      0.0000      0.0000      0.0000
      0.0000      0.0000      0.0000      0.0000      0.0000      0.0000
      0.0000      0.0000      0.0000      0.0000      0.0000      0.0000
      0.0000      0.0000      0.0000      0.0000      0.0000      0.0000
      0.0000      0.0000      0.0000      0.0000      0.0000      0.0000
      0.0000      0.0000      0.0000      0.0000      0.0000      0.0000
      0.0000      0.0000      0.0000      0.0000      0.0000      0.0000
      0.0000      0.0000      0.0000      0.0000      0.0000      0.0000
      0.0000      0.0000      0.0000      0.0000      0.0000      0.0000
      0.0000      0.0000      0.0000      0.0000      0.0000      0.0000
      0.0000      0.0000      0.0000      0.0000      0.0000      0.0000
      0.0000      0.0000      0.0000      0.0000      0.0000      0.0000
      0.0000      0.0000      0.0000      0.0000      0.0000      0.0000
      0.0000      0.0000      0.0000      0.0000      0.0000      0.0000
      0.0000      0.0000      0.0000      0.0000      0.0000      0.0000
      0.0000      0.0000      0.0000      0.0000      0.0000      0.0000

   DONNEES POUR LA VALLEE N]28-TARN     DATE: 22/03/10    10 USINE(S)     7 RESERVOIR(S)
  LAC N]**- PINETR     0.1000E+04      7.070         -75.6000
   2232.4000   2246.8000   2261.2000   2275.6000   2290.0000   2304.4000
   2318.8000   2333.2000   2347.6000   2362.0000   2376.4000   2390.8000
   2405.2000   2419.6000   2434.0000   2448.4000   2462.8000   2380.0000
   2297.2000   2263.0000   2277.4000   2291.8000   2209.0000   2126.2000
   2043.4000   2009.2000   2023.6000   2038.0000   2052.4000   2066.8000
   2081.2000   2095.6000   2110.0000   2124.4000   2138.8000   2153.2000
   2167.6000   2182.0000   2099.2000   2016.4000   1982.2000   1996.6000
   2011.0000   2025.4000   2039.8000   2054.2000   2068.6000   2083.0000
   2097.4000   2111.8000   2126.2000   2140.6000   2155.0000   2169.4000
   2183.8000   2198.2000   2212.6000   2227.0000   2241.4000   2255.8000
   2270.2000   2284.6000   2299.0000   2313.4000   2327.8000   2342.2000
   2308.0000   2273.8000   2239.6000   2205.4000   2171.2000   2137.0000
   2151.4000   2165.8000   2131.6000   2097.4000   2111.8000   2126.2000
   2140.6000   2155.0000   2169.4000   2183.8000   2198.2000   2212.6000
   2227.0000   2241.4000   2207.2000   2173.0000   2138.8000   2153.2000
   2167.6000   2133.4000   2099.2000   2113.6000   2128.0000   2142.4000

  LAC N]**- TRUELR     0.1000E+04      0.000         -43.5800
    971.2000    994.2400   1017.2800   1040.3200   1063.3600   1086.4000
   1109.4400   1132.4800   1155.5200   1178.5600   1201.6000   1224.6400
   1247.6800   1218.8800   1190.0800   1213.1200   1248.9400   1199.9800
   1111.9600    975.3400   1011.1600   1046.9800    998.0200    949.0600
    900.1000    901.5400    902.2600    902.9800    938.8000    974.6200
   1010.4400   1046.2600   1082.0800   1117.9000   1153.7200   1189.5400
   1190.2600   1190.9800   1048.9600    906.3800    907.8200    904.7600
    914.6600    950.4800    986.3000   1022.1200   1022.8400   1023.5600
   1033.6400   1043.7200   1066.7600   1089.8000   1112.8400   1135.8800
   1158.9200   1181.9600   1205.0000   1228.0400   1215.9800   1203.9200
   1226.9600   1250.0000   1156.0400   1062.0800    981.0800    965.2400
    998.0000   1069.6400   1141.2800   1212.9200   1102.5800    992.2400
   1015.2800   1038.3200   1026.9800   1015.6400   1003.5800   1026.6200
   1049.6600   1072.7000   1095.7400   1118.7800   1141.8200   1164.8600
   1187.9000   1210.9400   1061.5400    912.1400    931.9400    903.1400
    926.1800    997.8200   1030.5800    975.5000    920.4200    956.4200

  LAC N]**- PARELR     0.1000E+04      7.070           0.0000
 140429.0080 140429.0080 140429.0080 140429.0080 140429.0080 140429.0080
 140429.0080 140429.0080 140429.0080 140429.0080 140429.0080 140429.0080
 140429.0080 140429.0080 140429.0080 140429.0080 140429.0080 140429.0080
 140429.0080 140429.0080 140429.0080 140429.0080 140429.0080 140429.0080
 140429.0080 140429.0080 140429.0080 140429.0080 140429.0080 140429.0080
 140429.0080 140429.0080 140429.0080 140429.0080 140429.0080 140429.0080
 140429.0080 140429.0080 140429.0080 140429.0080 140429.0080 140429.0080
 140429.0080 140429.0080 140429.0080 140429.0080 140429.0080 140429.0080
 140429.0080 140429.0080 140429.0080 140429.0080 140429.0080 140429.0080
 140429.0080 140429.0080 140429.0080 140429.0080 140429.0080 140429.0080
 140429.0080 140429.0080 140429.0080 140429.0080 140429.0080 140429.0080
 140429.0080 140429.0080 140429.0080 140429.0080 140429.0080 140429.0080
 140429.0080 140429.0080 140429.0080 140429.0080 140429.0080 140429.0080
 140429.0080 140429.0080 140429.0080 140429.0080 140429.0080 140429.0080
 140429.0080 140429.0080 140429.0080 140429.0080 140429.0080 140429.0080
 140429.0080 140429.0080 140429.0080 140429.0080 140429.0080 140429.0080

  LAC N]**- VILLER     0.1000E+04      0.000         -29.1600
   7883.5800   7898.1600   7912.7400   7927.3200   7941.9000   7956.4800
   7971.0600   7985.6400   8000.2200   8014.8000   8029.3800   8043.9600
   8058.5400   8073.1200   8087.7000   8102.2800   8091.1200   8066.8200
   8042.5200   8031.3600   8020.2000   8009.0400   7997.8800   7986.7200
   7975.5600   7977.3600   7979.1600   7968.0000   7956.8400   7945.6800
   7934.5200   7923.3600   7912.2000   7901.0400   7889.8800   7865.5800
   7841.2800   7830.1200   7818.9600   7820.7600   7822.5600   7824.3600
   7826.1600   7827.9600   7829.7600   7831.5600   7833.3600   7835.1600
   7849.7400   7864.3200   7878.9000   7893.4800   7908.0600   7922.6400
   7937.2200   7951.8000   7966.3800   7980.9600   7995.5400   8010.1200
   8024.7000   8039.2800   8053.8600   8068.4400   8056.9200   8031.9000
   8006.8800   7981.8600   7956.8400   7931.8200   7906.8000   7895.2800
   7883.7600   7858.7400   7833.7200   7808.7000   7797.1800   7785.6600
   7787.2800   7788.9000   7803.4800   7818.0600   7832.6400   7847.2200
   7835.7000   7824.1800   7812.6600   7801.1400   7789.6200   7791.2400
   7792.8600   7807.4400   7822.0200   7823.6400   7825.2600   7839.8400

  LAC N]**- JOURDR     0.1000E+04      0.000         -50.3800
   2826.4000   2830.0000   2781.7600   2733.5200   2685.2800   2637.0400
   2588.8000   2540.5600   2492.3200   2444.0800   2395.8400   2347.6000
   2299.3600   2251.1200   2254.7200   2258.3200   2195.1400   2118.1000
   2236.1800   2393.3200   2564.1400   2513.9200   2436.8800   2541.8200
   2646.7600   2778.5200   2813.2600   2800.1200   2799.9400   2764.6600
   2729.3800   2694.1000   2658.8200   2623.5400   2588.2600   2552.9800
   2530.8400   2528.8600   2498.0800   2707.2400   2919.6600   2954.4000
   2945.0400   2922.7200   2874.4800   2826.2400   2778.0000   2764.8600
   2751.7200   2716.4400   2681.1600   2632.9200   2584.6800   2536.4400
   2488.2000   2439.9600   2391.7200   2343.4800   2295.2400   2282.1000
   2268.9600   2220.7200   2172.4800   2241.2400   2310.0000   2376.9600
   2365.4400   2353.9200   2303.5200   2279.9400   2256.3600   2429.7000
   2589.5400   2552.4600   2528.8800   2588.2800   2647.6800   2645.7000
   2623.5600   2588.2800   2553.0000   2504.7600   2456.5200   2408.2800
   2360.0400   2337.9000   2315.7600   2514.6600   2713.5600   2743.2600
   2759.8200   2724.5400   2676.3000   2666.9400   2709.7800   2752.6200

  LAC N]**- CROUXR     0.1000E+04      0.000         -60.8400
   1471.5800   1434.5000   1397.4200   1394.0000   1424.4200   1459.3400
   1474.6400   1489.9400   1505.2400   1520.5400   1531.3400   1508.3000
   1485.2600   1428.5600   1371.8600   1348.8200   1325.7800   1269.0800
   1212.3800   1155.6800   1098.9800   1042.2800   1000.5200    985.5800
    970.6400    989.3600   1015.1000   1045.3400   1102.4000   1159.4600
   1216.5200   1246.7600   1262.0600   1277.3600   1292.6600   1307.9600
   1323.2600   1338.5600   1323.9800   1309.4000   1324.7000   1340.0000
   1355.3000   1385.5400   1431.4400   1464.3800   1448.0000   1416.6800
   1419.0200   1421.3600   1390.0400   1341.8000   1293.5600   1278.9800
   1264.4000   1279.7000   1295.0000   1280.4200   1232.1800   1175.4800
   1118.7800   1095.7400   1072.7000   1049.6600   1026.6200   1037.4200
   1052.7200   1068.0200   1053.4400   1030.4000    973.7000    931.9400
    917.0000    935.7200    988.2800   1018.5200   1048.7600   1064.0600
   1079.3600   1109.6000   1139.8400   1170.0800   1200.3200   1230.5600
   1245.8600   1261.1600   1276.4600   1291.7600   1307.0600   1322.3600
   1337.6600   1352.9600   1368.2600   1383.5600   1398.8600   1414.1600

  LAC N]**- S.SABR     0.1000E+04      0.000           0.0000
      0.0000      0.0000      0.0000      0.0000      0.0000      0.0000
      0.0000      0.0000      0.0000      0.0000      0.0000      0.0000
      0.0000      0.0000      0.0000      0.0000      0.0000      0.0000
      0.0000      0.0000      0.0000      0.0000      0.0000      0.0000
      0.0000      0.0000      0.0000      0.0000      0.0000      0.0000
      0.0000      0.0000      0.0000      0.0000      0.0000      0.0000
      0.0000      0.0000      0.0000      0.0000      0.0000      0.0000
      0.0000      0.0000      0.0000      0.0000      0.0000      0.0000
      0.0000      0.0000      0.0000      0.0000      0.0000      0.0000
      0.0000      0.0000      0.0000      0.0000      0.0000      0.0000
      0.0000      0.0000      0.0000      0.0000      0.0000      0.0000
      0.0000      0.0000      0.0000      0.0000      0.0000      0.0000
      0.0000      0.0000      0.0000      0.0000      0.0000      0.0000
      0.0000      0.0000      0.0000      0.0000      0.0000      0.0000
      0.0000      0.0000      0.0000      0.0000      0.0000      0.0000
      0.0000      0.0000      0.0000      0.0000      0.0000      0.0000

  USINE N]**- PINETH   **  **        6123.6000
     48.6000     48.6000     48.6000     48.6000     48.6000     48.6000
     48.6000     48.6000     48.6000     48.6000     48.6000     48.6000
     48.6000     48.6000     48.6000     48.6000     48.6000    145.8000
    145.8000     97.2000     48.6000     48.6000    145.8000    145.8000
    145.8000     97.2000     48.6000     48.6000     48.6000     48.6000
     48.6000     48.6000     48.6000     48.6000     48.6000     48.6000
     48.6000     48.6000    145.8000    145.8000     97.2000     48.6000
     48.6000     48.6000     48.6000     48.6000     48.6000     48.6000
     48.6000     48.6000     48.6000     48.6000     48.6000     48.6000
     48.6000     48.6000     48.6000     48.6000     48.6000     48.6000
     48.6000     48.6000     48.6000     48.6000     48.6000     48.6000
     97.2000     97.2000     97.2000     97.2000     97.2000     97.2000
     48.6000     48.6000     97.2000     97.2000     48.6000     48.6000
     48.6000     48.6000     48.6000     48.6000     48.6000     48.6000
     48.6000     48.6000     97.2000     97.2000     97.2000     48.6000
     48.6000     97.2000     97.2000     48.6000     48.6000     48.6000

      3.5000      3.5000      3.5000      3.5000      3.5000      3.5000
      3.5000      3.5000      3.5000      3.5000      3.5000      3.5000
      3.5000      3.5000      3.5000      3.5000      3.5000     10.5000
     10.5000      7.0000      3.5000      3.5000     10.5000     10.5000
     10.5000      7.0000      3.5000      3.5000      3.5000      3.5000
      3.5000      3.5000      3.5000      3.5000      3.5000      3.5000
      3.5000      3.5000     10.5000     10.5000      7.0000      3.5000
      3.5000      3.5000      3.5000      3.5000      3.5000      3.5000
      3.5000      3.5000      3.5000      3.5000      3.5000      3.5000
      3.5000      3.5000      3.5000      3.5000      3.5000      3.5000
      3.5000      3.5000      3.5000      3.5000      3.5000      3.5000
      7.0000      7.0000      7.0000      7.0000      7.0000      7.0000
      3.5000      3.5000      7.0000      7.0000      3.5000      3.5000
      3.5000      3.5000      3.5000      3.5000      3.5000      3.5000
      3.5000      3.5000      7.0000      7.0000      7.0000      3.5000
      3.5000      7.0000      7.0000      3.5000      3.5000      3.5000

  USINE N]**- ALRANH   **  **           0.0000
      0.0000      0.0000      0.0000      0.0000      0.0000      0.0000
      0.0000      0.0000      0.0000      0.0000      0.0000      0.0000
      0.0000      0.0000      0.0000      0.0000      0.0000      0.0000
      0.0000      0.0000      0.0000      0.0000      0.0000      0.0000
      0.0000      0.0000      0.0000      0.0000      0.0000      0.0000
      0.0000      0.0000      0.0000      0.0000      0.0000      0.0000
      0.0000      0.0000      0.0000      0.0000      0.0000      0.0000
      0.0000      0.0000      0.0000      0.0000      0.0000      0.0000
      0.0000      0.0000      0.0000      0.0000      0.0000      0.0000
      0.0000      0.0000      0.0000      0.0000      0.0000      0.0000
      0.0000      0.0000      0.0000      0.0000      0.0000      0.0000
      0.0000      0.0000      0.0000      0.0000      0.0000      0.0000
      0.0000      0.0000      0.0000      0.0000      0.0000      0.0000
      0.0000      0.0000      0.0000      0.0000      0.0000      0.0000
      0.0000      0.0000      0.0000      0.0000      0.0000      0.0000
      0.0000      0.0000      0.0000      0.0000      0.0000      0.0000

      0.0000      0.0000      0.0000      0.0000      0.0000      0.0000
      0.0000      0.0000      0.0000      0.0000      0.0000      0.0000
      0.0000      0.0000      0.0000      0.0000      0.0000      0.0000
      0.0000      0.0000      0.0000      0.0000      0.0000      0.0000
      0.0000      0.0000      0.0000      0.0000      0.0000      0.0000
      0.0000      0.0000      0.0000      0.0000      0.0000      0.0000
      0.0000      0.0000      0.0000      0.0000      0.0000      0.0000
      0.0000      0.0000      0.0000      0.0000      0.0000      0.0000
      0.0000      0.0000      0.0000      0.0000      0.0000      0.0000
      0.0000      0.0000      0.0000      0.0000      0.0000      0.0000
      0.0000      0.0000      0.0000      0.0000      0.0000      0.0000
      0.0000      0.0000      0.0000      0.0000      0.0000      0.0000
      0.0000      0.0000      0.0000      0.0000      0.0000      0.0000
      0.0000      0.0000      0.0000      0.0000      0.0000      0.0000
      0.0000      0.0000      0.0000      0.0000      0.0000      0.0000
      0.0000      0.0000      0.0000      0.0000      0.0000      0.0000

  USINE N]**- POUG9H   **  **           0.0000
      0.0000      0.0000      0.0000      0.0000      0.0000      0.0000
      0.0000      0.0000      0.0000      0.0000      0.0000      0.0000
      0.0000      0.0000      0.0000      0.0000      0.0000      0.0000
      0.0000      0.0000      0.0000      0.0000      0.0000      0.0000
      0.0000      0.0000      0.0000      0.0000      0.0000      0.0000
      0.0000      0.0000      0.0000      0.0000      0.0000      0.0000
      0.0000      0.0000      0.0000      0.0000      0.0000      0.0000
      0.0000      0.0000      0.0000      0.0000      0.0000      0.0000
      0.0000      0.0000      0.0000      0.0000      0.0000      0.0000
      0.0000      0.0000      0.0000      0.0000      0.0000      0.0000
      0.0000      0.0000      0.0000      0.0000      0.0000      0.0000
      0.0000      0.0000      0.0000      0.0000      0.0000      0.0000
      0.0000      0.0000      0.0000      0.0000      0.0000      0.0000
      0.0000      0.0000      0.0000      0.0000      0.0000      0.0000
      0.0000      0.0000      0.0000      0.0000      0.0000      0.0000
      0.0000      0.0000      0.0000      0.0000      0.0000      0.0000

      0.0000      0.0000      0.0000      0.0000      0.0000      0.0000
      0.0000      0.0000      0.0000      0.0000      0.0000      0.0000
      0.0000      0.0000      0.0000      0.0000      0.0000      0.0000
      0.0000      0.0000      0.0000      0.0000      0.0000      0.0000
      0.0000      0.0000      0.0000      0.0000      0.0000      0.0000
      0.0000      0.0000      0.0000      0.0000      0.0000      0.0000
      0.0000      0.0000      0.0000      0.0000      0.0000      0.0000
      0.0000      0.0000      0.0000      0.0000      0.0000      0.0000
      0.0000      0.0000      0.0000      0.0000      0.0000      0.0000
      0.0000      0.0000      0.0000      0.0000      0.0000      0.0000
      0.0000      0.0000      0.0000      0.0000      0.0000      0.0000
      0.0000      0.0000      0.0000      0.0000      0.0000      0.0000
      0.0000      0.0000      0.0000      0.0000      0.0000      0.0000
      0.0000      0.0000      0.0000      0.0000      0.0000      0.0000
      0.0000      0.0000      0.0000      0.0000      0.0000      0.0000
      0.0000      0.0000      0.0000      0.0000      0.0000      0.0000

  USINE N]**- POUG9P   **  **         817.9200
     12.7800     12.7800     12.7800     12.7800     12.7800     12.7800
     12.7800     12.7800     12.7800     12.7800     12.7800     12.7800
     12.7800     12.7800     12.7800     12.7800      0.0000      0.0000
      0.0000      0.0000      0.0000      0.0000      0.0000      0.0000
      0.0000      0.0000      0.0000      0.0000      0.0000      0.0000
      0.0000      0.0000      0.0000      0.0000      0.0000      0.0000
      0.0000      0.0000      0.0000      0.0000      0.0000      0.0000
      0.0000      0.0000      0.0000      0.0000      0.0000      0.0000
     12.7800     12.7800     12.7800     12.7800     12.7800     12.7800
     12.7800     12.7800     12.7800     12.7800     12.7800     12.7800
     12.7800     12.7800     12.7800     12.7800     12.7800     12.7800
     12.7800     12.7800     12.7800     12.7800     12.7800     12.7800
     12.7800     12.7800     12.7800     12.7800     12.7800     12.7800
     12.7800     12.7800     12.7800     12.7800     12.7800     12.7800
     12.7800     12.7800     12.7800     12.7800     12.7800     12.7800
     12.7800     12.7800     12.7800     12.7800     12.7800     12.7800

    -18.0000    -18.0000    -18.0000    -18.0000    -18.0000    -18.0000
    -18.0000    -18.0000    -18.0000    -18.0000    -18.0000    -18.0000
    -18.0000    -18.0000    -18.0000    -18.0000      0.0000      0.0000
      0.0000      0.0000      0.0000      0.0000      0.0000      0.0000
      0.0000      0.0000      0.0000      0.0000      0.0000      0.0000
      0.0000      0.0000      0.0000      0.0000      0.0000      0.0000
      0.0000      0.0000      0.0000      0.0000      0.0000      0.0000
      0.0000      0.0000      0.0000      0.0000      0.0000      0.0000
    -18.0000    -18.0000    -18.0000    -18.0000    -18.0000    -18.0000
    -18.0000    -18.0000    -18.0000    -18.0000    -18.0000    -18.0000
    -18.0000    -18.0000    -18.0000    -18.0000    -18.0000    -18.0000
    -18.0000    -18.0000    -18.0000    -18.0000    -18.0000    -18.0000
    -18.0000    -18.0000    -18.0000    -18.0000    -18.0000    -18.0000
    -18.0000    -18.0000    -18.0000    -18.0000    -18.0000    -18.0000
    -18.0000    -18.0000    -18.0000    -18.0000    -18.0000    -18.0000
    -18.0000    -18.0000    -18.0000    -18.0000    -18.0000    -18.0000

  USINE N]**- TRUELH   **  **        5366.5400
     64.8000     12.9600     12.9600     12.9600     12.9600     12.9600
     12.9600     12.9600     12.9600     12.9600     12.9600     12.9600
     12.9600     64.8000     64.8000     12.9600     12.9600    194.9400
    234.0000    234.0000     12.9600     12.9600    194.9400    194.9400
    194.9400     95.9400     48.0600     48.0600     12.9600     12.9600
     12.9600     12.9600     12.9600     12.9600     12.9600     12.9600
     48.0600     48.0600    288.0000    288.5600     95.9400     51.8400
     38.8800     12.9600     12.9600     12.9600     48.0600     48.0600
     25.9200     25.9200     12.9600     12.9600     12.9600     12.9600
     12.9600     12.9600     12.9600     12.9600     48.0600     48.0600
     12.9600     12.9600    129.9600    129.9600    117.0000     51.8400
     51.8400     12.9600     12.9600     12.9600    194.9400    194.9400
     12.9600     12.9600     95.9400     95.9400     48.0600     12.9600
     12.9600     12.9600     12.9600     12.9600     12.9600     12.9600
     12.9600     12.9600    234.0000    234.0000     64.8000     64.8000
     12.9600     12.9600     51.8400     91.0800     91.0800      0.0000

      2.5000      0.5000      0.5000      0.5000      0.5000      0.5000
      0.5000      0.5000      0.5000      0.5000      0.5000      0.5000
      0.5000      2.5000      2.5000      0.5000      0.5000      7.5000
      9.0000      9.0000      0.5000      0.5000      7.5000      7.5000
      7.5000      3.8000      1.9000      1.9000      0.5000      0.5000
      0.5000      0.5000      0.5000      0.5000      0.5000      0.5000
      1.9000      1.9000     11.0000     11.0000      3.8000      2.0000
      1.5000      0.5000      0.5000      0.5000      1.9000      1.9000
      1.0000      1.0000      0.5000      0.5000      0.5000      0.5000
      0.5000      0.5000      0.5000      0.5000      1.9000      1.9000
      0.5000      0.5000      5.0000      5.0000      4.5000      2.0000
      2.0000      0.5000      0.5000      0.5000      7.5000      7.5000
      0.5000      0.5000      3.8000      3.8000      1.9000      0.5000
      0.5000      0.5000      0.5000      0.5000      0.5000      0.5000
      0.5000      0.5000      9.0000      9.0000      2.5000      2.5000
      0.5000      0.5000      2.0000      3.5000      3.5000      0.0000

  USINE N]**- POUG8H   **  **           0.0000
      0.0000      0.0000      0.0000      0.0000      0.0000      0.0000
      0.0000      0.0000      0.0000      0.0000      0.0000      0.0000
      0.0000      0.0000      0.0000      0.0000      0.0000      0.0000
      0.0000      0.0000      0.0000      0.0000      0.0000      0.0000
      0.0000      0.0000      0.0000      0.0000      0.0000      0.0000
      0.0000      0.0000      0.0000      0.0000      0.0000      0.0000
      0.0000      0.0000      0.0000      0.0000      0.0000      0.0000
      0.0000      0.0000      0.0000      0.0000      0.0000      0.0000
      0.0000      0.0000      0.0000      0.0000      0.0000      0.0000
      0.0000      0.0000      0.0000      0.0000      0.0000      0.0000
      0.0000      0.0000      0.0000      0.0000      0.0000      0.0000
      0.0000      0.0000      0.0000      0.0000      0.0000      0.0000
      0.0000      0.0000      0.0000      0.0000      0.0000      0.0000
      0.0000      0.0000      0.0000      0.0000      0.0000      0.0000
      0.0000      0.0000      0.0000      0.0000      0.0000      0.0000
      0.0000      0.0000      0.0000      0.0000      0.0000      0.0000

      0.0000      0.0000      0.0000      0.0000      0.0000      0.0000
      0.0000      0.0000      0.0000      0.0000      0.0000      0.0000
      0.0000      0.0000      0.0000      0.0000      0.0000      0.0000
      0.0000      0.0000      0.0000      0.0000      0.0000      0.0000
      0.0000      0.0000      0.0000      0.0000      0.0000      0.0000
      0.0000      0.0000      0.0000      0.0000      0.0000      0.0000
      0.0000      0.0000      0.0000      0.0000      0.0000      0.0000
      0.0000      0.0000      0.0000      0.0000      0.0000      0.0000
      0.0000      0.0000      0.0000      0.0000      0.0000      0.0000
      0.0000      0.0000      0.0000      0.0000      0.0000      0.0000
      0.0000      0.0000      0.0000      0.0000      0.0000      0.0000
      0.0000      0.0000      0.0000      0.0000      0.0000      0.0000
      0.0000      0.0000      0.0000      0.0000      0.0000      0.0000
      0.0000      0.0000      0.0000      0.0000      0.0000      0.0000
      0.0000      0.0000      0.0000      0.0000      0.0000      0.0000
      0.0000      0.0000      0.0000      0.0000      0.0000      0.0000

  USINE N]**- POUGEH   **  **        1019.8800
      0.0000      0.0000      0.0000      0.0000      0.0000      0.0000
      0.0000      0.0000      0.0000      0.0000      0.0000      0.0000
      0.0000      0.0000      0.0000      0.0000     12.9600     26.1000
     26.1000     12.9600     12.9600     12.9600     12.9600     12.9600
     12.9600      0.0000      0.0000     12.9600     12.9600     12.9600
     12.9600     12.9600     12.9600     12.9600     12.9600     26.1000
     26.1000     12.9600     12.9600      0.0000      0.0000      0.0000
      0.0000      0.0000      0.0000      0.0000      0.0000      0.0000
      0.0000      0.0000      0.0000      0.0000      0.0000      0.0000
      0.0000      0.0000      0.0000      0.0000      0.0000      0.0000
      0.0000      0.0000      0.0000      0.0000     26.1000     39.6000
     39.6000     39.6000     39.6000     39.6000     39.6000     26.1000
     26.1000     39.6000     39.6000     39.6000     26.1000     26.1000
     12.9600     12.9600      0.0000      0.0000      0.0000      0.0000
     26.1000     26.1000     26.1000     26.1000     26.1000     12.9600
     12.9600      0.0000      0.0000     12.9600     12.9600      0.0000

      0.0000      0.0000      0.0000      0.0000      0.0000      0.0000
      0.0000      0.0000      0.0000      0.0000      0.0000      0.0000
      0.0000      0.0000      0.0000      0.0000     14.0000     28.0000
     28.0000     14.0000     14.0000     14.0000     14.0000     14.0000
     14.0000      0.0000      0.0000     14.0000     14.0000     14.0000
     14.0000     14.0000     14.0000     14.0000     14.0000     28.0000
     28.0000     14.0000     14.0000      0.0000      0.0000      0.0000
      0.0000      0.0000      0.0000      0.0000      0.0000      0.0000
      0.0000      0.0000      0.0000      0.0000      0.0000      0.0000
      0.0000      0.0000      0.0000      0.0000      0.0000      0.0000
      0.0000      0.0000      0.0000      0.0000     28.0000     42.5000
     42.5000     42.5000     42.5000     42.5000     42.5000     28.0000
     28.0000     42.5000     42.5000     42.5000     28.0000     28.0000
     14.0000     14.0000      0.0000      0.0000      0.0000      0.0000
     28.0000     28.0000     28.0000     28.0000     28.0000     14.0000
     14.0000      0.0000      0.0000     14.0000     14.0000      0.0000

  USINE N]**- JOURDH   **  **        6694.2000
     63.0000     63.0000     63.0000     63.0000     63.0000     63.0000
     63.0000     63.0000     63.0000     63.0000     63.0000     63.0000
     63.0000     63.0000     63.0000     63.0000     77.9400    104.7600
    104.7600    104.7600     77.9400     77.9400    104.7600    104.7600
    104.7600     77.9400     63.0000     63.0000     63.0000     63.0000
     63.0000     63.0000     63.0000     63.0000     63.0000     63.0000
     63.0000     77.9400     93.6000     93.6000     77.9400     63.0000
     63.0000     63.0000     63.0000     63.0000     63.0000     63.0000
     63.0000     63.0000     63.0000     63.0000     63.0000     63.0000
     63.0000     63.0000     63.0000     63.0000     63.0000     63.0000
     63.0000     63.0000     63.0000     63.0000     63.0000     77.9400
    104.7600    104.7600    104.7600     77.9400     77.9400     63.0000
     63.0000     77.9400     77.9400     77.9400     77.9400     77.9400
     63.0000     63.0000     63.0000     63.0000     63.0000     63.0000
     63.0000     63.0000     63.0000     63.0000     63.0000     63.0000
     63.0000     63.0000     63.0000     63.0000     63.0000     63.0000

      2.0174      2.0174      2.0174      2.0174      2.0174      2.0174
      2.0174      2.0174      2.0174      2.0174      2.0174      2.0174
      2.0174      2.0174      2.0174      2.0174      2.5000      3.5000
      3.5000      3.5000      2.5000      2.5000      3.5000      3.5000
      3.5000      2.5000      2.0174      2.0174      2.0174      2.0174
      2.0174      2.0174      2.0174      2.0174      2.0174      2.0174
      2.0174      2.5000      3.0000      3.0000      2.5000      2.0174
      2.0174      2.0174      2.0174      2.0174      2.0174      2.0174
      2.0174      2.0174      2.0174      2.0174      2.0174      2.0174
      2.0174      2.0174      2.0174      2.0174      2.0174      2.0174
      2.0174      2.0174      2.0174      2.0174      2.0174      2.5000
      3.5000      3.5000      3.5000      2.5000      2.5000      2.0174
      2.0174      2.5000      2.5000      2.5000      2.5000      2.5000
      2.0174      2.0174      2.0174      2.0174      2.0174      2.0174
      2.0174      2.0174      2.0174      2.0174      2.0174      2.0174
      2.0174      2.0174      2.0174      2.0174      2.0174      2.0174

  USINE N]**- CROUXH   **  **        8341.5600
    101.3400    135.0000    135.0000    101.3400     67.5000     63.0000
     63.0000     63.0000     63.0000     63.0000     67.5000    101.3400
    101.3400    135.0000    135.0000    101.3400    101.3400    135.0000
    135.0000    135.0000    135.0000    135.0000    135.0000    135.0000
    135.0000    101.3400     67.5000     63.0000     63.0000     63.0000
     63.0000     63.0000     63.0000     63.0000     63.0000     63.0000
     63.0000     63.0000     92.8800     92.8800     63.0000     63.0000
     63.0000     63.0000     63.0000     75.9600    109.6200    109.6200
     75.9600     75.9600    109.6200    126.5400    126.5400     92.8800
     92.8800     63.0000     63.0000     92.8800    126.5400    135.0000
    135.0000    101.3400    101.3400    101.3400    101.3400     67.5000
     63.0000     63.0000     92.8800    101.3400    135.0000    135.0000
    135.0000    101.3400     67.5000     63.0000     63.0000     63.0000
     63.0000     63.0000     63.0000     63.0000     63.0000     63.0000
     63.0000     63.0000     63.0000     63.0000     63.0000     63.0000
     63.0000     63.0000     63.0000     63.0000     63.0000     63.0000

      3.0000      4.0000      4.0000      3.0000      2.0000      1.8670
      1.8670      1.8670      1.8670      1.8670      2.0000      3.0000
      3.0000      4.0000      4.0000      3.0000      3.0000      4.0000
      4.0000      4.0000      4.0000      4.0000      4.0000      4.0000
      4.0000      3.0000      2.0000      1.8670      1.8670      1.8670
      1.8670      1.8670      1.8670      1.8670      1.8670      1.8670
      1.8670      1.8670      2.7500      2.7500      1.8670      1.8670
      1.8670      1.8670      1.8670      2.2500      3.2500      3.2500
      2.2500      2.2500      3.2500      3.7500      3.7500      2.7500
      2.7500      1.8670      1.8670      2.7500      3.7500      4.0000
      4.0000      3.0000      3.0000      3.0000      3.0000      2.0000
      1.8670      1.8670      2.7500      3.0000      4.0000      4.0000
      4.0000      3.0000      2.0000      1.8670      1.8670      1.8670
      1.8670      1.8670      1.8670      1.8670      1.8670      1.8670
      1.8670      1.8670      1.8670      1.8670      1.8670      1.8670
      1.8670      1.8670      1.8670      1.8670      1.8670      1.8670

  USINE N]**- S.SABH   **   0        9597.2400
    102.7800    102.7800    102.7800    102.7800    102.7800    102.7800
    102.7800    102.7800    102.7800    102.7800    102.7800    102.7800
    102.7800    102.7800    102.7800    102.7800    109.0800    142.7400
    142.7400    109.0800     75.2400     70.7400     70.7400     70.7400
     70.7400     70.7400     75.2400    109.0800    109.0800    142.7400
    142.7400    109.0800    109.0800    142.7400    142.7400    142.7400
    142.7400    142.7400    142.7400    142.7400    142.7400    109.0800
     75.2400     70.7400     70.7400     70.7400     70.7400     70.7400
     70.7400     70.7400     70.7400     70.7400     70.7400     70.7400
    100.6200    100.6200     70.7400     70.7400     70.7400     70.7400
     70.7400     83.7000    117.3600    117.3600     83.7000     83.7000
    117.3600    134.2800    134.2800    100.6200    100.6200     70.7400
     70.7400    100.6200    134.2800    142.7400    142.7400    109.0800
    109.0800    109.0800    109.0800     75.2400     70.7400     70.7400
    100.6200    109.0800    142.7400    142.7400    142.7400    109.0800
     75.2400     70.7400     70.7400     70.7400     70.7400     70.7400

      0.0000      0.0000      0.0000      4.2825      4.2825      0.0000
      0.0000      0.0000      0.0000      0.0000      4.2825      4.2825
      4.2825      4.2825      4.2825      4.2825      4.5450      5.9475
      5.9475      4.5450      3.1350      2.9475      2.9475      2.9475
      2.9475      2.9475      3.1350      4.5450      4.5450      5.9475
      5.9475      4.5450      4.5450      5.9475      5.9475      5.9475
      5.9475      5.9475      5.9475      5.9475      5.9475      4.5450
      3.1350      2.9475      0.0000      2.9475      0.0000      0.0000
      2.9475      2.9475      2.9475      2.9475      2.9475      0.0000
      0.0000      4.1925      2.9475      2.9475      2.9475      2.9475
      2.9475      0.0000      4.8900      4.8900      3.4875      3.4875
      4.8900      5.5950      5.5950      4.1925      4.1925      2.9475
      2.9475      4.1925      5.5950      5.9475      5.9475      4.5450
      4.5450      4.5450      4.5450      3.1350      0.0000      2.9475
      4.1925      4.5450      5.9475      5.9475      5.9475      4.5450
      0.0000      0.0000      0.0000      2.9475      0.0000      0.0000

   DONNEES POUR LA VALLEE N]32-ARAING   DATE: 22/03/10     2 USINE(S)     2 RESERVOIR(S)
  LAC N]**- ARAINR     0.1000E+04     15.740           0.0000
    810.0000    810.0000    810.0000    810.0000    810.0000    810.0000
    810.0000    810.0000    810.0000    810.0000    810.0000    810.0000
    810.0000    810.0000    810.0000    810.0000    810.0000    810.0000
    810.0000    810.0000    810.0000    810.0000    810.0000    810.0000
    810.0000    810.0000    810.0000    810.0000    810.0000    810.0000
    810.0000    810.0000    810.0000    810.0000    810.0000    810.0000
    810.0000    810.0000    810.0000    810.0000    810.0000    810.0000
    810.0000    810.0000    810.0000    810.0000    810.0000    810.0000
    810.0000    810.0000    810.0000    810.0000    810.0000    810.0000
    810.0000    810.0000    810.0000    810.0000    810.0000    810.0000
    810.0000    810.0000    810.0000    810.0000    810.0000    810.0000
    810.0000    810.0000    810.0000    810.0000    810.0000    810.0000
    810.0000    810.0000    810.0000    810.0000    810.0000    810.0000
    810.0000    810.0000    810.0000    810.0000    810.0000    810.0000
    810.0000    810.0000    810.0000    810.0000    810.0000    810.0000
    810.0000    810.0000    810.0000    810.0000    810.0000    810.0000

  LAC N]**- BORD5R     0.1000E+04      0.000           0.0000
      0.0000      0.0000      0.0000      0.0000      0.0000      0.0000
      0.0000      0.0000      0.0000      0.0000      0.0000      0.0000
      0.0000      0.0000      0.0000      0.0000      0.0000      0.0000
      0.0000      0.0000      0.0000      0.0000      0.0000      0.0000
      0.0000      0.0000      0.0000      0.0000      0.0000      0.0000
      0.0000      0.0000      0.0000      0.0000      0.0000      0.0000
      0.0000      0.0000      0.0000      0.0000      0.0000      0.0000
      0.0000      0.0000      0.0000      0.0000      0.0000      0.0000
      0.0000      0.0000      0.0000      0.0000      0.0000      0.0000
      0.0000      0.0000      0.0000      0.0000      0.0000      0.0000
      0.0000      0.0000      0.0000      0.0000      0.0000      0.0000
      0.0000      0.0000      0.0000      0.0000      0.0000      0.0000
      0.0000      0.0000      0.0000      0.0000      0.0000      0.0000
      0.0000      0.0000      0.0000      0.0000      0.0000      0.0000
      0.0000      0.0000      0.0000      0.0000      0.0000      0.0000
      0.0000      0.0000      0.0000      0.0000      0.0000      0.0000

  USINE N]**- EYLIEH   **  **           0.0000
      0.0000      0.0000      0.0000      0.0000      0.0000      0.0000
      0.0000      0.0000      0.0000      0.0000      0.0000      0.0000
      0.0000      0.0000      0.0000      0.0000      0.0000      0.0000
      0.0000      0.0000      0.0000      0.0000      0.0000      0.0000
      0.0000      0.0000      0.0000      0.0000      0.0000      0.0000
      0.0000      0.0000      0.0000      0.0000      0.0000      0.0000
      0.0000      0.0000      0.0000      0.0000      0.0000      0.0000
      0.0000      0.0000      0.0000      0.0000      0.0000      0.0000
      0.0000      0.0000      0.0000      0.0000      0.0000      0.0000
      0.0000      0.0000      0.0000      0.0000      0.0000      0.0000
      0.0000      0.0000      0.0000      0.0000      0.0000      0.0000
      0.0000      0.0000      0.0000      0.0000      0.0000      0.0000
      0.0000      0.0000      0.0000      0.0000      0.0000      0.0000
      0.0000      0.0000      0.0000      0.0000      0.0000      0.0000
      0.0000      0.0000      0.0000      0.0000      0.0000      0.0000
      0.0000      0.0000      0.0000      0.0000      0.0000      0.0000

      0.0000      0.0000      0.0000      0.0000      0.0000      0.0000
      0.0000      0.0000      0.0000      0.0000      0.0000      0.0000
      0.0000      0.0000      0.0000      0.0000      0.0000      0.0000
      0.0000      0.0000      0.0000      0.0000      0.0000      0.0000
      0.0000      0.0000      0.0000      0.0000      0.0000      0.0000
      0.0000      0.0000      0.0000      0.0000      0.0000      0.0000
      0.0000      0.0000      0.0000      0.0000      0.0000      0.0000
      0.0000      0.0000      0.0000      0.0000      0.0000      0.0000
      0.0000      0.0000      0.0000      0.0000      0.0000      0.0000
      0.0000      0.0000      0.0000      0.0000      0.0000      0.0000
      0.0000      0.0000      0.0000      0.0000      0.0000      0.0000
      0.0000      0.0000      0.0000      0.0000      0.0000      0.0000
      0.0000      0.0000      0.0000      0.0000      0.0000      0.0000
      0.0000      0.0000      0.0000      0.0000      0.0000      0.0000
      0.0000      0.0000      0.0000      0.0000      0.0000      0.0000
      0.0000      0.0000      0.0000      0.0000      0.0000      0.0000

  USINE N]**- BORD5H   **   0         518.4000
      5.4000      5.4000      5.4000      5.4000      5.4000      5.4000
      5.4000      5.4000      5.4000      5.4000      5.4000      5.4000
      5.4000      5.4000      5.4000      5.4000      5.4000      5.4000
      5.4000      5.4000      5.4000      5.4000      5.4000      5.4000
      5.4000      5.4000      5.4000      5.4000      5.4000      5.4000
      5.4000      5.4000      5.4000      5.4000      5.4000      5.4000
      5.4000      5.4000      5.4000      5.4000      5.4000      5.4000
      5.4000      5.4000      5.4000      5.4000      5.4000      5.4000
      5.4000      5.4000      5.4000      5.4000      5.4000      5.4000
      5.4000      5.4000      5.4000      5.4000      5.4000      5.4000
      5.4000      5.4000      5.4000      5.4000      5.4000      5.4000
      5.4000      5.4000      5.4000      5.4000      5.4000      5.4000
      5.4000      5.4000      5.4000      5.4000      5.4000      5.4000
      5.4000      5.4000      5.4000      5.4000      5.4000      5.4000
      5.4000      5.4000      5.4000      5.4000      5.4000      5.4000
      5.4000      5.4000      5.4000      5.4000      5.4000      5.4000

      0.0000      0.0000      0.0000      1.6875      1.6875      0.0000
      0.0000      0.0000      0.0000      0.0000      1.6875      1.6875
      1.6875      1.6875      1.6875      1.6875      1.6875      1.6875
      1.6875      1.6875      1.6875      0.0000      1.6875      1.6875
      1.6875      1.6875      1.6875      1.6875      1.6875      1.6875
      1.6875      1.6875      1.6875      0.0000      1.6875      1.6875
      1.6875      1.6875      1.6875      1.6875      1.6875      1.6875
      1.6875      1.6875      0.0000      1.6875      0.0000      0.0000
      1.6875      1.6875      1.6875      1.6875      1.6875      0.0000
      0.0000      1.6875      1.6875      1.6875      1.6875      1.6875
      1.6875      0.0000      1.6875      1.6875      1.6875      1.6875
      1.6875      1.6875      1.6875      1.6875      1.6875      1.6875
      1.6875      1.6875      1.6875      1.6875      1.6875      1.6875
      1.6875      1.6875      1.6875      0.0000      0.0000      1.6875
      1.6875      1.6875      1.6875      1.6875      1.6875      1.6875
      0.0000      0.0000      0.0000      1.6875      0.0000      0.0000

