   OPTIMISATION HYDRAULIQUE **(( RESULTATS SOUS FORMAT OVIDE ))**  DAT.DEBUT:  0  ITER: 501
   DONNEES POUR LA VALLEE N] 1-DORDOGNE DATE: 07/09/09     6 USINE(S)     5 RESERVOIR(S)
  LAC N] 1- BORT R     0.1000E+04      4.140       -2592.0000
 263844.9920 263844.9920 263844.9920 263844.9920 263844.9920 263844.9920
 263844.9920 263844.9920 263844.9920 263844.9920 263844.9920 263844.9920
 263844.9920 263844.9920 263844.9920 263844.9920 263844.9920 263844.9920
 263844.9920 263844.9920 263844.9920 263844.9920 263844.9920 263844.9920
 263844.9920 263844.9920 263844.9920 263844.9920 263844.9920 263844.9920
 263844.9920 263844.9920 263844.9920 263844.9920 263844.9920 263844.9920
 263682.9920 263520.9920 263520.9920 263520.9920 263520.9920 263520.9920
 263358.9920 263196.9920 263034.9920 262872.9920 262872.9920 262872.9920
 262710.9920 262548.9920 262548.9920 262548.9920 262548.9920 262548.9920
 262548.9920 262548.9920 262548.9920 262548.9920 262548.9920 262548.9920
 262548.9920 262548.9920 262548.9920 262548.9920 262548.9920 262548.9920
 262548.9920 262548.9920 262548.9920 262548.9920 262548.9920 262548.9920
 262548.9920 262548.9920 262548.9920 262548.9920 262548.9920 262548.9920
 262548.9920 262548.9920 262548.9920 262548.9920 262548.9920 262548.9920
 262548.9920 262386.9920 262224.9920 262062.9920 261900.9920 261738.9920
 261738.9920 261738.9920 261738.9920 261576.9920 261414.9920 261414.9920

  LAC N] 2- MAREFR     0.1000E+04      0.000           0.0000
      0.0000      0.0000      0.0000      0.0000      0.0000      0.0000
      0.0000      0.0000      0.0000      0.0000      0.0000      0.0000
      0.0000      0.0000      0.0000      0.0000      0.0000      0.0000
      0.0000      0.0000      0.0000      0.0000      0.0000      0.0000
      0.0000      0.0000      0.0000      0.0000      0.0000      0.0000
      0.0000      0.0000      0.0000      0.0000      0.0000      0.0000
      0.0000      0.0000      0.0000      0.0000      0.0000      0.0000
      0.0000      0.0000      0.0000      0.0000      0.0000      0.0000
      0.0000      0.0000      0.0000      0.0000      0.0000      0.0000
      0.0000      0.0000      0.0000      0.0000      0.0000      0.0000
      0.0000      0.0000      0.0000      0.0000      0.0000      0.0000
      0.0000      0.0000      0.0000      0.0000      0.0000      0.0000
      0.0000      0.0000      0.0000      0.0000      0.0000      0.0000
      0.0000      0.0000      0.0000      0.0000      0.0000      0.0000
      0.0000      0.0000      0.0000      0.0000      0.0000      0.0000
      0.0000      0.0000      0.0000      0.0000      1.0000      1.0000

  LAC N] 3- AIGLER     0.1000E+04      0.000       -2995.2000
 132669.4080 132682.0080 132694.6080 132707.2080 132719.8080 132732.4080
 132745.0080 132757.6080 132770.2080 132782.8080 132795.4080 132808.0080
 132820.6080 132727.0080 132633.4080 132539.8080 132446.2080 132352.6080
 132259.0080 132165.4080 132071.8080 131978.2080 131990.8080 132003.4080
 132016.0080 131922.4080 131828.8080 131735.2080 131641.6080 131548.0080
 131454.4080 131360.8080 131267.2080 131173.6080 131080.0080 130986.4080
 131054.8080 131123.2080 131029.6080 130936.0080 130842.4080 130748.8080
 130817.2080 130991.8080 131166.4080 131234.8080 131141.2080 131047.6080
 131116.0080 131290.6080 131303.2080 131209.6080 131116.0080 131128.6080
 131141.2080 131153.8080 131166.4080 131179.0080 131191.6080 131098.0080
 131004.4080 130910.8080 130817.2080 130723.6080 130630.0080 130536.4080
 130442.8080 130349.2080 130255.6080 130162.0080 130068.4080 129974.8080
 129987.4080 130000.0080 130012.6080 129919.0080 129825.4080 129731.8080
 129638.2080 129650.8080 129663.4080 129569.8080 129476.2080 129382.6080
 129289.0080 129357.4080 129425.8080 129494.2080 129562.6080 129631.0080
 129537.4080 129443.8080 129350.2080 129418.6080 129592.2080 129604.8080

  LAC N] 4- CHASTR     0.1000E+04      0.000        1303.2000
  91411.6000  91417.0000  91422.4000  91427.8000  91433.2000  91438.6000
  91444.0000  91449.4000  91454.8000  91460.2000  91465.6000  91471.0000
  91476.4000  91588.0000  91699.6000  91811.2000  91922.8000  92034.4000
  92146.0000  92257.6000  92369.2000  92228.8000  91739.2000  91249.6000
  91003.0000  90862.6000  90722.2000  90338.8000  89955.4000  90067.0000
  90178.6000  90290.2000  90401.8000  90513.4000  90625.0000  90736.6000
  90848.2000  90959.8000  91071.4000  91183.0000  91294.6000  91406.2000
  91517.8000  91523.2000  91528.6000  91640.2000  91751.8000  91863.4000
  91975.0000  91980.4000  91985.8000  92097.4000  92209.0000  92214.4000
  92219.8000  92225.2000  92230.6000  92236.0000  92241.4000  92353.0000
  92464.6000  92576.2000  92687.8000  92799.4000  92911.0000  93022.6000
  93134.2000  93245.8000  93357.4000  93469.0000  92698.6000  91928.2000
  91681.6000  91435.0000  91188.4000  91048.0000  90907.6000  91019.2000
  91130.8000  91136.2000  91141.6000  91253.2000  91364.8000  91476.4000
  91588.0000  91699.6000  91811.2000  91922.8000  92034.4000  92146.0000
  92257.6000  92369.2000  92480.8000  92592.4000  92597.8000  92603.2000

  LAC N] 5- ARGE5R     0.1000E+04      0.000         262.8000
   2205.8000   2171.6000   2110.4000   2049.2000   1988.0000   1926.8000
   1865.6000   1804.4000   1752.2000   1700.0000   1638.8000   1577.6000
   1516.4000   1455.2000   1394.0000   1332.8000   1271.6000   1210.4000
   1149.2000   1088.0000   1026.8000    965.6000   1156.4000   1590.2000
   2024.0000   2214.8000   2405.6000   2596.4000   3030.2000   3464.0000
   3402.8000   3341.6000   3280.4000   3219.2000   3158.0000   3096.8000
   3035.6000   2974.4000   2913.2000   2852.0000   2790.8000   2729.6000
   2668.4000   2607.2000   2546.0000   2484.8000   2450.6000   2416.4000
   2355.2000   2294.0000   2232.8000   2171.6000   2110.4000   2049.2000
   1988.0000   1926.8000   1865.6000   1804.4000   1743.2000   1682.0000
   1620.8000   1559.6000   1498.4000   1437.2000   1376.0000   1314.8000
   1253.6000   1192.4000   1131.2000   1070.0000   1008.8000   1829.6000
   2650.4000   2841.2000   3032.0000   3222.8000   3413.6000   3604.4000
   3543.2000   3482.0000   3420.8000   3359.6000   3298.4000   3237.2000
   3176.0000   3114.8000   3053.6000   2992.4000   2931.2000   2870.0000
   2808.8000   2747.6000   2686.4000   2625.2000   2564.0000   2502.8000

  USINE N] 1- BORT H    1   2        2592.0000
    162.0000      0.0000      0.0000      0.0000      0.0000      0.0000
      0.0000      0.0000      0.0000      0.0000      0.0000      0.0000
      0.0000      0.0000      0.0000      0.0000      0.0000      0.0000
      0.0000      0.0000      0.0000      0.0000      0.0000      0.0000
      0.0000      0.0000      0.0000      0.0000      0.0000      0.0000
      0.0000      0.0000      0.0000      0.0000      0.0000      0.0000
    162.0000    162.0000      0.0000      0.0000      0.0000      0.0000
    162.0000    162.0000    162.0000    162.0000      0.0000      0.0000
    162.0000    162.0000      0.0000      0.0000      0.0000      0.0000
      0.0000      0.0000      0.0000      0.0000      0.0000      0.0000
      0.0000      0.0000      0.0000      0.0000      0.0000      0.0000
      0.0000      0.0000      0.0000      0.0000      0.0000      0.0000
      0.0000      0.0000      0.0000      0.0000      0.0000      0.0000
      0.0000      0.0000      0.0000      0.0000      0.0000      0.0000
      0.0000    162.0000    162.0000    162.0000    162.0000    162.0000
      0.0000      0.0000      0.0000    162.0000    162.0000      0.0000

     35.5000      0.0000      0.0000      0.0000      0.0000      0.0000
      0.0000      0.0000      0.0000      0.0000      0.0000      0.0000
      0.0000      0.0000      0.0000      0.0000      0.0000      0.0000
      0.0000      0.0000      0.0000      0.0000      0.0000      0.0000
      0.0000      0.0000      0.0000      0.0000      0.0000      0.0000
      0.0000      0.0000      0.0000      0.0000      0.0000      0.0000
     35.5000     35.5000      0.0000      0.0000      0.0000      0.0000
     35.5000     35.5000     35.5000     35.5000      0.0000      0.0000
     35.5000     35.5000      0.0000      0.0000      0.0000      0.0000
      0.0000      0.0000      0.0000      0.0000      0.0000      0.0000
      0.0000      0.0000      0.0000      0.0000      0.0000      0.0000
      0.0000      0.0000      0.0000      0.0000      0.0000      0.0000
      0.0000      0.0000      0.0000      0.0000      0.0000      0.0000
      0.0000      0.0000      0.0000      0.0000      0.0000      0.0000
      0.0000     35.5000     35.5000     35.5000     35.5000     35.5000
      0.0000      0.0000      0.0000     35.5000     35.5000      0.0000

  USINE N] 2- MAREFH    2   3        2592.0000
    163.0000      0.0000      0.0000      0.0000      0.0000      0.0000
      0.0000      0.0000      0.0000      0.0000      0.0000      0.0000
      0.0000      0.0000      0.0000      0.0000      0.0000      0.0000
      0.0000      0.0000      0.0000      0.0000      0.0000      0.0000
      0.0000      0.0000      0.0000      0.0000      0.0000      0.0000
      0.0000      0.0000      0.0000      0.0000      0.0000      0.0000
    162.0000    162.0000      0.0000      0.0000      0.0000      0.0000
    162.0000    162.0000    162.0000    162.0000      0.0000      0.0000
    162.0000    162.0000      0.0000      0.0000      0.0000      0.0000
      0.0000      0.0000      0.0000      0.0000      0.0000      0.0000
      0.0000      0.0000      0.0000      0.0000      0.0000      0.0000
      0.0000      0.0000      0.0000      0.0000      0.0000      0.0000
      0.0000      0.0000      0.0000      0.0000      0.0000      0.0000
      0.0000      0.0000      0.0000      0.0000      0.0000      0.0000
      0.0000    162.0000    162.0000    162.0000    162.0000    162.0000
      0.0000      0.0000      0.0000    162.0000    161.0000      0.0000

      0.0000      0.0000      0.0000      0.0000      0.0000      0.0000
      0.0000      0.0000      0.0000      0.0000      0.0000      0.0000
      0.0000      0.0000      0.0000      0.0000      0.0000      0.0000
      0.0000      0.0000      0.0000      0.0000      0.0000      0.0000
      0.0000      0.0000      0.0000      0.0000      0.0000      0.0000
      0.0000      0.0000      0.0000      0.0000      0.0000      0.0000
      0.0000      0.0000      0.0000      0.0000      0.0000      0.0000
      0.0000      0.0000      0.0000      0.0000      0.0000      0.0000
      0.0000      0.0000      0.0000      0.0000      0.0000      0.0000
      0.0000      0.0000      0.0000      0.0000      0.0000      0.0000
      0.0000      0.0000      0.0000      0.0000      0.0000      0.0000
      0.0000      0.0000      0.0000      0.0000      0.0000      0.0000
      0.0000      0.0000      0.0000      0.0000      0.0000      0.0000
      0.0000      0.0000      0.0000      0.0000      0.0000      0.0000
      0.0000      0.0000      0.0000      0.0000      0.0000      0.0000
      0.0000      0.0000      0.0000      0.0000      0.0000      0.0000

  USINE N] 3- AIGL8H    3   4           0.0000
      0.0000      0.0000      0.0000      0.0000      0.0000      0.0000
      0.0000      0.0000      0.0000      0.0000      0.0000      0.0000
      0.0000      0.0000      0.0000      0.0000      0.0000      0.0000
      0.0000      0.0000      0.0000      0.0000      0.0000      0.0000
      0.0000      0.0000      0.0000      0.0000      0.0000      0.0000
      0.0000      0.0000      0.0000      0.0000      0.0000      0.0000
      0.0000      0.0000      0.0000      0.0000      0.0000      0.0000
      0.0000      0.0000      0.0000      0.0000      0.0000      0.0000
      0.0000      0.0000      0.0000      0.0000      0.0000      0.0000
      0.0000      0.0000      0.0000      0.0000      0.0000      0.0000
      0.0000      0.0000      0.0000      0.0000      0.0000      0.0000
      0.0000      0.0000      0.0000      0.0000      0.0000      0.0000
      0.0000      0.0000      0.0000      0.0000      0.0000      0.0000
      0.0000      0.0000      0.0000      0.0000      0.0000      0.0000
      0.0000      0.0000      0.0000      0.0000      0.0000      0.0000
      0.0000      0.0000      0.0000      0.0000      0.0000      0.0000

      0.0000      0.0000      0.0000      0.0000      0.0000      0.0000
      0.0000      0.0000      0.0000      0.0000      0.0000      0.0000
      0.0000      0.0000      0.0000      0.0000      0.0000      0.0000
      0.0000      0.0000      0.0000      0.0000      0.0000      0.0000
      0.0000      0.0000      0.0000      0.0000      0.0000      0.0000
      0.0000      0.0000      0.0000      0.0000      0.0000      0.0000
      0.0000      0.0000      0.0000      0.0000      0.0000      0.0000
      0.0000      0.0000      0.0000      0.0000      0.0000      0.0000
      0.0000      0.0000      0.0000      0.0000      0.0000      0.0000
      0.0000      0.0000      0.0000      0.0000      0.0000      0.0000
      0.0000      0.0000      0.0000      0.0000      0.0000      0.0000
      0.0000      0.0000      0.0000      0.0000      0.0000      0.0000
      0.0000      0.0000      0.0000      0.0000      0.0000      0.0000
      0.0000      0.0000      0.0000      0.0000      0.0000      0.0000
      0.0000      0.0000      0.0000      0.0000      0.0000      0.0000
      0.0000      0.0000      0.0000      0.0000      0.0000      0.0000

  USINE N] 4- AIGLEH    3   4        6796.8000
    106.2000      0.0000      0.0000      0.0000      0.0000      0.0000
      0.0000      0.0000      0.0000      0.0000      0.0000      0.0000
      0.0000    106.2000    106.2000    106.2000    106.2000    106.2000
    106.2000    106.2000    106.2000    106.2000      0.0000      0.0000
      0.0000    106.2000    106.2000    106.2000    106.2000    106.2000
    106.2000    106.2000    106.2000    106.2000    106.2000    106.2000
    106.2000    106.2000    106.2000    106.2000    106.2000    106.2000
    106.2000      0.0000      0.0000    106.2000    106.2000    106.2000
    106.2000      0.0000      0.0000    106.2000    106.2000      0.0000
      0.0000      0.0000      0.0000      0.0000      0.0000    106.2000
    106.2000    106.2000    106.2000    106.2000    106.2000    106.2000
    106.2000    106.2000    106.2000    106.2000    106.2000    106.2000
      0.0000      0.0000      0.0000    106.2000    106.2000    106.2000
    106.2000      0.0000      0.0000    106.2000    106.2000    106.2000
    106.2000    106.2000    106.2000    106.2000    106.2000    106.2000
    106.2000    106.2000    106.2000    106.2000      0.0000      0.0000

     20.0000      0.0000      0.0000      0.0000      0.0000      0.0000
      0.0000      0.0000      0.0000      0.0000      0.0000      0.0000
      0.0000     20.0000     20.0000     20.0000     20.0000     20.0000
     20.0000     20.0000     20.0000     20.0000      0.0000      0.0000
      0.0000     20.0000     20.0000     20.0000     20.0000     20.0000
     20.0000     20.0000     20.0000     20.0000     20.0000     20.0000
     20.0000     20.0000     20.0000     20.0000     20.0000     20.0000
     20.0000      0.0000      0.0000     20.0000     20.0000     20.0000
     20.0000      0.0000      0.0000     20.0000     20.0000      0.0000
      0.0000      0.0000      0.0000      0.0000      0.0000     20.0000
     20.0000     20.0000     20.0000     20.0000     20.0000     20.0000
     20.0000     20.0000     20.0000     20.0000     20.0000     20.0000
      0.0000      0.0000      0.0000     20.0000     20.0000     20.0000
     20.0000      0.0000      0.0000     20.0000     20.0000     20.0000
     20.0000     20.0000     20.0000     20.0000     20.0000     20.0000
     20.0000     20.0000     20.0000     20.0000      0.0000      0.0000

  USINE N] 5- CHASTH    4   5        6012.0000
      0.0000      0.0000      0.0000      0.0000      0.0000      0.0000
      0.0000      0.0000      0.0000      0.0000      0.0000      0.0000
      0.0000      0.0000      0.0000      0.0000      0.0000      0.0000
      0.0000      0.0000      0.0000    252.0000    495.0000    495.0000
    252.0000    252.0000    252.0000    495.0000    495.0000      0.0000
      0.0000      0.0000      0.0000      0.0000      0.0000      0.0000
      0.0000      0.0000      0.0000      0.0000      0.0000      0.0000
      0.0000      0.0000      0.0000      0.0000      0.0000      0.0000
      0.0000      0.0000      0.0000      0.0000      0.0000      0.0000
      0.0000      0.0000      0.0000      0.0000      0.0000      0.0000
      0.0000      0.0000      0.0000      0.0000      0.0000      0.0000
      0.0000      0.0000      0.0000      0.0000    882.0000    882.0000
    252.0000    252.0000    252.0000    252.0000    252.0000      0.0000
      0.0000      0.0000      0.0000      0.0000      0.0000      0.0000
      0.0000      0.0000      0.0000      0.0000      0.0000      0.0000
      0.0000      0.0000      0.0000      0.0000      0.0000      0.0000

      0.0000      0.0000      0.0000      0.0000      0.0000      0.0000
      0.0000      0.0000      0.0000      0.0000      0.0000      0.0000
      0.0000      0.0000      0.0000      0.0000      0.0000      0.0000
      0.0000      0.0000      0.0000     40.0000     77.5000     77.5000
     40.0000     40.0000     40.0000     77.5000     77.5000      0.0000
      0.0000      0.0000      0.0000      0.0000      0.0000      0.0000
      0.0000      0.0000      0.0000      0.0000      0.0000      0.0000
      0.0000      0.0000      0.0000      0.0000      0.0000      0.0000
      0.0000      0.0000      0.0000      0.0000      0.0000      0.0000
      0.0000      0.0000      0.0000      0.0000      0.0000      0.0000
      0.0000      0.0000      0.0000      0.0000      0.0000      0.0000
      0.0000      0.0000      0.0000      0.0000    130.0000    130.0000
     40.0000     40.0000     40.0000     40.0000     40.0000      0.0000
      0.0000      0.0000      0.0000      0.0000      0.0000      0.0000
      0.0000      0.0000      0.0000      0.0000      0.0000      0.0000
      0.0000      0.0000      0.0000      0.0000      0.0000      0.0000

  USINE N] 6- ARGE5H    5   0        5922.0000
     36.0000     36.0000     63.0000     63.0000     63.0000     63.0000
     63.0000     63.0000     54.0000     54.0000     63.0000     63.0000
     63.0000     63.0000     63.0000     63.0000     63.0000     63.0000
     63.0000     63.0000     63.0000     63.0000     63.0000     63.0000
     63.0000     63.0000     63.0000     63.0000     63.0000     63.0000
     63.0000     63.0000     63.0000     63.0000     63.0000     63.0000
     63.0000     63.0000     63.0000     63.0000     63.0000     63.0000
     63.0000     63.0000     63.0000     63.0000     36.0000     36.0000
     63.0000     63.0000     63.0000     63.0000     63.0000     63.0000
     63.0000     63.0000     63.0000     63.0000     63.0000     63.0000
     63.0000     63.0000     63.0000     63.0000     63.0000     63.0000
     63.0000     63.0000     63.0000     63.0000     63.0000     63.0000
     63.0000     63.0000     63.0000     63.0000     63.0000     63.0000
     63.0000     63.0000     63.0000     63.0000     63.0000     63.0000
     63.0000     63.0000     63.0000     63.0000     63.0000     63.0000
     63.0000     63.0000     63.0000     63.0000     63.0000     63.0000

      1.1643      1.1643      2.0000      2.0000      2.0000      2.0000
      2.0000      2.0000      1.7500      1.7500      2.0000      2.0000
      2.0000      2.0000      2.0000      2.0000      2.0000      2.0000
      2.0000      2.0000      2.0000      2.0000      2.0000      2.0000
      2.0000      2.0000      2.0000      2.0000      2.0000      2.0000
      2.0000      2.0000      2.0000      2.0000      2.0000      2.0000
      2.0000      2.0000      2.0000      2.0000      2.0000      2.0000
      2.0000      2.0000      2.0000      2.0000      1.1643      1.1643
      2.0000      2.0000      2.0000      2.0000      2.0000      2.0000
      2.0000      2.0000      2.0000      2.0000      2.0000      2.0000
      2.0000      2.0000      2.0000      2.0000      2.0000      2.0000
      2.0000      2.0000      2.0000      2.0000      2.0000      2.0000
      2.0000      2.0000      2.0000      2.0000      2.0000      2.0000
      2.0000      2.0000      2.0000      2.0000      2.0000      2.0000
      2.0000      2.0000      2.0000      2.0000      2.0000      2.0000
      2.0000      2.0000      2.0000      2.0000      2.0000      2.0000

   DONNEES POUR LA VALLEE N]12-ARIEGE   DATE: 07/09/09     9 USINE(S)     8 RESERVOIR(S)
  LAC N]62- LANOUR     0.1000E+04     23.300        -624.9600
  60962.8800  60962.8800  60962.8800  60962.8800  60962.8800  60962.8800
  60962.8800  60962.8800  60962.8800  60962.8800  60962.8800  60962.8800
  60962.8800  60945.7800  60928.6800  60911.5800  60899.8800  60888.1800
  60888.1800  60888.1800  60876.4800  60864.7800  60853.0800  60841.3800
  60835.2600  60835.2600  60835.2600  60823.5600  60811.8600  60800.1600
  60788.4600  60782.3400  60782.3400  60782.3400  60765.2400  60748.1400
  60731.0400  60713.9400  60713.9400  60713.9400  60713.9400  60713.9400
  60696.8400  60679.7400  60679.7400  60679.7400  60679.7400  60662.6400
  60645.5400  60645.5400  60645.5400  60645.5400  60645.5400  60645.5400
  60645.5400  60645.5400  60645.5400  60645.5400  60645.5400  60645.5400
  60645.5400  60645.5400  60645.5400  60645.5400  60633.8400  60622.1400
  60610.4400  60598.7400  60587.0400  60575.3400  60563.6400  60551.9400
  60540.2400  60528.5400  60516.8400  60505.1400  60493.4400  60481.7400
  60470.0400  60458.3400  60446.6400  60446.6400  60446.6400  60446.6400
  60446.6400  60446.6400  60446.6400  60429.5400  60412.4400  60395.3400
  60378.2400  60378.2400  60378.2400  60361.1400  60344.0400  60344.0400

  LAC N]63- HOSPFR     0.1000E+04      0.000           0.0000
      0.0000      0.0000      0.0000      0.0000      0.0000      0.0000
      0.0000      0.0000      0.0000      0.0000      0.0000      0.0000
      0.0000      1.0000      0.0000      1.0000      1.0000      1.0000
      1.0000      1.0000      0.0000      1.0000      0.0000      0.0000
      1.0000      0.0000      0.0000      0.0000      1.0000      0.0000
      1.0000      1.0000      1.0000      1.0000      0.0000      0.0000
      1.0000      1.0000      1.0000      1.0000      1.0000      1.0000
      0.0000      1.0000      1.0000      0.0000      0.0000      1.0000
      1.0000      1.0000      1.0000      1.0000      1.0000      1.0000
      1.0000      1.0000      1.0000      1.0000      1.0000      1.0000
      1.0000      1.0000      1.0000      1.0000      1.0000      0.0000
      1.0000      1.0000      0.0000      1.0000      0.0000      0.0000
      1.0000      0.0000      1.0000      0.0000      1.0000      0.0000
      0.0000      1.0000      0.0000      0.0000      0.0000      0.0000
      0.0000      0.0000      0.0000      1.0000      0.0000      1.0000
      0.0000      0.0000      0.0000      0.0000      1.0000      1.0000

  LAC N]64- BALDAR     0.1000E+04      0.000           0.0000
     64.0000     64.0000     64.0000     64.0000     64.0000     64.0000
     64.0000     64.0000     64.0000     64.0000     64.0000     64.0000
     64.0000     64.0000     64.0000     64.0000     64.0000     64.0000
     64.0000     64.0000     64.0000     64.0000     64.0000     64.0000
     64.0000     64.0000     64.0000     64.0000     64.0000     64.0000
     64.0000     64.0000     64.0000     64.0000     64.0000     64.0000
     64.0000     64.0000     64.0000     64.0000     64.0000     64.0000
     64.0000     64.0000     64.0000     64.0000     64.0000     64.0000
     64.0000     64.0000     64.0000     64.0000     64.0000     64.0000
     64.0000     64.0000     64.0000     64.0000     64.0000     64.0000
     64.0000     64.0000     64.0000     64.0000     64.0000     64.0000
     64.0000     64.0000     64.0000     64.0000     64.0000     64.0000
     64.0000     64.0000     64.0000     64.0000     64.0000     64.0000
     64.0000     64.0000     64.0000     64.0000     64.0000     64.0000
     64.0000     64.0000     64.0000     64.0000     64.0000     64.0000
     64.0000     64.0000     64.0000     64.0000     64.0000     64.0000

  LAC N]65- MERENR     0.1000E+04      0.000           0.0000
      0.0000      0.0000      0.0000      0.0000      0.0000      0.0000
      0.0000      0.0000      0.0000      0.0000      0.0000      0.0000
      0.0000      0.0000      0.0000      0.0000      0.0000      0.0000
      0.0000      0.0000      0.0000      0.0000      0.0000      0.0000
      0.0000      0.0000      0.0000      0.0000      0.0000      0.0000
      0.0000      0.0000      0.0000      0.0000      0.0000      0.0000
      0.0000      0.0000      0.0000      0.0000      0.0000      0.0000
      0.0000      0.0000      0.0000      0.0000      0.0000      0.0000
      0.0000      0.0000      0.0000      0.0000      0.0000      0.0000
      0.0000      0.0000      0.0000      0.0000      0.0000      0.0000
      0.0000      0.0000      0.0000      0.0000      0.0000      0.0000
      0.0000      0.0000      0.0000      0.0000      0.0000      0.0000
      0.0000      0.0000      0.0000      0.0000      0.0000      0.0000
      0.0000      0.0000      0.0000      0.0000      0.0000      0.0000
      0.0000      0.0000      0.0000      0.0000      0.0000      0.0000
      0.0000      0.0000      0.0000      0.0000      0.0000      0.0000

  LAC N]66- ASTONR     0.1000E+04      0.000           0.0000
      0.0000      0.0000      0.0000      0.0000      0.0000      0.0000
      0.0000      0.0000      0.0000      0.0000      0.0000      0.0000
      0.0000      0.0000      0.0000      0.0000      0.0000      0.0000
      0.0000      0.0000      0.0000      0.0000      0.0000      0.0000
      0.0000      0.0000      0.0000      0.0000      0.0000      0.0000
      0.0000      0.0000      0.0000      0.0000      0.0000      0.0000
      0.0000      0.0000      0.0000      0.0000      0.0000      0.0000
      0.0000      0.0000      0.0000      0.0000      0.0000      0.0000
      0.0000      0.0000      0.0000      0.0000      0.0000      0.0000
      0.0000      0.0000      0.0000      0.0000      0.0000      0.0000
      0.0000      0.0000      0.0000      0.0000      0.0000      0.0000
      0.0000      0.0000      0.0000      0.0000      0.0000      0.0000
      0.0000      0.0000      0.0000      0.0000      0.0000      0.0000
      0.0000      0.0000      0.0000      0.0000      0.0000      0.0000
      0.0000      0.0000      0.0000      0.0000      0.0000      0.0000
      0.0000      0.0000      0.0000      0.0000      0.0000      0.0000

  LAC N]67- LAPARR     0.1000E+04     18.170        -988.7999
   7147.0000   7147.0000   7147.0000   7147.0000   7147.0000   7147.0000
   7147.0000   7147.0000   7147.0000   7147.0000   7147.0000   7146.8001
   7130.6001   7114.4001   7098.2001   7082.0001   7065.8001   7049.6001
   7033.4001   7017.2001   7001.0001   6984.8001   6968.6001   6952.4001
   6952.4001   6952.4001   6936.2001   6920.0001   6903.8001   6887.6001
   6871.4001   6855.2001   6839.0001   6822.8001   6806.6001   6790.4001
   6774.2001   6758.0001   6741.8001   6725.6001   6709.4001   6693.2001
   6677.0001   6677.0001   6677.0001   6660.8001   6644.6001   6628.4001
   6612.2001   6612.2001   6612.2001   6612.2001   6596.0001   6579.8001
   6563.6001   6563.6001   6563.6001   6563.6001   6563.6001   6563.6001
   6563.6001   6563.6001   6563.6001   6563.6001   6547.4001   6531.2001
   6515.0001   6498.8001   6482.6001   6466.4001   6450.0001   6450.0001
   6450.0001   6433.8001   6417.6001   6401.4001   6385.2001   6369.0001
   6369.0001   6369.0001   6352.8001   6336.6001   6320.2001   6304.0001
   6287.8001   6271.6001   6255.4001   6239.2001   6223.0001   6206.8001
   6190.6001   6190.6001   6190.6001   6174.4001   6158.2001   6158.2001

  LAC N]68- RIETER     0.1000E+04      0.000         141.8000
    273.1800    264.3600    255.6600    246.8400    238.0200    229.2000
    220.3800    211.5600    202.7400    193.9200    185.1000    176.2800
    183.6600    191.0400    198.4200    205.8000    213.1800    220.5600
    227.9400    235.3200    242.7000    250.0800    257.4600    264.8400
    256.0200    247.2000    254.5800    261.9600    269.3400    276.7200
    284.1000    291.4800    298.8600    306.2400    313.6200    321.0000
    328.3800    335.9600    343.3400    350.7200    358.1000    365.4800
    372.8600    364.0400    355.2200    362.6000    369.9800    377.3600
    384.7400    375.9200    367.1000    358.2800    365.6600    373.0400
    380.4200    371.6000    362.7800    353.9600    345.1400    336.3200
    327.5000    318.6800    309.8600    301.0400    308.4200    315.8000
    323.1800    330.5600    337.9400    345.3200    352.7000    343.8800
    335.0600    342.4400    349.8200    357.2000    364.5800    371.9600
    363.1400    354.3200    361.7000    369.0800    376.4600    383.8400
    391.2200    398.6000    405.9800    413.3600    420.7400    428.1200
    435.5000    426.6800    417.8600    425.2400    432.6200    423.8000

  LAC N]69- GARRAR     0.1000E+04      0.000           0.0000
      0.0000      0.0000      0.0000      0.0000      0.0000      0.0000
      0.0000      0.0000      0.0000      0.0000      0.0000      0.0000
      0.0000      0.0000      0.0000      0.0000      0.0000      0.0000
      0.0000      0.0000      0.0000      0.0000      0.0000      0.0000
      0.0000      0.0000      0.0000      0.0000      0.0000      0.0000
      0.0000      0.0000      0.0000      0.0000      0.0000      0.0000
      0.0000      0.0000      0.0000      0.0000      0.0000      0.0000
      0.0000      0.0000      0.0000      0.0000      0.0000      0.0000
      0.0000      0.0000      0.0000      0.0000      0.0000      0.0000
      0.0000      0.0000      0.0000      0.0000      0.0000      0.0000
      0.0000      0.0000      0.0000      0.0000      0.0000      0.0000
      0.0000      0.0000      0.0000      0.0000      0.0000      0.0000
      0.0000      0.0000      0.0000      0.0000      0.0000      0.0000
      0.0000      0.0000      0.0000      0.0000      0.0000      0.0000
      0.0000      0.0000      0.0000      0.0000      0.0000      0.0000
      0.0000      0.0000      0.0000      0.0000      0.0000      0.0000

  USINE N]77- HOSPIH   62  63         624.9600
      6.1200      0.0000      0.0000      0.0000      0.0000      0.0000
      0.0000      0.0000      0.0000      0.0000      0.0000      0.0000
      0.0000     17.1000     17.1000     17.1000     11.7000     11.7000
      0.0000      0.0000     11.7000     11.7000     11.7000     11.7000
      6.1200      0.0000      0.0000     11.7000     11.7000     11.7000
     11.7000      6.1200      0.0000      0.0000     17.1000     17.1000
     17.1000     17.1000      0.0000      0.0000      0.0000      0.0000
     17.1000     17.1000      0.0000      0.0000      0.0000     17.1000
     17.1000      0.0000      0.0000      0.0000      0.0000      0.0000
      0.0000      0.0000      0.0000      0.0000      0.0000      0.0000
      0.0000      0.0000      0.0000      0.0000     11.7000     11.7000
     11.7000     11.7000     11.7000     11.7000     11.7000     11.7000
     11.7000     11.7000     11.7000     11.7000     11.7000     11.7000
     11.7000     11.7000     11.7000      0.0000      0.0000      0.0000
      0.0000      0.0000      0.0000     17.1000     17.1000     17.1000
     17.1000      0.0000      0.0000     17.1000     17.1000      0.0000

     11.5000      0.0000      0.0000      0.0000      0.0000      0.0000
      0.0000      0.0000      0.0000      0.0000      0.0000      0.0000
      0.0000     31.0000     31.0000     31.0000     21.5000     21.5000
      0.0000      0.0000     21.5000     21.5000     21.5000     21.5000
     11.5000      0.0000      0.0000     21.5000     21.5000     21.5000
     21.5000     11.5000      0.0000      0.0000     31.0000     31.0000
     31.0000     31.0000      0.0000      0.0000      0.0000      0.0000
     31.0000     31.0000      0.0000      0.0000      0.0000     31.0000
     31.0000      0.0000      0.0000      0.0000      0.0000      0.0000
      0.0000      0.0000      0.0000      0.0000      0.0000      0.0000
      0.0000      0.0000      0.0000      0.0000     21.5000     21.5000
     21.5000     21.5000     21.5000     21.5000     21.5000     21.5000
     21.5000     21.5000     21.5000     21.5000     21.5000     21.5000
     21.5000     21.5000     21.5000      0.0000      0.0000      0.0000
      0.0000      0.0000      0.0000     31.0000     31.0000     31.0000
     31.0000      0.0000      0.0000     31.0000     31.0000      0.0000

  USINE N]78- HOSP8H   64  63           0.0000
      0.0000      0.0000      0.0000      0.0000      0.0000      0.0000
      0.0000      0.0000      0.0000      0.0000      0.0000      0.0000
      0.0000      0.0000      0.0000      0.0000      0.0000      0.0000
      0.0000      0.0000      0.0000      0.0000      0.0000      0.0000
      0.0000      0.0000      0.0000      0.0000      0.0000      0.0000
      0.0000      0.0000      0.0000      0.0000      0.0000      0.0000
      0.0000      0.0000      0.0000      0.0000      0.0000      0.0000
      0.0000      0.0000      0.0000      0.0000      0.0000      0.0000
      0.0000      0.0000      0.0000      0.0000      0.0000      0.0000
      0.0000      0.0000      0.0000      0.0000      0.0000      0.0000
      0.0000      0.0000      0.0000      0.0000      0.0000      0.0000
      0.0000      0.0000      0.0000      0.0000      0.0000      0.0000
      0.0000      0.0000      0.0000      0.0000      0.0000      0.0000
      0.0000      0.0000      0.0000      0.0000      0.0000      0.0000
      0.0000      0.0000      0.0000      0.0000      0.0000      0.0000
      0.0000      0.0000      0.0000      0.0000      0.0000      0.0000

      0.0000      0.0000      0.0000      0.0000      0.0000      0.0000
      0.0000      0.0000      0.0000      0.0000      0.0000      0.0000
      0.0000      0.0000      0.0000      0.0000      0.0000      0.0000
      0.0000      0.0000      0.0000      0.0000      0.0000      0.0000
      0.0000      0.0000      0.0000      0.0000      0.0000      0.0000
      0.0000      0.0000      0.0000      0.0000      0.0000      0.0000
      0.0000      0.0000      0.0000      0.0000      0.0000      0.0000
      0.0000      0.0000      0.0000      0.0000      0.0000      0.0000
      0.0000      0.0000      0.0000      0.0000      0.0000      0.0000
      0.0000      0.0000      0.0000      0.0000      0.0000      0.0000
      0.0000      0.0000      0.0000      0.0000      0.0000      0.0000
      0.0000      0.0000      0.0000      0.0000      0.0000      0.0000
      0.0000      0.0000      0.0000      0.0000      0.0000      0.0000
      0.0000      0.0000      0.0000      0.0000      0.0000      0.0000
      0.0000      0.0000      0.0000      0.0000      0.0000      0.0000
      0.0000      0.0000      0.0000      0.0000      0.0000      0.0000

  USINE N]79- HOSP9P   64  62           0.0000
      0.0000      0.0000      0.0000      0.0000      0.0000      0.0000
      0.0000      0.0000      0.0000      0.0000      0.0000      0.0000
      0.0000      0.0000      0.0000      0.0000      0.0000      0.0000
      0.0000      0.0000      0.0000      0.0000      0.0000      0.0000
      0.0000      0.0000      0.0000      0.0000      0.0000      0.0000
      0.0000      0.0000      0.0000      0.0000      0.0000      0.0000
      0.0000      0.0000      0.0000      0.0000      0.0000      0.0000
      0.0000      0.0000      0.0000      0.0000      0.0000      0.0000
      0.0000      0.0000      0.0000      0.0000      0.0000      0.0000
      0.0000      0.0000      0.0000      0.0000      0.0000      0.0000
      0.0000      0.0000      0.0000      0.0000      0.0000      0.0000
      0.0000      0.0000      0.0000      0.0000      0.0000      0.0000
      0.0000      0.0000      0.0000      0.0000      0.0000      0.0000
      0.0000      0.0000      0.0000      0.0000      0.0000      0.0000
      0.0000      0.0000      0.0000      0.0000      0.0000      0.0000
      0.0000      0.0000      0.0000      0.0000      0.0000      0.0000

      0.0000      0.0000      0.0000      0.0000      0.0000      0.0000
      0.0000      0.0000      0.0000      0.0000      0.0000      0.0000
      0.0000      0.0000      0.0000      0.0000      0.0000      0.0000
      0.0000      0.0000      0.0000      0.0000      0.0000      0.0000
      0.0000      0.0000      0.0000      0.0000      0.0000      0.0000
      0.0000      0.0000      0.0000      0.0000      0.0000      0.0000
      0.0000      0.0000      0.0000      0.0000      0.0000      0.0000
      0.0000      0.0000      0.0000      0.0000      0.0000      0.0000
      0.0000      0.0000      0.0000      0.0000      0.0000      0.0000
      0.0000      0.0000      0.0000      0.0000      0.0000      0.0000
      0.0000      0.0000      0.0000      0.0000      0.0000      0.0000
      0.0000      0.0000      0.0000      0.0000      0.0000      0.0000
      0.0000      0.0000      0.0000      0.0000      0.0000      0.0000
      0.0000      0.0000      0.0000      0.0000      0.0000      0.0000
      0.0000      0.0000      0.0000      0.0000      0.0000      0.0000
      0.0000      0.0000      0.0000      0.0000      0.0000      0.0000

  USINE N]80- HOSPFH   63  65         624.9600
      7.1200      0.0000      0.0000      0.0000      0.0000      0.0000
      0.0000      0.0000      0.0000      0.0000      0.0000      0.0000
      0.0000     16.1000     18.1000     16.1000     11.7000     11.7000
      0.0000      0.0000     12.7000     10.7000     12.7000     11.7000
      5.1200      1.0000      0.0000     11.7000     10.7000     12.7000
     10.7000      6.1200      0.0000      0.0000     18.1000     17.1000
     16.1000     17.1000      0.0000      0.0000      0.0000      0.0000
     18.1000     16.1000      0.0000      1.0000      0.0000     16.1000
     17.1000      0.0000      0.0000      0.0000      0.0000      0.0000
      0.0000      0.0000      0.0000      0.0000      0.0000      0.0000
      0.0000      0.0000      0.0000      0.0000     11.7000     12.7000
     10.7000     11.7000     12.7000     10.7000     12.7000     11.7000
     10.7000     12.7000     10.7000     12.7000     10.7000     12.7000
     11.7000     10.7000     12.7000      0.0000      0.0000      0.0000
      0.0000      0.0000      0.0000     16.1000     18.1000     16.1000
     18.1000      0.0000      0.0000     17.1000     16.1000      0.0000

      0.0000      0.0000      0.0000      0.0000      0.0000      0.0000
      0.0000      0.0000      0.0000      0.0000      0.0000      0.0000
      0.0000      0.0000      0.0000      0.0000      0.0000      0.0000
      0.0000      0.0000      0.0000      0.0000      0.0000      0.0000
      0.0000      0.0000      0.0000      0.0000      0.0000      0.0000
      0.0000      0.0000      0.0000      0.0000      0.0000      0.0000
      0.0000      0.0000      0.0000      0.0000      0.0000      0.0000
      0.0000      0.0000      0.0000      0.0000      0.0000      0.0000
      0.0000      0.0000      0.0000      0.0000      0.0000      0.0000
      0.0000      0.0000      0.0000      0.0000      0.0000      0.0000
      0.0000      0.0000      0.0000      0.0000      0.0000      0.0000
      0.0000      0.0000      0.0000      0.0000      0.0000      0.0000
      0.0000      0.0000      0.0000      0.0000      0.0000      0.0000
      0.0000      0.0000      0.0000      0.0000      0.0000      0.0000
      0.0000      0.0000      0.0000      0.0000      0.0000      0.0000
      0.0000      0.0000      0.0000      0.0000      0.0000      0.0000

  USINE N]81- MERENH   65  66         659.5200
      7.4800      0.3600      0.3600      0.3600      0.3600      0.3600
      0.3600      0.3600      0.3600      0.3600      0.3600      0.3600
      0.3600     16.4600     18.4600     16.4600     12.0600     12.0600
      0.3600      0.3600     13.0600     11.0600     13.0600     12.0600
      5.4800      1.3600      0.3600     12.0600     11.0600     13.0600
     11.0600      6.4800      0.3600      0.3600     18.4600     17.4600
     16.4600     17.4600      0.3600      0.3600      0.3600      0.3600
     18.4600     16.4600      0.3600      1.3600      0.3600     16.4600
     17.4600      0.3600      0.3600      0.3600      0.3600      0.3600
      0.3600      0.3600      0.3600      0.3600      0.3600      0.3600
      0.3600      0.3600      0.3600      0.3600     12.0600     13.0600
     11.0600     12.0600     13.0600     11.0600     13.0600     12.0600
     11.0600     13.0600     11.0600     13.0600     11.0600     13.0600
     12.0600     11.0600     13.0600      0.3600      0.3600      0.3600
      0.3600      0.3600      0.3600     16.4600     18.4600     16.4600
     18.4600      0.3600      0.3600     17.4600     16.4600      0.3600

      5.4542      0.2500      0.2625      0.2625      0.2625      0.2500
      0.2625      0.2500      0.2500      0.2500      0.2625      0.2625
      0.2625     11.9306     13.3194     11.9306      8.7938      8.7938
      0.2625      0.2625      9.5229      8.0646      9.5229      8.7938
      3.8056      0.9917      0.2625      8.7938      8.0646      9.5229
      8.0646      4.7250      0.2625      0.2500     13.3194     12.6250
     11.9306     12.6250      0.2625      0.2625      0.2625      0.2625
     13.3194     11.9306      0.2500      0.9917      0.2625     11.4771
     12.6250      0.2500      0.2625      0.2500      0.2625      0.2500
      0.2625      0.2500      0.2625      0.2625      0.2625      0.2625
      0.2625      0.2625      0.2625      0.2625      8.7938      9.5229
      8.0646      8.7938      9.5229      8.0646      9.5229      8.7938
      8.0646      9.5229      8.0646      9.5229      8.0646      9.5229
      8.7938      8.0646      9.5229      0.2625      0.2625      0.2625
      0.2625      0.2625      0.2625     11.9306     13.3194     11.9306
     13.3194      0.2625      0.2500     12.6250     11.9306      0.2625

  USINE N]82- LAPARH   67  68         988.2000
      0.0000      0.0000      0.0000      0.0000      0.0000      0.0000
      0.0000      0.0000      0.0000      0.0000      0.0000      0.0000
     16.2000     16.2000     16.2000     16.2000     16.2000     16.2000
     16.2000     16.2000     16.2000     16.2000     16.2000     16.2000
      0.0000      0.0000     16.2000     16.2000     16.2000     16.2000
     16.2000     16.2000     16.2000     16.2000     16.2000     16.2000
     16.2000     16.2000     16.2000     16.2000     16.2000     16.2000
     16.2000      0.0000      0.0000     16.2000     16.2000     16.2000
     16.2000      0.0000      0.0000      0.0000     16.2000     16.2000
     16.2000      0.0000      0.0000      0.0000      0.0000      0.0000
      0.0000      0.0000      0.0000      0.0000     16.2000     16.2000
     16.2000     16.2000     16.2000     16.2000     16.2000      0.0000
      0.0000     16.2000     16.2000     16.2000     16.2000     16.2000
      0.0000      0.0000     16.2000     16.2000     16.2000     16.2000
     16.2000     16.2000     16.2000     16.2000     16.2000     16.2000
     16.2000      0.0000      0.0000     16.2000     16.2000      0.0000

      0.0000      0.0000      0.0000      0.0000      0.0000      0.0000
      0.0000      0.0000      0.0000      0.0000      0.0000      0.0000
     16.0000     16.0000     16.0000     16.0000     16.0000     16.0000
     16.0000     16.0000     16.0000     16.0000     16.0000     16.0000
      0.0000      0.0000     16.0000     16.0000     16.0000     16.0000
     16.0000     16.0000     16.0000     16.0000     16.0000     16.0000
     16.0000     16.0000     16.0000     16.0000     16.0000     16.0000
     16.0000      0.0000      0.0000     16.0000     16.0000     16.0000
     16.0000      0.0000      0.0000      0.0000     16.0000     16.0000
     16.0000      0.0000      0.0000      0.0000      0.0000      0.0000
      0.0000      0.0000      0.0000      0.0000     16.0000     16.0000
     16.0000     16.0000     16.0000     16.0000     16.0000      0.0000
      0.0000     16.0000     16.0000     16.0000     16.0000     16.0000
      0.0000      0.0000     16.0000     16.0000     16.0000     16.0000
     16.0000     16.0000     16.0000     16.0000     16.0000     16.0000
     16.0000      0.0000      0.0000     16.0000     16.0000      0.0000

  USINE N]83- RIETEH   68  66         864.0000
      9.0000      9.0000      9.0000      9.0000      9.0000      9.0000
      9.0000      9.0000      9.0000      9.0000      9.0000      9.0000
      9.0000      9.0000      9.0000      9.0000      9.0000      9.0000
      9.0000      9.0000      9.0000      9.0000      9.0000      9.0000
      9.0000      9.0000      9.0000      9.0000      9.0000      9.0000
      9.0000      9.0000      9.0000      9.0000      9.0000      9.0000
      9.0000      9.0000      9.0000      9.0000      9.0000      9.0000
      9.0000      9.0000      9.0000      9.0000      9.0000      9.0000
      9.0000      9.0000      9.0000      9.0000      9.0000      9.0000
      9.0000      9.0000      9.0000      9.0000      9.0000      9.0000
      9.0000      9.0000      9.0000      9.0000      9.0000      9.0000
      9.0000      9.0000      9.0000      9.0000      9.0000      9.0000
      9.0000      9.0000      9.0000      9.0000      9.0000      9.0000
      9.0000      9.0000      9.0000      9.0000      9.0000      9.0000
      9.0000      9.0000      9.0000      9.0000      9.0000      9.0000
      9.0000      9.0000      9.0000      9.0000      9.0000      9.0000

      0.0000      0.0000      0.0000      0.0000      0.0000      0.0000
      0.0000      0.0000      0.0000      0.0000      0.0000      0.0000
      0.0000      0.0000      0.0000      0.0000      0.0000      0.0000
      0.0000      0.0000      0.0000      0.0000      0.0000      0.0000
      0.0000      0.0000      0.0000      0.0000      0.0000      0.0000
      0.0000      0.0000      0.0000      0.0000      0.0000      0.0000
      0.0000      0.0000      0.0000      0.0000      0.0000      0.0000
      0.0000      0.0000      0.0000      0.0000      0.0000      0.0000
      0.0000      0.0000      0.0000      0.0000      0.0000      0.0000
      0.0000      0.0000      0.0000      0.0000      0.0000      0.0000
      0.0000      0.0000      0.0000      0.0000      0.0000      0.0000
      0.0000      0.0000      0.0000      0.0000      0.0000      0.0000
      0.0000      0.0000      0.0000      0.0000      0.0000      0.0000
      0.0000      0.0000      0.0000      0.0000      0.0000      0.0000
      0.0000      0.0000      0.0000      0.0000      0.0000      0.0000
      0.0000      0.0000      0.0000      0.0000      0.0000      0.0000

  USINE N]84- ASTONH   66  69        1595.0800
     16.3800     16.3800     16.3800     17.3800     10.2600     10.2600
     10.2600     10.2600     10.2600     10.2600     10.2600     10.2600
     10.2600     10.2600     10.2600     10.2600     26.3600     28.3600
     26.3600     21.9600     21.9600     10.2600     10.2600     22.9600
     20.9600     22.9600     21.9600     15.3800     11.2600     10.2600
     21.9600     20.9600     22.9600     20.9600     16.3800     10.2600
     10.2600     28.3600     27.3600     26.3600     27.3600     10.2600
     10.2600     10.2600     10.2600     28.3600     26.3600     10.2600
     11.2600     10.2600     26.3600     27.3600     10.2600     10.2600
     10.2600     10.2600     10.2600     10.2600     10.2600     10.2600
     10.2600     10.2600     10.2600     10.2600     10.2600     10.2600
     10.2600     21.9600     22.9600     20.9600     21.9600     22.9600
     20.9600     22.9600     21.9600     20.9600     22.9600     20.9600
     22.9600     20.9600     22.9600     21.9600     20.9600     22.9600
     10.2600     10.2600     10.2600     10.2600     10.2600     10.2600
     26.3600     28.3600     26.3600     28.3600     10.2600     10.2600

     18.2000     18.2000     18.2000     19.3111     11.4000     11.4000
     11.4000     11.4000     11.4000     11.4000     11.4000     11.4000
     11.4000     11.4000     11.4000     11.4000     29.2889     31.5111
     29.2889     24.4000     24.4000     11.4000     11.4000     25.5111
     23.2889     25.5111     24.4000     17.0889     12.5111     11.4000
     24.4000     23.2889     25.5111     23.2889     18.2000     11.4000
     11.4000     31.5111     30.4000     29.2889     30.4000     11.4000
     11.4000     11.4000     11.4000     31.5111     29.2889     11.4000
     12.5111     11.4000     29.2889     30.4000     11.4000     11.4000
     11.4000     11.4000     11.4000     11.4000     11.4000     11.4000
     11.4000     11.4000     11.4000     11.4000     11.4000     11.4000
     11.4000     24.4000     25.5111     23.2889     24.4000     25.5111
     23.2889     25.5111     24.4000     23.2889     25.5111     23.2889
     25.5111     23.2889     25.5111     24.4000     23.2889     25.5111
     11.4000     11.4000     11.4000     11.4000     11.4000     11.4000
     29.2889     31.5111     29.2889     31.5111     11.4000     11.4000

  USINE N]85- FERRIH   69   0        2559.5200
     20.5200     20.5200     26.6400     32.2200     32.2200     26.6400
     26.6400     26.6400     26.6400     26.6400     26.6400     27.6400
     20.5200     20.5200     20.5200     20.5200     20.5200     20.5200
     20.5200     20.5200     20.5200     20.5200     20.5200     20.5200
     36.6200     38.6200     36.6200     32.2200     32.2200     20.5200
     20.5200     33.2200     31.2200     33.2200     32.2200     25.6400
     21.5200     20.5200     32.2200     31.2200     33.2200     31.2200
     26.6400     20.5200     20.5200     38.6200     37.6200     36.6200
     37.6200     20.5200     20.5200     20.5200     20.5200     38.6200
     36.6200     20.5200     21.5200     20.5200     36.6200     37.6200
     20.5200     20.5200     20.5200     20.5200     20.5200     20.5200
     20.5200     20.5200     20.5200     20.5200     20.5200     20.5200
     20.5200     20.5200     20.5200     32.2200     33.2200     31.2200
     32.2200     33.2200     31.2200     33.2200     32.2200     31.2200
     33.2200     31.2200     33.2200     31.2200     33.2200     32.2200
     31.2200     33.2200     20.5200     20.5200     20.5200     20.5200

      2.8500      2.8025      3.7000      4.4750      4.4750      3.7000
      3.7000      3.7000      3.6383      3.7000      3.7000      3.8389
      2.8500      2.8500      2.8500      2.8500      2.8500      2.8500
      2.8500      2.8500      2.8500      2.8500      2.8500      2.8500
      5.0861      5.3639      5.0861      4.4750      4.4750      2.8500
      2.8500      4.6139      4.3361      4.6139      4.4750      3.5611
      2.9889      2.8500      4.4750      4.3361      4.6139      4.3361
      3.7000      2.8500      2.8025      5.3639      5.2250      5.0013
      5.2250      2.8025      2.8500      2.8025      2.8500      5.2745
      5.0861      2.8500      2.9889      2.8500      5.0861      5.2250
      2.8500      2.8500      2.8500      2.8500      2.8500      2.8500
      2.8500      2.8500      2.8500      2.8500      2.8500      2.8500
      2.8500      2.8500      2.8500      4.4750      4.6139      4.3361
      4.4750      4.6139      4.3361      4.6139      4.4750      4.3361
      4.6139      4.3361      4.6139      4.3361      4.6139      4.4750
      4.3361      4.6139      2.8500      2.8500      2.8500      2.8500

   DONNEES POUR LA VALLEE N]16-CHASSEZA DATE: 07/09/09     3 USINE(S)     3 RESERVOIR(S)
  LAC N]92- P.BORR     0.1000E+04      5.700        -694.8000
  30608.0000  30608.0000  30608.0000  30608.0000  30608.0000  30608.0000
  30608.0000  30608.0000  30608.0000  30608.0000  30608.0000  30608.0000
  30608.0000  30586.4000  30564.8000  30564.8000  30564.8000  30564.8000
  30564.8000  30564.8000  30564.8000  30564.8000  30588.2000  30611.6000
  30611.6000  30611.6000  30611.6000  30611.6000  30611.6000  30611.6000
  30611.6000  30611.6000  30611.6000  30611.6000  30611.6000  30611.6000
  30611.6000  30611.6000  30590.0000  30568.4000  30536.0000  30503.6000
  30482.0000  30482.0000  30482.0000  30460.4000  30438.8000  30417.2000
  30395.6000  30395.6000  30395.6000  30395.6000  30395.6000  30395.6000
  30395.6000  30395.6000  30395.6000  30395.6000  30395.6000  30395.6000
  30395.6000  30419.0000  30442.4000  30420.8000  30399.2000  30377.6000
  30345.2000  30312.8000  30280.4000  30248.0000  30215.6000  30183.2000
  30150.8000  30118.4000  30086.0000  30053.6000  30021.2000  29999.6000
  29978.0000  29956.4000  29934.8000  29913.2000  29913.2000  29913.2000
  29913.2000  29913.2000  29913.2000  29913.2000  29913.2000  29913.2000
  29913.2000  29913.2000  29913.2000  29913.2000  29913.2000  29913.2000

  LAC N]93- LAFIGR     0.1000E+04      0.000           0.0000
      0.0000      0.0000      0.0000      0.0000      0.0000      0.0000
      0.0000      0.0000      0.0000      0.0000      0.0000      0.0000
      0.0000      0.0000      0.0000      0.0000      0.0000      0.0000
      0.0000      0.0000      0.0000      0.0000      0.0000      0.0000
      0.0000      0.0000      0.0000      0.0000      0.0000      0.0000
      0.0000      0.0000      0.0000      0.0000      0.0000      0.0000
      0.0000      0.0000      0.0000      0.0000      0.0000      0.0000
      0.0000      0.0000      0.0000      0.0000      0.0000      0.0000
      0.0000      0.0000      0.0000      0.0000      0.0000      0.0000
      0.0000      0.0000      0.0000      0.0000      0.0000      0.0000
      0.0000      0.0000      0.0000      0.0000      0.0000      0.0000
      0.0000      0.0000      0.0000      0.0000      0.0000      0.0000
      0.0000      0.0000      0.0000      0.0000      0.0000      0.0000
      0.0000      0.0000      0.0000      0.0000      0.0000      0.0000
      0.0000      0.0000      0.0000      0.0000      0.0000      0.0000
      0.0000      0.0000      0.0000      0.0000      0.0000      0.0000

  LAC N]94- SALELR     0.1000E+04      0.000         -12.6000
   1046.5000   1045.6000   1044.7000   1043.8000   1042.9000   1042.0000
   1041.1000   1040.2000   1039.3000   1038.4000   1037.5000   1036.6000
   1035.7000   1034.8000   1055.5000   1076.2000   1075.3000   1047.4000
   1019.5000    991.6000    963.7000    935.8000    907.9000    880.0000
    852.1000    824.2000    796.3000    768.4000    767.5000    766.6000
    765.7000    764.8000    763.9000    763.0000    762.1000    761.2000
    760.3000    759.4000    758.5000    779.2000    799.9000    831.4000
    862.9000    883.6000    882.7000    881.8000    902.5000    923.2000
    943.9000    964.6000    963.7000    962.8000    961.9000    961.0000
    960.1000    959.2000    958.3000    957.4000    956.5000    955.6000
    954.7000    953.8000    952.9000    952.0000    945.7000    939.4000
    933.1000    937.6000    942.1000    946.6000    951.1000    955.6000
    960.1000    964.6000    969.1000    973.6000    978.1000    982.6000
    976.3000    997.0000   1017.7000   1038.4000   1059.1000   1058.2000
   1057.3000   1056.4000   1055.5000   1054.6000   1053.7000   1052.8000
   1051.9000   1051.0000   1050.1000   1049.2000   1048.3000   1047.4000

  USINE N]**- P.BORH   92  93         788.4000
      0.0000      0.0000      0.0000      0.0000      0.0000      0.0000
      0.0000      0.0000      0.0000      0.0000      0.0000      0.0000
      0.0000     21.6000     21.6000      0.0000      0.0000      0.0000
      0.0000      0.0000      0.0000      0.0000      0.0000      0.0000
      0.0000      0.0000      0.0000      0.0000      0.0000      0.0000
      0.0000      0.0000      0.0000      0.0000      0.0000      0.0000
      0.0000      0.0000     21.6000     21.6000     32.4000     32.4000
     21.6000      0.0000      0.0000     21.6000     21.6000     21.6000
     21.6000      0.0000      0.0000      0.0000      0.0000      0.0000
      0.0000      0.0000      0.0000      0.0000      0.0000      0.0000
      0.0000      0.0000      0.0000     21.6000     21.6000     21.6000
     32.4000     32.4000     32.4000     32.4000     32.4000     32.4000
     32.4000     32.4000     32.4000     32.4000     32.4000     21.6000
     21.6000     21.6000     21.6000     21.6000      0.0000      0.0000
      0.0000      0.0000      0.0000      0.0000      0.0000      0.0000
      0.0000      0.0000      0.0000      0.0000      0.0000      0.0000

      0.0000      0.0000      0.0000      0.0000      0.0000      0.0000
      0.0000      0.0000      0.0000      0.0000      0.0000      0.0000
      0.0000     15.0000     15.0000      0.0000      0.0000      0.0000
      0.0000      0.0000      0.0000      0.0000      0.0000      0.0000
      0.0000      0.0000      0.0000      0.0000      0.0000      0.0000
      0.0000      0.0000      0.0000      0.0000      0.0000      0.0000
      0.0000      0.0000     15.0000     15.0000     22.0000     22.0000
     15.0000      0.0000      0.0000     15.0000     15.0000     15.0000
     15.0000      0.0000      0.0000      0.0000      0.0000      0.0000
      0.0000      0.0000      0.0000      0.0000      0.0000      0.0000
      0.0000      0.0000      0.0000     15.0000     15.0000     15.0000
     22.0000     22.0000     22.0000     22.0000     22.0000     22.0000
     22.0000     22.0000     22.0000     22.0000     22.0000     15.0000
     15.0000     15.0000     15.0000     15.0000      0.0000      0.0000
      0.0000      0.0000      0.0000      0.0000      0.0000      0.0000
      0.0000      0.0000      0.0000      0.0000      0.0000      0.0000

  USINE N]**- LAFIGH   93  94         788.4000
      0.0000      0.0000      0.0000      0.0000      0.0000      0.0000
      0.0000      0.0000      0.0000      0.0000      0.0000      0.0000
      0.0000     21.6000     21.6000      0.0000      0.0000      0.0000
      0.0000      0.0000      0.0000      0.0000      0.0000      0.0000
      0.0000      0.0000      0.0000      0.0000      0.0000      0.0000
      0.0000      0.0000      0.0000      0.0000      0.0000      0.0000
      0.0000      0.0000     21.6000     21.6000     32.4000     32.4000
     21.6000      0.0000      0.0000     21.6000     21.6000     21.6000
     21.6000      0.0000      0.0000      0.0000      0.0000      0.0000
      0.0000      0.0000      0.0000      0.0000      0.0000      0.0000
      0.0000      0.0000      0.0000     21.6000     21.6000     21.6000
     32.4000     32.4000     32.4000     32.4000     32.4000     32.4000
     32.4000     32.4000     32.4000     32.4000     32.4000     21.6000
     21.6000     21.6000     21.6000     21.6000      0.0000      0.0000
      0.0000      0.0000      0.0000      0.0000      0.0000      0.0000
      0.0000      0.0000      0.0000      0.0000      0.0000      0.0000

      0.0000      0.0000      0.0000      0.0000      0.0000      0.0000
      0.0000      0.0000      0.0000      0.0000      0.0000      0.0000
      0.0000      4.9412      4.9412      0.0000      0.0000      0.0000
      0.0000      0.0000      0.0000      0.0000      0.0000      0.0000
      0.0000      0.0000      0.0000      0.0000      0.0000      0.0000
      0.0000      0.0000      0.0000      0.0000      0.0000      0.0000
      0.0000      0.0000      4.9412      4.9412      7.4000      7.4000
      4.9412      0.0000      0.0000      4.9412      4.9412      4.8824
      4.9412      0.0000      0.0000      0.0000      0.0000      0.0000
      0.0000      0.0000      0.0000      0.0000      0.0000      0.0000
      0.0000      0.0000      0.0000      4.9412      4.9412      4.9412
      7.4000      7.4000      7.4000      7.4000      7.4000      7.4000
      7.4000      7.4000      7.4000      7.4000      7.4000      4.9412
      4.9412      4.9412      4.9412      4.9412      0.0000      0.0000
      0.0000      0.0000      0.0000      0.0000      0.0000      0.0000
      0.0000      0.0000      0.0000      0.0000      0.0000      0.0000

  USINE N]**- SALELH   94   0         714.6000
     12.6000      0.0000      0.0000      0.0000      0.0000      0.0000
      0.0000      0.0000      0.0000      0.0000      0.0000      0.0000
      0.0000      0.0000      0.0000      0.0000      0.0000     27.0000
     27.0000     27.0000     27.0000     27.0000     27.0000     27.0000
     27.0000     27.0000     27.0000     27.0000      0.0000      0.0000
      0.0000      0.0000      0.0000      0.0000      0.0000      0.0000
      0.0000      0.0000      0.0000      0.0000      0.0000      0.0000
      0.0000      0.0000      0.0000      0.0000      0.0000      0.0000
      0.0000      0.0000      0.0000      0.0000      0.0000      0.0000
      0.0000      0.0000      0.0000      0.0000      0.0000      0.0000
      0.0000      0.0000      0.0000      0.0000     27.0000     27.0000
     27.0000     27.0000     27.0000     27.0000     27.0000     27.0000
     27.0000     27.0000     27.0000     27.0000     27.0000     27.0000
     27.0000      0.0000      0.0000      0.0000      0.0000      0.0000
      0.0000      0.0000      0.0000      0.0000      0.0000      0.0000
      0.0000      0.0000      0.0000      0.0000      0.0000      0.0000

      2.0000      0.0000      0.0000      0.0000      0.0000      0.0000
      0.0000      0.0000      0.0000      0.0000      0.0000      0.0000
      0.0000      0.0000      0.0000      0.0000      0.0000      5.2500
      5.2500      5.2500      5.2500      5.2500      5.2500      5.2500
      5.2500      5.2500      5.2500      5.2500      0.0000      0.0000
      0.0000      0.0000      0.0000      0.0000      0.0000      0.0000
      0.0000      0.0000      0.0000      0.0000      0.0000      0.0000
      0.0000      0.0000      0.0000      0.0000      0.0000      0.0000
      0.0000      0.0000      0.0000      0.0000      0.0000      0.0000
      0.0000      0.0000      0.0000      0.0000      0.0000      0.0000
      0.0000      0.0000      0.0000      0.0000      5.2500      5.2500
      5.2500      5.2500      5.2500      5.2500      5.2500      5.2500
      5.2500      5.2500      5.2500      5.2500      5.2500      5.2500
      5.2500      0.0000      0.0000      0.0000      0.0000      0.0000
      0.0000      0.0000      0.0000      0.0000      0.0000      0.0000
      0.0000      0.0000      0.0000      0.0000      0.0000      0.0000

   DONNEES POUR LA VALLEE N]26-LARDIT   DATE: 07/09/09     1 USINE(S)     1 RESERVOIR(S)
  LAC N]**- LARDIR     0.1000E+04      4.580        -387.0000
  27632.0000  27632.0000  27632.0000  27632.0000  27632.0000  27632.0000
  27632.0000  27632.0000  27632.0000  27632.0000  27632.0000  27632.0000
  27632.0000  27632.0000  27632.0000  27632.0000  27632.0000  27619.5800
  27607.1600  27594.7400  27582.3200  27569.9000  27557.4800  27545.0600
  27532.6400  27518.4200  27504.2000  27491.7800  27479.3600  27466.9400
  27454.5200  27454.5200  27454.5200  27454.5200  27454.5200  27454.5200
  27454.5200  27454.5200  27454.5200  27454.5200  27454.5200  27454.5200
  27454.5200  27454.5200  27454.5200  27454.5200  27454.5200  27454.5200
  27454.5200  27454.5200  27454.5200  27454.5200  27454.5200  27454.5200
  27454.5200  27454.5200  27454.5200  27454.5200  27454.5200  27454.5200
  27454.5200  27454.5200  27454.5200  27442.1000  27429.6800  27417.2600
  27403.0400  27388.8200  27374.6000  27360.3800  27346.1600  27331.9400
  27319.5200  27307.1000  27294.6800  27282.2600  27269.8400  27257.4200
  27245.0000  27245.0000  27245.0000  27245.0000  27245.0000  27245.0000
  27245.0000  27245.0000  27245.0000  27245.0000  27245.0000  27245.0000
  27245.0000  27245.0000  27245.0000  27245.0000  27245.0000  27245.0000

  USINE N]**- LARDIH   **   0         387.0000
      0.0000      0.0000      0.0000      0.0000      0.0000      0.0000
      0.0000      0.0000      0.0000      0.0000      0.0000      0.0000
      0.0000      0.0000      0.0000      0.0000      0.0000     12.4200
     12.4200     12.4200     12.4200     12.4200     12.4200     12.4200
     12.4200     14.2200     14.2200     12.4200     12.4200     12.4200
     12.4200      0.0000      0.0000      0.0000      0.0000      0.0000
      0.0000      0.0000      0.0000      0.0000      0.0000      0.0000
      0.0000      0.0000      0.0000      0.0000      0.0000      0.0000
      0.0000      0.0000      0.0000      0.0000      0.0000      0.0000
      0.0000      0.0000      0.0000      0.0000      0.0000      0.0000
      0.0000      0.0000      0.0000     12.4200     12.4200     12.4200
     14.2200     14.2200     14.2200     14.2200     14.2200     14.2200
     12.4200     12.4200     12.4200     12.4200     12.4200     12.4200
     12.4200      0.0000      0.0000      0.0000      0.0000      0.0000
      0.0000      0.0000      0.0000      0.0000      0.0000      0.0000
      0.0000      0.0000      0.0000      0.0000      0.0000      0.0000

      0.0000      0.0000      0.0000      0.0000      0.0000      0.0000
      0.0000      0.0000      0.0000      0.0000      0.0000      0.0000
      0.0000      0.0000      0.0000      0.0000      0.0000     10.0000
     10.0000     10.0000     10.0000     10.0000     10.0000     10.0000
     10.0000     11.0000     11.0000     10.0000     10.0000     10.0000
     10.0000      0.0000      0.0000      0.0000      0.0000      0.0000
      0.0000      0.0000      0.0000      0.0000      0.0000      0.0000
      0.0000      0.0000      0.0000      0.0000      0.0000      0.0000
      0.0000      0.0000      0.0000      0.0000      0.0000      0.0000
      0.0000      0.0000      0.0000      0.0000      0.0000      0.0000
      0.0000      0.0000      0.0000     10.0000     10.0000     10.0000
     11.0000     11.0000     11.0000     11.0000     11.0000     11.0000
     10.0000     10.0000     10.0000     10.0000     10.0000     10.0000
     10.0000      0.0000      0.0000      0.0000      0.0000      0.0000
      0.0000      0.0000      0.0000      0.0000      0.0000      0.0000
      0.0000      0.0000      0.0000      0.0000      0.0000      0.0000

   DONNEES POUR LA VALLEE N]27-LOT      DATE: 07/09/09     2 USINE(S)     2 RESERVOIR(S)
  LAC N]**- CSLNAR     0.1000E+04      2.200        -486.0000
  13248.0000  13248.0000  13248.0000  13248.0000  13248.0000  13248.0000
  13248.0000  13248.0000  13248.0000  13248.0000  13248.0000  13248.0000
  13248.0000  13248.0000  13248.0000  13248.0000  13248.0000  13248.0000
  13248.0000  13248.0000  13248.0000  13248.0000  13248.0000  13248.0000
  13248.0000  13188.6000  13064.4000  12940.2000  12940.2000  12940.2000
  12940.2000  12940.2000  12940.2000  12940.2000  12940.2000  12940.2000
  12940.2000  12940.2000  12940.2000  12940.2000  12940.2000  12940.2000
  12940.2000  12940.2000  12940.2000  12940.2000  12940.2000  12940.2000
  12940.2000  12940.2000  12940.2000  12940.2000  12940.2000  12940.2000
  12940.2000  12940.2000  12940.2000  12940.2000  12940.2000  12940.2000
  12940.2000  12940.2000  12940.2000  12940.2000  12940.2000  12940.2000
  12940.2000  12940.2000  12940.2000  12940.2000  12940.2000  12880.8000
  12821.4000  12762.0000  12762.0000  12762.0000  12762.0000  12762.0000
  12762.0000  12762.0000  12762.0000  12762.0000  12762.0000  12762.0000
  12762.0000  12762.0000  12762.0000  12762.0000  12762.0000  12762.0000
  12762.0000  12762.0000  12762.0000  12762.0000  12762.0000  12762.0000

  LAC N]**- GOLINR     0.1000E+04      0.000         -55.4400
    602.5600    601.1200    599.6800    598.2400    596.8000    595.3600
    593.9200    592.4800    591.0400    589.6000    588.1600    586.7200
    585.2800    583.8400    582.4000    580.9600    579.5200    578.0800
    576.6400    575.2000    573.7600    572.3200    525.8800    479.4400
    478.0000    476.5600    475.1200    473.6800    472.2400    411.4000
    350.5600    289.7200    288.2800    346.2400    469.0000    591.7600
    590.3200    588.8800    587.4400    586.0000    584.5600    583.1200
    581.6800    580.2400    578.8000    577.3600    575.9200    574.4800
    573.0400    571.6000    570.1600    568.7200    567.2800    565.8400
    564.4000    562.9600    561.5200    560.0800    558.6400    557.2000
    555.7600    554.3200    552.8800    551.4400    550.0000    548.5600
    547.1200    545.6800    544.2400    542.8000    541.3600    494.9200
    448.4800    402.0400    400.6000    399.1600    397.7200    396.2800
    394.8400    452.8000    510.7600    568.7200    567.2800    565.8400
    564.4000    562.9600    561.5200    560.0800    558.6400    557.2000
    555.7600    554.3200    552.8800    551.4400    550.0000    548.5600

  USINE N]**- CSLNAH   **  **         831.6000
      3.6000      3.6000      3.6000      3.6000      3.6000      3.6000
      3.6000      3.6000      3.6000      3.6000      3.6000      3.6000
      3.6000      3.6000      3.6000      3.6000      3.6000      3.6000
      3.6000      3.6000      3.6000      3.6000      3.6000      3.6000
      3.6000     63.0000    127.8000    127.8000      3.6000      3.6000
      3.6000      3.6000      3.6000      3.6000      3.6000      3.6000
      3.6000      3.6000      3.6000      3.6000      3.6000      3.6000
      3.6000      3.6000      3.6000      3.6000      3.6000      3.6000
      3.6000      3.6000      3.6000      3.6000      3.6000      3.6000
      3.6000      3.6000      3.6000      3.6000      3.6000      3.6000
      3.6000      3.6000      3.6000      3.6000      3.6000      3.6000
      3.6000      3.6000      3.6000      3.6000      3.6000     63.0000
     63.0000     63.0000      3.6000      3.6000      3.6000      3.6000
      3.6000      3.6000      3.6000      3.6000      3.6000      3.6000
      3.6000      3.6000      3.6000      3.6000      3.6000      3.6000
      3.6000      3.6000      3.6000      3.6000      3.6000      3.6000

      0.3500      0.3500      0.3500      0.3500      0.3500      0.3500
      0.3500      0.3500      0.3500      0.3500      0.3500      0.3500
      0.3500      0.3500      0.3500      0.3500      0.3500      0.3500
      0.3500      0.3500      0.3500      0.3500      0.3500      0.3500
      0.3500      7.0000     14.0000     14.0000      0.3500      0.3500
      0.3500      0.3500      0.3500      0.3500      0.3500      0.3500
      0.3500      0.3500      0.3500      0.3500      0.3500      0.3500
      0.3500      0.3500      0.3500      0.3500      0.3500      0.3500
      0.3500      0.3500      0.3500      0.3500      0.3500      0.3500
      0.3500      0.3500      0.3500      0.3500      0.3500      0.3500
      0.3500      0.3500      0.3500      0.3500      0.3500      0.3500
      0.3500      0.3500      0.3500      0.3500      0.3500      7.0000
      7.0000      7.0000      0.3500      0.3500      0.3500      0.3500
      0.3500      0.3500      0.3500      0.3500      0.3500      0.3500
      0.3500      0.3500      0.3500      0.3500      0.3500      0.3500
      0.3500      0.3500      0.3500      0.3500      0.3500      0.3500

  USINE N]**- GOLINH   **   0         748.8000
      3.6000      3.6000      3.6000      3.6000      3.6000      3.6000
      3.6000      3.6000      3.6000      3.6000      3.6000      3.6000
      3.6000      3.6000      3.6000      3.6000      3.6000      3.6000
      3.6000      3.6000      3.6000      3.6000     48.6000     48.6000
      3.6000      3.6000      3.6000      3.6000      3.6000     63.0000
     63.0000     63.0000      3.6000      3.6000      3.6000      3.6000
      3.6000      3.6000      3.6000      3.6000      3.6000      3.6000
      3.6000      3.6000      3.6000      3.6000      3.6000      3.6000
      3.6000      3.6000      3.6000      3.6000      3.6000      3.6000
      3.6000      3.6000      3.6000      3.6000      3.6000      3.6000
      3.6000      3.6000      3.6000      3.6000      3.6000      3.6000
      3.6000      3.6000      3.6000      3.6000      3.6000     48.6000
     48.6000     48.6000      3.6000      3.6000      3.6000      3.6000
      3.6000      3.6000      3.6000      3.6000      3.6000      3.6000
      3.6000      3.6000      3.6000      3.6000      3.6000      3.6000
      3.6000      3.6000      3.6000      3.6000      3.6000      3.6000

      0.3500      0.3500      0.3500      0.3500      0.3500      0.3500
      0.3500      0.3500      0.3500      0.3500      0.3500      0.3500
      0.3500      0.3500      0.3500      0.3500      0.3500      0.3500
      0.3500      0.3500      0.3500      0.3500      8.0000      8.0000
      0.3500      0.3500      0.3500      0.3500      0.3500     10.1818
     10.1818     10.1818      0.3500      0.3500      0.3500      0.3500
      0.3500      0.3500      0.3500      0.3500      0.3500      0.3500
      0.3500      0.3500      0.3500      0.3500      0.3500      0.3500
      0.3500      0.3500      0.3500      0.3500      0.3500      0.3500
      0.3500      0.3500      0.3500      0.3500      0.3500      0.3500
      0.3500      0.3500      0.3500      0.3500      0.3500      0.3500
      0.3500      0.3500      0.3500      0.3500      0.3500      8.0000
      8.0000      8.0000      0.3500      0.3500      0.3500      0.3500
      0.3500      0.3500      0.3500      0.3500      0.3500      0.3500
      0.3500      0.3500      0.3500      0.3500      0.3500      0.3500
      0.3500      0.3500      0.3500      0.3500      0.3500      0.3500

   DONNEES POUR LA VALLEE N]28-ARRENS   DATE: 07/09/09     6 USINE(S)     6 RESERVOIR(S)
  LAC N]**- MIGOER     0.1000E+04     25.580         -54.7200
  14644.0000  14644.0000  14644.0000  14644.0000  14644.0000  14644.0000
  14644.0000  14644.0000  14644.0000  14644.0000  14644.0000  14644.0000
  14644.0000  14644.0000  14644.0000  14644.0000  14644.0000  14644.0000
  14644.0000  14644.0000  14644.0000  14644.0000  14644.0000  14635.3600
  14626.7200  14618.0800  14618.0800  14618.0800  14618.0800  14618.0800
  14618.0800  14618.0800  14618.0800  14618.0800  14618.0800  14618.0800
  14618.0800  14618.0800  14618.0800  14618.0800  14618.0800  14618.0800
  14618.0800  14618.0800  14618.0800  14618.0800  14618.0800  14618.0800
  14618.0800  14618.0800  14618.0800  14618.0800  14618.0800  14618.0800
  14618.0800  14618.0800  14618.0800  14618.0800  14618.0800  14618.0800
  14618.0800  14618.0800  14618.0800  14618.0800  14618.0800  14618.0800
  14618.0800  14618.0800  14618.0800  14618.0800  14618.0800  14609.4400
  14600.8000  14592.1600  14589.2800  14589.2800  14589.2800  14589.2800
  14589.2800  14589.2800  14589.2800  14589.2800  14589.2800  14589.2800
  14589.2800  14589.2800  14589.2800  14589.2800  14589.2800  14589.2800
  14589.2800  14589.2800  14589.2800  14589.2800  14589.2800  14589.2800

  LAC N]**- TUCOYR     0.1000E+04      0.000           0.0000
      0.0000      0.0000      0.0000      0.0000      0.0000      0.0000
      0.0000      0.0000      0.0000      0.0000      0.0000      0.0000
      0.0000      0.0000      0.0000      0.0000      0.0000      0.0000
      0.0000      0.0000      0.0000      0.0000      0.0000      0.0000
      0.0000      0.0000      0.0000      0.0000      0.0000      0.0000
      0.0000      0.0000      0.0000      0.0000      0.0000      0.0000
      0.0000      0.0000      0.0000      0.0000      0.0000      0.0000
      0.0000      0.0000      0.0000      0.0000      0.0000      0.0000
      0.0000      0.0000      0.0000      0.0000      0.0000      0.0000
      0.0000      0.0000      0.0000      0.0000      0.0000      0.0000
      0.0000      0.0000      0.0000      0.0000      0.0000      0.0000
      0.0000      0.0000      0.0000      0.0000      0.0000      0.0000
      0.0000      0.0000      0.0000      0.0000      0.0000      0.0000
      0.0000      0.0000      0.0000      0.0000      0.0000      0.0000
      0.0000      0.0000      0.0000      0.0000      0.0000      0.0000
      0.0000      0.0000      0.0000      0.0000      0.0000      0.0000

  LAC N]**- TECH R     0.1000E+04      0.000          23.9400
    315.6800    311.3600    312.8000    314.2400    315.6800    317.1200
    318.5600    320.0000    321.4400    322.8800    324.3200    325.7600
    327.2000    328.6400    330.0800    331.5200    332.9600    334.4000
    330.0800    325.7600    321.4400    312.9800    304.5200    304.7000
    314.7800    324.8600    326.3000    327.7400    329.1800    330.6200
    332.0600    333.5000    334.9400    336.3800    337.8200    339.2600
    340.7000    342.1400    343.5800    345.0200    346.4600    347.9000
    349.3400    350.7800    352.2200    343.7600    335.3000    336.7400
    338.1800    339.6200    331.1600    322.7000    314.2400    315.6800
    317.1200    318.5600    320.0000    321.4400    322.8800    324.3200
    325.7600    327.2000    328.6400    330.0800    331.5200    332.9600
    334.4000    335.8400    337.2800    328.8200    320.3600    320.5400
    330.6200    340.7000    345.0200    336.5600    328.1000    323.7800
    319.4600    320.9000    322.3400    323.7800    325.2200    326.6600
    328.1000    329.5400    330.9800    332.4200    333.8600    335.3000
    336.7400    338.1800    339.6200    341.0600    342.5000    343.9400

  LAC N]**- AUCUNR     0.1000E+04      0.000           0.0000
      0.0000      0.0000      0.0000      0.0000      0.0000      0.0000
      0.0000      0.0000      0.0000      0.0000      0.0000      0.0000
      0.0000      0.0000      0.0000      0.0000      0.0000      0.0000
      0.0000      0.0000      0.0000      0.0000      0.0000      0.0000
      0.0000      0.0000      0.0000      0.0000      0.0000      0.0000
      0.0000      0.0000      0.0000      0.0000      0.0000      0.0000
      0.0000      0.0000      0.0000      0.0000      0.0000      0.0000
      0.0000      0.0000      0.0000      0.0000      0.0000      0.0000
      0.0000      0.0000      0.0000      0.0000      0.0000      0.0000
      0.0000      0.0000      0.0000      0.0000      0.0000      0.0000
      0.0000      0.0000      0.0000      0.0000      0.0000      0.0000
      0.0000      0.0000      0.0000      0.0000      0.0000      0.0000
      0.0000      0.0000      0.0000      0.0000      0.0000      0.0000
      0.0000      0.0000      0.0000      0.0000      0.0000      0.0000
      0.0000      0.0000      0.0000      0.0000      0.0000      0.0000
      0.0000      0.0000      0.0000      0.0000      0.0000      0.0000

  LAC N]**- NOUAUR     0.1000E+04      0.000           0.0000
      0.0000      0.0000      0.0000      0.0000      0.0000      0.0000
      0.0000      0.0000      0.0000      0.0000      0.0000      0.0000
      0.0000      0.0000      0.0000      0.0000      0.0000      0.0000
      0.0000      0.0000      0.0000      0.0000      0.0000      0.0000
      0.0000      0.0000      0.0000      0.0000      0.0000      0.0000
      0.0000      0.0000      0.0000      0.0000      0.0000      0.0000
      0.0000      0.0000      0.0000      0.0000      0.0000      0.0000
      0.0000      0.0000      0.0000      0.0000      0.0000      0.0000
      0.0000      0.0000      0.0000      0.0000      0.0000      0.0000
      0.0000      0.0000      0.0000      0.0000      0.0000      0.0000
      0.0000      0.0000      0.0000      0.0000      0.0000      0.0000
      0.0000      0.0000      0.0000      0.0000      0.0000      0.0000
      0.0000      0.0000      0.0000      0.0000      0.0000      0.0000
      0.0000      0.0000      0.0000      0.0000      0.0000      0.0000
      0.0000      0.0000      0.0000      0.0000      0.0000      0.0000
      0.0000      0.0000      0.0000      0.0000      0.0000      0.0000

  LAC N]**- L.BALR     0.1000E+04      0.000           0.0000
      0.0000      0.0000      0.0000      0.0000      0.0000      0.0000
      0.0000      0.0000      0.0000      0.0000      0.0000      0.0000
      0.0000      0.0000      0.0000      0.0000      0.0000      0.0000
      0.0000      0.0000      0.0000      0.0000      0.0000      0.0000
      0.0000      0.0000      0.0000      0.0000      0.0000      0.0000
      0.0000      0.0000      0.0000      0.0000      0.0000      0.0000
      0.0000      0.0000      0.0000      0.0000      0.0000      0.0000
      0.0000      0.0000      0.0000      0.0000      0.0000      0.0000
      0.0000      0.0000      0.0000      0.0000      0.0000      0.0000
      0.0000      0.0000      0.0000      0.0000      0.0000      0.0000
      0.0000      0.0000      0.0000      0.0000      0.0000      0.0000
      0.0000      0.0000      0.0000      0.0000      0.0000      0.0000
      0.0000      0.0000      0.0000      0.0000      0.0000      0.0000
      0.0000      0.0000      0.0000      0.0000      0.0000      0.0000
      0.0000      0.0000      0.0000      0.0000      0.0000      0.0000
      0.0000      0.0000      0.0000      0.0000      0.0000      0.0000

  USINE N]**- MIGOEH   **  **          54.7200
      0.0000      0.0000      0.0000      0.0000      0.0000      0.0000
      0.0000      0.0000      0.0000      0.0000      0.0000      0.0000
      0.0000      0.0000      0.0000      0.0000      0.0000      0.0000
      0.0000      0.0000      0.0000      0.0000      0.0000      8.6400
      8.6400      8.6400      0.0000      0.0000      0.0000      0.0000
      0.0000      0.0000      0.0000      0.0000      0.0000      0.0000
      0.0000      0.0000      0.0000      0.0000      0.0000      0.0000
      0.0000      0.0000      0.0000      0.0000      0.0000      0.0000
      0.0000      0.0000      0.0000      0.0000      0.0000      0.0000
      0.0000      0.0000      0.0000      0.0000      0.0000      0.0000
      0.0000      0.0000      0.0000      0.0000      0.0000      0.0000
      0.0000      0.0000      0.0000      0.0000      0.0000      8.6400
      8.6400      8.6400      2.8800      0.0000      0.0000      0.0000
      0.0000      0.0000      0.0000      0.0000      0.0000      0.0000
      0.0000      0.0000      0.0000      0.0000      0.0000      0.0000
      0.0000      0.0000      0.0000      0.0000      0.0000      0.0000

      0.0000      0.0000      0.0000      0.0000      0.0000      0.0000
      0.0000      0.0000      0.0000      0.0000      0.0000      0.0000
      0.0000      0.0000      0.0000      0.0000      0.0000      0.0000
      0.0000      0.0000      0.0000      0.0000      0.0000     15.0000
     15.0000     15.0000      0.0000      0.0000      0.0000      0.0000
      0.0000      0.0000      0.0000      0.0000      0.0000      0.0000
      0.0000      0.0000      0.0000      0.0000      0.0000      0.0000
      0.0000      0.0000      0.0000      0.0000      0.0000      0.0000
      0.0000      0.0000      0.0000      0.0000      0.0000      0.0000
      0.0000      0.0000      0.0000      0.0000      0.0000      0.0000
      0.0000      0.0000      0.0000      0.0000      0.0000      0.0000
      0.0000      0.0000      0.0000      0.0000      0.0000     15.0000
     15.0000     15.0000      5.0000      0.0000      0.0000      0.0000
      0.0000      0.0000      0.0000      0.0000      0.0000      0.0000
      0.0000      0.0000      0.0000      0.0000      0.0000      0.0000
      0.0000      0.0000      0.0000      0.0000      0.0000      0.0000

  USINE N]**- TUCOYH   **  **          89.2800
      0.3600      0.3600      0.3600      0.3600      0.3600      0.3600
      0.3600      0.3600      0.3600      0.3600      0.3600      0.3600
      0.3600      0.3600      0.3600      0.3600      0.3600      0.3600
      0.3600      0.3600      0.3600      0.3600      0.3600      9.0000
      9.0000      9.0000      0.3600      0.3600      0.3600      0.3600
      0.3600      0.3600      0.3600      0.3600      0.3600      0.3600
      0.3600      0.3600      0.3600      0.3600      0.3600      0.3600
      0.3600      0.3600      0.3600      0.3600      0.3600      0.3600
      0.3600      0.3600      0.3600      0.3600      0.3600      0.3600
      0.3600      0.3600      0.3600      0.3600      0.3600      0.3600
      0.3600      0.3600      0.3600      0.3600      0.3600      0.3600
      0.3600      0.3600      0.3600      0.3600      0.3600      9.0000
      9.0000      9.0000      3.2400      0.3600      0.3600      0.3600
      0.3600      0.3600      0.3600      0.3600      0.3600      0.3600
      0.3600      0.3600      0.3600      0.3600      0.3600      0.3600
      0.3600      0.3600      0.3600      0.3600      0.3600      0.3600

      0.0000      0.0000      0.0000      0.0000      0.0000      0.0000
      0.0000      0.0000      0.0000      0.0000      0.0000      0.0000
      0.0000      0.0000      0.0000      0.0000      0.0000      0.0000
      0.0000      0.0000      0.0000      0.0000      0.0000      0.0000
      0.0000      0.0000      0.0000      0.0000      0.0000      0.0000
      0.0000      0.0000      0.0000      0.0000      0.0000      0.0000
      0.0000      0.0000      0.0000      0.0000      0.0000      0.0000
      0.0000      0.0000      0.0000      0.0000      0.0000      0.0000
      0.0000      0.0000      0.0000      0.0000      0.0000      0.0000
      0.0000      0.0000      0.0000      0.0000      0.0000      0.0000
      0.0000      0.0000      0.0000      0.0000      0.0000      0.0000
      0.0000      0.0000      0.0000      0.0000      0.0000      0.0000
      0.0000      0.0000      0.0000      0.0000      0.0000      0.0000
      0.0000      0.0000      0.0000      0.0000      0.0000      0.0000
      0.0000      0.0000      0.0000      0.0000      0.0000      0.0000
      0.0000      0.0000      0.0000      0.0000      0.0000      0.0000

  USINE N]**- ARRENH   **  **         169.0200
      5.7600      5.7600      0.0000      0.0000      0.0000      0.0000
      0.0000      0.0000      0.0000      0.0000      0.0000      0.0000
      0.0000      0.0000      0.0000      0.0000      0.0000      0.0000
      5.7600      5.7600      5.7600      9.9000      9.9000      9.9000
      0.0000      0.0000      0.0000      0.0000      0.0000      0.0000
      0.0000      0.0000      0.0000      0.0000      0.0000      0.0000
      0.0000      0.0000      0.0000      0.0000      0.0000      0.0000
      0.0000      0.0000      0.0000      9.9000      9.9000      0.0000
      0.0000      0.0000      9.9000      9.9000      9.9000      0.0000
      0.0000      0.0000      0.0000      0.0000      0.0000      0.0000
      0.0000      0.0000      0.0000      0.0000      0.0000      0.0000
      0.0000      0.0000      0.0000      9.9000      9.9000      9.9000
      0.0000      0.0000      0.0000      9.9000      9.9000      5.7600
      5.7600      0.0000      0.0000      0.0000      0.0000      0.0000
      0.0000      0.0000      0.0000      0.0000      0.0000      0.0000
      0.0000      0.0000      0.0000      0.0000      0.0000      0.0000

      4.0000      4.0000      0.0000      0.0000      0.0000      0.0000
      0.0000      0.0000      0.0000      0.0000      0.0000      0.0000
      0.0000      0.0000      0.0000      0.0000      0.0000      0.0000
      4.0000      4.0000      4.0000      6.5000      6.5000      6.5000
      0.0000      0.0000      0.0000      0.0000      0.0000      0.0000
      0.0000      0.0000      0.0000      0.0000      0.0000      0.0000
      0.0000      0.0000      0.0000      0.0000      0.0000      0.0000
      0.0000      0.0000      0.0000      6.5000      6.5000      0.0000
      0.0000      0.0000      6.5000      6.5000      6.5000      0.0000
      0.0000      0.0000      0.0000      0.0000      0.0000      0.0000
      0.0000      0.0000      0.0000      0.0000      0.0000      0.0000
      0.0000      0.0000      0.0000      6.5000      6.5000      6.5000
      0.0000      0.0000      0.0000      6.5000      6.5000      4.0000
      4.0000      0.0000      0.0000      0.0000      0.0000      0.0000
      0.0000      0.0000      0.0000      0.0000      0.0000      0.0000
      0.0000      0.0000      0.0000      0.0000      0.0000      0.0000

  USINE N]**- AUCUNH   **  **         203.5800
      6.1200      6.1200      0.3600      0.3600      0.3600      0.3600
      0.3600      0.3600      0.3600      0.3600      0.3600      0.3600
      0.3600      0.3600      0.3600      0.3600      0.3600      0.3600
      6.1200      6.1200      6.1200     10.2600     10.2600     10.2600
      0.3600      0.3600      0.3600      0.3600      0.3600      0.3600
      0.3600      0.3600      0.3600      0.3600      0.3600      0.3600
      0.3600      0.3600      0.3600      0.3600      0.3600      0.3600
      0.3600      0.3600      0.3600     10.2600     10.2600      0.3600
      0.3600      0.3600     10.2600     10.2600     10.2600      0.3600
      0.3600      0.3600      0.3600      0.3600      0.3600      0.3600
      0.3600      0.3600      0.3600      0.3600      0.3600      0.3600
      0.3600      0.3600      0.3600     10.2600     10.2600     10.2600
      0.3600      0.3600      0.3600     10.2600     10.2600      6.1200
      6.1200      0.3600      0.3600      0.3600      0.3600      0.3600
      0.3600      0.3600      0.3600      0.3600      0.3600      0.3600
      0.3600      0.3600      0.3600      0.3600      0.3600      0.3600

      0.8500      0.0000      0.0500      0.0500      0.0500      0.0500
      0.0500      0.0000      0.0000      0.0500      0.0500      0.0500
      0.0500      0.0500      0.0500      0.0500      0.0500      0.0500
      0.8500      0.8500      0.8500      1.4250      1.4250      1.4250
      0.0000      0.0500      0.0500      0.0500      0.0500      0.0500
      0.0500      0.0500      0.0500      0.0500      0.0500      0.0500
      0.0500      0.0500      0.0500      0.0500      0.0500      0.0500
      0.0500      0.0500      0.0500      1.4250      1.4250      0.0000
      0.0500      0.0000      1.4250      0.0000      1.4250      0.0500
      0.0500      0.0500      0.0500      0.0500      0.0500      0.0500
      0.0500      0.0500      0.0500      0.0500      0.0500      0.0500
      0.0500      0.0500      0.0500      1.4250      1.4250      1.4250
      0.0500      0.0500      0.0500      1.4250      1.4250      0.8500
      0.8500      0.0500      0.0500      0.0500      0.0500      0.0500
      0.0500      0.0500      0.0500      0.0500      0.0500      0.0500
      0.0500      0.0500      0.0500      0.0500      0.0500      0.0500

  USINE N]**- NOUAUH   **  **         255.4200
      0.9000      0.9000      6.6600      6.6600      0.9000      0.9000
      0.9000      0.9000      0.9000      0.9000      0.9000      0.9000
      0.9000      0.9000      0.9000      0.9000      0.9000      0.9000
      0.9000      0.9000      6.6600      6.6600      6.6600     10.8000
     10.8000     10.8000      0.9000      0.9000      0.9000      0.9000
      0.9000      0.9000      0.9000      0.9000      0.9000      0.9000
      0.9000      0.9000      0.9000      0.9000      0.9000      0.9000
      0.9000      0.9000      0.9000      0.9000      0.9000     10.8000
     10.8000      0.9000      0.9000      0.9000     10.8000     10.8000
     10.8000      0.9000      0.9000      0.9000      0.9000      0.9000
      0.9000      0.9000      0.9000      0.9000      0.9000      0.9000
      0.9000      0.9000      0.9000      0.9000      0.9000     10.8000
     10.8000     10.8000      0.9000      0.9000      0.9000     10.8000
     10.8000      6.6600      6.6600      0.9000      0.9000      0.9000
      0.9000      0.9000      0.9000      0.9000      0.9000      0.9000
      0.9000      0.9000      0.9000      0.9000      0.9000      0.9000

      0.3958      0.0000      2.9292      2.9292      0.3958      0.0000
      0.3958      0.0000      0.0000      0.3958      0.3958      0.3958
      0.3958      0.3958      0.3958      0.3958      0.3958      0.3958
      0.3958      0.3958      2.9292      2.9292      2.9292      4.7500
      0.0000      4.7500      0.3958      0.3958      0.3958      0.3958
      0.3958      0.3958      0.3958      0.3958      0.3958      0.3958
      0.3958      0.3958      0.3958      0.3958      0.3958      0.3958
      0.3958      0.3958      0.0000      0.3958      0.3958      0.0000
      4.7500      0.0000      0.3958      0.0000      4.7500      0.0000
      4.7500      0.0000      0.3958      0.3958      0.3958      0.3958
      0.3958      0.3958      0.3958      0.3958      0.3958      0.3958
      0.3958      0.3958      0.3958      0.3958      0.3958      4.7500
      4.7500      4.7500      0.3958      0.3958      0.3958      4.7500
      4.7500      2.9292      2.9292      0.3958      0.3958      0.3958
      0.3958      0.3958      0.3958      0.3958      0.3958      0.3958
      0.3958      0.3958      0.0000      0.3958      0.3958      0.3958

  USINE N]**- L.BALH   **   0         341.8200
      1.8000      1.8000      7.5600      7.5600      1.8000      1.8000
      1.8000      1.8000      1.8000      1.8000      1.8000      1.8000
      1.8000      1.8000      1.8000      1.8000      1.8000      1.8000
      1.8000      1.8000      7.5600      7.5600      7.5600     11.7000
     11.7000     11.7000      1.8000      1.8000      1.8000      1.8000
      1.8000      1.8000      1.8000      1.8000      1.8000      1.8000
      1.8000      1.8000      1.8000      1.8000      1.8000      1.8000
      1.8000      1.8000      1.8000      1.8000      1.8000     11.7000
     11.7000      1.8000      1.8000      1.8000     11.7000     11.7000
     11.7000      1.8000      1.8000      1.8000      1.8000      1.8000
      1.8000      1.8000      1.8000      1.8000      1.8000      1.8000
      1.8000      1.8000      1.8000      1.8000      1.8000     11.7000
     11.7000     11.7000      1.8000      1.8000      1.8000     11.7000
     11.7000      7.5600      7.5600      1.8000      1.8000      1.8000
      1.8000      1.8000      1.8000      1.8000      1.8000      1.8000
      1.8000      1.8000      1.8000      1.8000      1.8000      1.8000

      0.7500      0.7500      3.1500      3.1500      0.7500      0.7500
      0.7500      0.7500      0.7500      0.7500      0.7500      0.7500
      0.7500      0.7500      0.7500      0.7500      0.7500      0.7500
      0.7500      0.7500      3.1500      3.1500      3.1500      4.8750
      0.7500      4.8750      0.7500      0.7500      0.7500      0.7500
      0.7500      0.7500      0.7500      0.7500      0.7500      0.7500
      0.7500      0.7500      0.7500      0.7500      0.7500      0.7500
      0.7500      0.7500      0.7500      0.7500      0.7500      0.7500
      4.8750      0.7500      0.7500      0.7500      4.8750      0.7500
      4.8750      0.7500      0.7500      0.7500      0.7500      0.7500
      0.7500      0.7500      0.7500      0.7500      0.7500      0.7500
      0.7500      0.7500      0.7500      0.7500      0.7500      4.8750
      4.8750      4.8750      0.7500      0.7500      0.7500      4.8750
      4.8750      3.1500      3.1500      0.7500      0.7500      0.7500
      0.7500      0.7500      0.7500      0.7500      0.7500      0.7500
      0.7500      0.7500      0.7500      0.7500      0.7500      0.7500

