 'COUT_MAR_CONSO'
     29.3366      25.8159      26.7231      26.5491      11.0134      24.2004
     21.5601     -17.5317       0.1221       7.4472      24.0344      27.3715
     35.2304      43.7634      32.0289      43.4089      43.9271      46.1241
     46.2930      51.7495      48.8221      47.3410      52.8951      53.8253
     49.4571      56.7208      50.8684      50.5599      49.6491      47.3310
     45.1575      44.9729      44.3327      42.1633      41.0731      36.8890
     38.4392      45.3518      45.8252      46.3855      50.0433      51.3999
     44.3323      43.2685      39.6028      47.4398      36.9370      21.0539
     41.1321      16.2741      40.1874      39.8978      40.2113      31.3208
     37.0715      34.6480     -87.8073      22.3261      32.2270      40.3793
     42.0841      43.2027      46.0343      47.7831      48.2812      50.8709
     54.6134      59.9359      61.9325      61.9728      62.9172      66.6551
     60.7703      64.3066      60.9676      62.0746      56.5893      47.8706
     46.6147      47.4380      47.0220      47.1223      46.3512      43.0629
     43.3046      44.2241      43.6919      44.7469      43.7547      45.2503
     44.5027      42.9850      34.4940      45.7421      39.6940      19.6965
 'COUT_MAR_PRIMAIRE'
     26.8984      24.9803      38.2919       2.6475      18.1368      18.7182
      3.0706       3.1641       0.2590      30.4783      12.9954      38.1291
     33.7448      33.6680      24.8646      33.0363      18.7632      48.4018
     35.5120      29.6940      40.4899      35.8863      17.8177       2.9411
     34.5490       1.8201      33.6714      26.0659      46.3378      27.4280
     37.6259      35.7376      36.0500      35.7139      52.3918      57.2468
     52.7915      32.3355      44.0783      34.6625       3.1910       0.3389
     36.4737      39.9375      63.1124       8.7303      37.6677      33.3931
      2.5353      36.3168      26.9173      31.1317      29.7649      23.7375
     17.9338      32.3034      10.8051      19.1643      20.9275      32.9966
     34.4633      32.5797      33.0946      31.6912      44.7110      38.6889
     32.4171      43.6118      41.0461      42.1119      27.1648       0.4815
     58.7256      13.7382      43.1446      40.7506      52.5988      23.5558
     39.5605      43.4478      37.7702      41.3504      33.4446      46.5643
     42.0582      30.2991      53.5912      26.1695      21.5951      36.9615
     43.8046      27.3340      34.3043      15.7657      43.4981      49.1796
 'COUT_MAR_TELER'
     43.7965      11.9585       5.5963      18.5810      42.4191       1.0480
      3.2845       0.4377       0.4377      44.7330      21.9069      14.1741
     21.4903      22.2219      42.0601      38.0544      45.0401      26.8660
     15.0476      14.6195      15.5184      16.9926      13.0420      13.0562
     16.9927       7.8079      11.6262      13.1257      15.6042      19.8385
     23.3903      28.4119      31.8030      35.9342      37.9813      52.5044
     39.1637      26.9842      20.6397      20.0195      17.1270      16.3057
     27.2004      38.7767      45.6949      20.3091      25.8741      52.2293
     24.1869      59.1959      20.0058       2.2078       1.7398      29.5416
     20.6412      26.1454      18.0743      23.2152      28.8926      28.2803
     32.1974      31.5482      29.3422      23.1851      26.3637      21.4184
     20.9749       9.2910       1.0405       2.6065       1.6610       2.4458
      0.3690       0.1116       0.3502       1.6297      16.0966      26.2584
     26.9175      23.0614      26.0787      23.9934      25.9522      31.2828
     34.2767      25.1796      26.6101      41.4539      52.4048      31.2241
     25.9114      35.5137      44.2018      28.1183      30.2534      61.5880
 'COUT_MAR_RESER'
      0.0000       0.0000       0.0000       0.0000       0.0000       0.0000
      0.0000       0.0000       0.0000       0.0000       0.0000       0.0000
      0.0000       0.0000       0.0000       0.0000       0.0000       0.0000
      0.0000       0.0000       0.0000       0.0000       0.0000       0.0000
      0.0000       0.0000       0.0000       0.0000       0.0000       0.0000
      0.0000       0.0000       0.0000       0.0000       0.0000       0.0000
      0.0000       0.0000       0.0000       0.0000       0.0000       0.0000
      0.0000       0.0000       0.0000       0.0000       0.0000       0.0000
      0.0000       0.0000       0.0000       0.0000       0.0000       0.0000
      0.0000       0.0000       0.0000       0.0000       0.0000       0.0000
      0.0000       0.0000       0.0000       0.0000       0.0000       0.0000
      0.0000       0.0000       0.0000       0.0000       0.0000       0.0000
      0.0000       0.0000       0.0000       0.0000       0.0000       0.0000
      0.0000       0.0000       0.0000       0.0000       0.0000       0.0000
      0.0000       0.0000       0.0000       0.0000       0.0000       0.0000
      0.0000       0.0000       0.0000       0.0000       0.0000       0.0000
