'CONSO' '04/10/2009' '13:12' 
'05/10/2009' 
'CONSOMMATION' 
 4.43564000E+04 
 4.22782000E+04  4.07652000E+04  4.07182000E+04  4.06605000E+04  4.08325000E+04  3.96168000E+04 
 4.01265000E+04  3.97525000E+04  4.01432000E+04  4.11082000E+04  4.22702000E+04  4.41632000E+04 
 4.56492000E+04  4.87162000E+04  5.16912000E+04  5.27123000E+04  5.30953000E+04  5.37234000E+04 
 5.42513000E+04  5.43267000E+04  5.45027000E+04  5.45287000E+04  5.46394000E+04  5.47541000E+04 
 5.42836000E+04  5.47926000E+04  5.37546000E+04  5.41156000E+04  5.42103000E+04  5.31171000E+04 
 5.35505000E+04  5.27835000E+04  5.21437000E+04  5.15069000E+04  5.12231000E+04  5.16001000E+04 
 5.22610000E+04  5.38059000E+04  5.55204000E+04  5.67454000E+04  5.59432000E+04  5.37778000E+04 
 5.11635000E+04  4.96065000E+04  4.82160000E+04  4.99663000E+04  4.87036000E+04  4.77439000E+04 
 4.55503000E+04  4.38588000E+04  4.41788000E+04  4.39488000E+04  4.50748000E+04  4.35798000E+04 
 4.47148000E+04  4.42278000E+04  4.41488000E+04  4.47138000E+04  4.36928000E+04  4.53248000E+04 
 4.82298000E+04  5.15488000E+04  5.27328000E+04  5.33958000E+04  5.40927000E+04  5.43982000E+04 
 5.45927000E+04  5.46521000E+04  5.48791000E+04  5.49156000E+04  5.48310000E+04  5.48910000E+04 
 5.33680000E+04  5.38890000E+04  5.21236000E+04  5.24995000E+04  5.20237000E+04  5.09503000E+04 
 5.22343000E+04  5.16563000E+04  5.14114000E+04  5.07774000E+04  5.12343000E+04  5.15623000E+04 
 5.12677000E+04  5.27472000E+04  5.37906000E+04  5.50226000E+04  5.35584000E+04  5.13623000E+04 
 5.17919000E+04  5.02239000E+04  4.79354000E+04  4.92704000E+04  4.74110000E+04  4.67303000E+04 
'PRIMAIRE' 
 5.70743431E+02 
 5.70743431E+02  5.70743431E+02  5.71443431E+02  5.71993431E+02  5.78221160E+02  5.78221160E+02 
 5.77201140E+02  5.77201140E+02  5.71673411E+02  5.71673411E+02  5.71673411E+02  5.71673411E+02 
 5.69973411E+02  5.69273411E+02  5.67553392E+02  5.66553392E+02  5.65533433E+02  5.65283433E+02 
 5.74283433E+02  5.74283433E+02  5.71793394E+02  5.71418394E+02  5.70568394E+02  5.70568394E+02 
 5.71708433E+02  5.71708433E+02  5.62708433E+02  5.73108433E+02  5.74383433E+02  5.73363414E+02 
 5.74383433E+02  5.74383433E+02  5.75533433E+02  5.75533433E+02  5.76553392E+02  5.76553392E+02 
 5.76173411E+02  5.77193431E+02  5.77193431E+02  5.76893431E+02  5.78043431E+02  5.78743431E+02 
 5.78993431E+02  5.78993431E+02  5.78993431E+02  5.78993431E+02  5.79843431E+02  5.79843431E+02 
 5.82116405E+02  5.82116405E+02  5.84259715E+02  5.84509715E+02  5.91809039E+02  5.91809039E+02 
 5.91809039E+02  5.91809039E+02  5.86281310E+02  5.86281310E+02  5.85209715E+02  5.85209715E+02 
 5.84138121E+02  5.85209715E+02  5.84138121E+02  5.84509715E+02  5.71821690E+02  5.71571690E+02 
 5.71721690E+02  5.71721690E+02  5.71721690E+02  5.71721690E+02  5.70721690E+02  5.70721690E+02 
 5.70721690E+02  5.70721690E+02  5.70721690E+02  5.70750035E+02  5.72721690E+02  5.72721690E+02 
 5.72721690E+02  5.71650035E+02  5.71650035E+02  5.71650035E+02  5.70578441E+02  5.70578441E+02 
 5.69428441E+02  5.70500035E+02  5.69428441E+02  5.69428441E+02  5.70328441E+02  5.70328441E+02 
 5.70578441E+02  5.70578441E+02  5.82366405E+02  5.83438060E+02  5.84509715E+02  5.83438121E+02 
'TELEREGLAGE' 
 5.61000000E+02 
 7.65000000E+02  5.61000000E+02  5.61000000E+02  5.61000000E+02  5.61000000E+02  5.61000000E+02 
 5.61000000E+02  5.61000000E+02  5.61000000E+02  5.61000000E+02  5.61000000E+02  7.65000000E+02 
 7.65000000E+02  6.12000000E+02  6.12000000E+02  6.12000000E+02  6.12000000E+02  6.12000000E+02 
 6.12000000E+02  6.12000000E+02  6.12000000E+02  6.12000000E+02  6.12000000E+02  6.12000000E+02 
 6.12000000E+02  6.12000000E+02  6.12000000E+02  6.12000000E+02  6.12000000E+02  6.12000000E+02 
 6.12000000E+02  6.12000000E+02  6.12000000E+02  6.12000000E+02  6.12000000E+02  6.12000000E+02 
 6.12000000E+02  6.12000000E+02  6.12000000E+02  6.12000000E+02  6.12000000E+02  6.12000000E+02 
 6.12000000E+02  6.12000000E+02  6.12000000E+02  6.12000000E+02  6.12000000E+02  6.12000000E+02 
 6.42982483E+02  6.42982483E+02  6.42982483E+02  5.89400574E+02  5.89400574E+02  5.89400574E+02 
 5.89400574E+02  5.89400574E+02  5.89400574E+02  5.89400574E+02  6.42982483E+02  6.42982483E+02 
 6.42982483E+02  6.96564392E+02  6.96564392E+02  6.96564392E+02  6.96564392E+02  6.96564392E+02 
 6.96564392E+02  6.96564392E+02  6.96564392E+02  6.96564392E+02  6.96564392E+02  6.96564392E+02 
 6.96564392E+02  6.96564392E+02  6.96564392E+02  6.96564392E+02  6.96564392E+02  6.96564392E+02 
 6.42982483E+02  6.42982483E+02  6.42982483E+02  6.42982483E+02  6.42982483E+02  6.42982483E+02 
 6.96564392E+02  6.96564392E+02  6.96564392E+02  8.57309998E+02  8.57309998E+02  6.96564392E+02 
 6.96564392E+02  6.96564392E+02  6.96564392E+02  6.96564392E+02  6.42982483E+02  6.42982483E+02 
'RESERVE' 
 0.00000000E+00 
 0.00000000E+00  0.00000000E+00  0.00000000E+00  0.00000000E+00  0.00000000E+00  0.00000000E+00 
 0.00000000E+00  0.00000000E+00  0.00000000E+00  0.00000000E+00  0.00000000E+00  0.00000000E+00 
 0.00000000E+00  0.00000000E+00  0.00000000E+00  0.00000000E+00  0.00000000E+00  0.00000000E+00 
 0.00000000E+00  0.00000000E+00  0.00000000E+00  0.00000000E+00  0.00000000E+00  0.00000000E+00 
 0.00000000E+00  0.00000000E+00  0.00000000E+00  0.00000000E+00  0.00000000E+00  0.00000000E+00 
 0.00000000E+00  0.00000000E+00  0.00000000E+00  0.00000000E+00  0.00000000E+00  0.00000000E+00 
 0.00000000E+00  0.00000000E+00  0.00000000E+00  0.00000000E+00  0.00000000E+00  0.00000000E+00 
 0.00000000E+00  0.00000000E+00  0.00000000E+00  0.00000000E+00  0.00000000E+00  0.00000000E+00 
 0.00000000E+00  0.00000000E+00  0.00000000E+00  0.00000000E+00  0.00000000E+00  0.00000000E+00 
 0.00000000E+00  0.00000000E+00  0.00000000E+00  0.00000000E+00  0.00000000E+00  0.00000000E+00 
 0.00000000E+00  0.00000000E+00  0.00000000E+00  0.00000000E+00  0.00000000E+00  0.00000000E+00 
 0.00000000E+00  0.00000000E+00  0.00000000E+00  0.00000000E+00  0.00000000E+00  0.00000000E+00 
 0.00000000E+00  0.00000000E+00  0.00000000E+00  0.00000000E+00  0.00000000E+00  0.00000000E+00 
 0.00000000E+00  0.00000000E+00  0.00000000E+00  0.00000000E+00  0.00000000E+00  0.00000000E+00 
 0.00000000E+00  0.00000000E+00  0.00000000E+00  0.00000000E+00  0.00000000E+00  0.00000000E+00 
 0.00000000E+00  0.00000000E+00  0.00000000E+00  0.00000000E+00  0.00000000E+00  0.00000000E+00 
'COUT_MAR_CONSO' 
 5.44880981E+01 
 4.15642014E+01  3.61240005E+01  3.50261993E+01  3.56459007E+01  3.45971985E+01 -7.80740967E+01 
 3.30456009E+01  3.52337990E+01  3.47934990E+01  3.89737015E+01  1.11759996E+01  4.03660011E+01 
 3.89926987E+01  4.94300995E+01  6.63126984E+01  6.67734985E+01  7.08246002E+01  7.89262009E+01 
 7.89374008E+01  7.87850037E+01  8.14806976E+01  8.58205032E+01  8.84263992E+01  8.39178009E+01 
 7.92746964E+01  8.57471008E+01  7.01063004E+01  7.01550980E+01  8.02834015E+01  6.64456024E+01 
 6.48620987E+01  6.40435028E+01  5.92006989E+01  5.36506996E+01  5.62625999E+01  5.90311012E+01 
 6.31893005E+01  6.69257965E+01  8.10318985E+01  2.65087585E+02  8.92615967E+01  7.05776978E+01 
 6.29241982E+01  5.83480988E+01  4.85508995E+01  5.81083984E+01  4.92294998E+01  5.24039001E+01 
 4.04006004E+01  5.56720018E+00  3.75872993E+01  2.27094994E+01  4.19037018E+01 -5.37771988E+01 
 3.64684982E+01  3.61540985E+01  3.02994003E+01  3.66562996E+01 -3.39397011E+01  3.84082985E+01 
 4.26425018E+01  5.99686012E+01  6.28389015E+01  6.52809982E+01  6.63012009E+01  6.71987991E+01 
 6.86697998E+01  6.67184982E+01  6.87167969E+01  6.76776962E+01  6.82115021E+01  6.83369980E+01 
 6.26755981E+01  6.39455986E+01  5.89029999E+01  5.96008987E+01  5.84192009E+01  5.01380997E+01 
 6.16749992E+01  5.74770012E+01  5.44090004E+01  4.61769981E+01  5.40234985E+01  5.61273003E+01 
 5.14687004E+01  6.14738998E+01  6.23395996E+01  6.58143997E+01  6.24565010E+01  5.20173988E+01 
 5.76581001E+01  4.89225006E+01  3.43582993E+01  4.70858002E+01  3.57041016E+01  3.68857994E+01 
'COUT_MAR_RESER' 
 0.00000000E+00 
 0.00000000E+00  0.00000000E+00  0.00000000E+00  0.00000000E+00  0.00000000E+00  0.00000000E+00 
 0.00000000E+00  0.00000000E+00  0.00000000E+00  0.00000000E+00  0.00000000E+00  0.00000000E+00 
 0.00000000E+00  0.00000000E+00  0.00000000E+00  0.00000000E+00  0.00000000E+00  0.00000000E+00 
 0.00000000E+00  0.00000000E+00  0.00000000E+00  0.00000000E+00  0.00000000E+00  0.00000000E+00 
 0.00000000E+00  0.00000000E+00  0.00000000E+00  0.00000000E+00  0.00000000E+00  0.00000000E+00 
 0.00000000E+00  0.00000000E+00  0.00000000E+00  0.00000000E+00  0.00000000E+00  0.00000000E+00 
 0.00000000E+00  0.00000000E+00  0.00000000E+00  0.00000000E+00  0.00000000E+00  0.00000000E+00 
 0.00000000E+00  0.00000000E+00  0.00000000E+00  0.00000000E+00  0.00000000E+00  0.00000000E+00 
 0.00000000E+00  0.00000000E+00  0.00000000E+00  0.00000000E+00  0.00000000E+00  0.00000000E+00 
 0.00000000E+00  0.00000000E+00  0.00000000E+00  0.00000000E+00  0.00000000E+00  0.00000000E+00 
 0.00000000E+00  0.00000000E+00  0.00000000E+00  0.00000000E+00  0.00000000E+00  0.00000000E+00 
 0.00000000E+00  0.00000000E+00  0.00000000E+00  0.00000000E+00  0.00000000E+00  0.00000000E+00 
 0.00000000E+00  0.00000000E+00  0.00000000E+00  0.00000000E+00  0.00000000E+00  0.00000000E+00 
 0.00000000E+00  0.00000000E+00  0.00000000E+00  0.00000000E+00  0.00000000E+00  0.00000000E+00 
 0.00000000E+00  0.00000000E+00  0.00000000E+00  0.00000000E+00  0.00000000E+00  0.00000000E+00 
 0.00000000E+00  0.00000000E+00  0.00000000E+00  0.00000000E+00  0.00000000E+00  0.00000000E+00 
'COUT_MAR_PRIMAIRE' 
 3.34347000E+01 
 3.00548992E+01  5.28171997E+01  5.26498985E+01  2.57549000E+01  2.44102993E+01  8.19060040E+00 
 3.58909988E+01  1.84986992E+01  2.51004009E+01  1.69841995E+01  3.87486000E+01  4.54432983E+01 
 4.48895988E+01  3.71133003E+01  6.11068001E+01  5.68932991E+01  5.44273987E+01  6.09878006E+01 
 5.85099983E+01  5.65083008E+01  4.58129005E+01  4.66843987E+01  5.46202011E+01  5.15261993E+01 
 5.28526993E+01  4.91250000E+01  6.26964989E+01  7.03081970E+01  4.02839012E+01  6.26529007E+01 
 5.86134987E+01  4.91125984E+01  5.48237000E+01  8.97232971E+01  7.70893021E+01  5.46766014E+01 
 5.01980019E+01  4.72932014E+01  8.02343979E+01  1.64014496E+02  9.37694016E+01  4.04362984E+01 
 5.46850014E+01  6.04115982E+01  8.93815994E+01  4.69129992E+00  3.51733017E+01  6.49382019E+01 
 1.48310003E+01  2.08780994E+01  2.56800003E+01  3.83834991E+01  2.42208996E+01  1.03694901E+02 
 4.40899010E+01  1.06159997E+00  1.99251003E+01  1.71854000E+01  2.91858006E+01  2.11455002E+01 
 3.91543999E+01  6.12629013E+01  5.26165009E+01  5.45826988E+01  4.99338989E+01  5.06351013E+01 
 4.70792007E+01  4.62980003E+01  3.37131996E+01  3.15723000E+01  3.21783981E+01  3.40895996E+01 
 5.59089012E+01  4.13667984E+01  6.64386978E+01  4.96903992E+01  4.48161011E+01  7.18069992E+01 
 1.42082005E+01  4.25797005E+01  5.36668015E+01  7.19866028E+01  5.88853989E+01  4.81449013E+01 
 6.02476997E+01  4.71015015E+01  4.13622017E+01  2.03509998E+00  5.33401985E+01  6.20135994E+01 
 4.08769989E+01  6.43321991E+01  4.20677986E+01  2.05715008E+01  2.97915001E+01  5.83126984E+01 
'COUT_MAR_TELER' 
 2.59041004E+01 
 2.59594002E+01  1.82786007E+01  2.49493999E+01  2.64263000E+01  2.12982006E+01  1.05713799E+02 
 3.62083015E+01  1.48140001E+00  2.07521992E+01  1.79981003E+01  5.72591019E+01  2.39409008E+01 
 3.24945984E+01  4.34220009E+01  1.45445995E+01  1.75589008E+01  6.30959988E+00  8.03200006E-01 
 7.84699976E-01  8.12200010E-01  6.80100024E-01  4.45400000E-01  3.22539997E+00  6.05899990E-01 
 6.54659986E+00  1.00020003E+00  7.88600028E-01  3.14070010E+00  2.38439989E+00  3.03946991E+01 
 2.72089005E+01  3.31120987E+01  5.78993988E+01  8.67406006E+01  6.33700981E+01  5.45402985E+01 
 2.37390995E+01  1.07208004E+01  1.12909997E+00  5.53130007E+00  5.99099994E-01  4.93669987E+00 
 8.01430035E+00  2.49785995E+01  3.15091000E+01  4.08919983E+01  5.82887993E+01  6.71570015E+00 
 3.48520012E+01  1.59048004E+01  2.12050991E+01  3.29519005E+01  2.88070011E+00  1.91209595E+02 
 1.37814999E+01  2.78410006E+00  1.96361008E+01  1.94617004E+01  4.53532982E+01  3.00627003E+01 
 3.75845985E+01  2.70442009E+01  1.39440002E+01  6.54680014E+00  1.14690006E+00  1.73160005E+00 
 1.04079998E+00  2.74589992E+00  4.16709995E+00  6.42469978E+00  6.18330002E+00  4.50699997E+00 
 2.19605999E+01  1.84556007E+01  2.11569996E+01  2.05639000E+01  2.07031002E+01  4.22896996E+01 
 1.76791000E+01  2.31889000E+01  2.79214993E+01  4.70143013E+01  2.80713997E+01  2.41114998E+01 
 2.99988995E+01  6.01499987E+00  1.11380005E+00  1.42600000E-01  2.72390008E+00  2.19650002E+01 
 2.06158009E+01  2.28507004E+01  4.02226982E+01  4.86206017E+01  7.70645981E+01  2.96980991E+01 
'FIN' 
