'MOD_HYD' '04/10/2009' '13:12' 
 5.48815979E+02 
'BORT H' 
1  5.33571587E+04  0.00000000E+00  1.00000001E-01  0.00000000E+00 
 2.74408293E+00 
2 2 1 
'MAREFH' 
1  0.00000000E+00  0.00000000E+00  1.00000001E-01  0.00000000E+00 
 0.00000000E+00 
2 2 1 
'AIGL8H' 
1  0.00000000E+00  0.00000000E+00  1.00000001E-01  0.00000000E+00 
 2.74408293E+00 
2 2 1 
'AIGLEH' 
1  3.96367378E+04  0.00000000E+00  1.00000001E-01  0.00000000E+00 
 2.74408293E+00 
2 2 1 
'CHASTH' 
1  6.86020660E+04  0.00000000E+00  0.00000000E+00  9.00000000E+00 
 1.37204103E+01 
2 2 1 
'ARGE5H' 
1  0.00000000E+00  3.38741688E+05  0.00000000E+00  1.40000000E+01 
 1.37204102E+02 
2 2 1 
'GRANDH' 
1  0.00000000E+00  0.00000000E+00  1.00000001E-01  0.00000000E+00 
 2.74408293E+00 
2 2 1 
'LANAUH' 
1  0.00000000E+00  0.00000000E+00  1.00000001E-01  0.00000000E+00 
 2.74408293E+00 
2 2 1 
'SARRAH' 
1  0.00000000E+00  0.00000000E+00  1.00000001E-01  0.00000000E+00 
 2.74408293E+00 
2 2 1 
'SARR8H' 
1  0.00000000E+00  0.00000000E+00  1.00000001E-01  0.00000000E+00 
 2.74408293E+00 
2 2 1 
'BROMMH' 
1  2.28673496E+04  0.00000000E+00  1.00000001E-01  0.00000000E+00 
 2.74408293E+00 
2 2 1 
'BROM8H' 
1  0.00000000E+00  0.00000000E+00  1.00000001E-01  0.00000000E+00 
 2.74408302E+01 
2 2 1 
'MTEZIH' 
1  0.00000000E+00  0.00000000E+00  1.00000001E-01  0.00000000E+00 
 2.74408293E+00 
2 2 1 
'COUESH' 
1  0.00000000E+00  0.00000000E+00  1.00000001E-01  0.00000000E+00 
 2.74408293E+00 
2 2 1 
'COUE8H' 
1  0.00000000E+00  0.00000000E+00  1.00000001E-01  0.00000000E+00 
 2.74408293E+00 
2 2 1 
'CAMBEH' 
1  0.00000000E+00  3.38741688E+05  0.00000000E+00  3.00000000E+00 
 1.37204103E+01 
2 2 1 
'MTEZIP' 
1  0.00000000E+00  0.00000000E+00  1.00000001E-01  0.00000000E+00 
 2.74408293E+00 
2 2 1 
'VOUGLH' 
1  5.48816490E+04  0.00000000E+00  0.00000000E+00  2.00000000E+00 
 2.74408293E+00 
2 2 1 
'S.MORH' 
1  3.04898014E+04  0.00000000E+00  1.00000001E-01  0.00000000E+00 
 6.86020708E+00 
2 2 1 
'COISEH' 
1  1.52449007E+04  0.00000000E+00  0.00000000E+00  2.00000000E+00 
 2.74408293E+00 
2 2 1 
'MOUX H' 
1  9.14694118E+03  0.00000000E+00  0.00000000E+00  2.00000000E+00 
 2.74408293E+00 
2 2 1 
'BOLOZH' 
1  1.52449007E+04  0.00000000E+00  0.00000000E+00  2.00000000E+00 
 9.60428905E+00 
2 2 1 
'ALLEMH' 
1  1.37204102E+06  1.37204100E+06  0.00000000E+00  2.00000000E+00 
 2.74380811E+03 
1 1 1 
'CUSSEH' 
1  1.37204102E+06  1.37204100E+06  0.00000000E+00  2.00000000E+00 
 2.74380811E+03 
2 2 1 
'VOUGLP' 
1  0.00000000E+00  0.00000000E+00  1.00000001E-01  0.00000000E+00 
 2.74408293E+00 
2 2 2 
'C.AVRH' 
1  4.57347012E+03  0.00000000E+00  1.00000001E-01  0.00000000E+00 
 2.74408293E+00 
2 2 1 
'AUSSOH' 
1  3.65877609E+04  0.00000000E+00  1.00000001E-01  0.00000000E+00 
 2.74408293E+00 
2 2 2 
'VLAROH' 
1  0.00000000E+00  0.00000000E+00  1.00000001E-01  0.00000000E+00 
 2.74408013E-01 
2 2 1 
'ORELLH' 
1  0.00000000E+00  0.00000000E+00  5.00000000E-01  0.00000000E+00 
 2.74408013E-01 
2 2 1 
'BISSOH' 
1  0.00000000E+00  0.00000000E+00  0.00000000E+00  2.00000000E+00 
 2.74408013E-01 
2 2 1 
'S.BISH' 
1  0.00000000E+00  0.00000000E+00  0.00000000E+00  2.00000000E+00 
 2.74408013E-01 
2 2 1 
'SAUS2H' 
1  0.00000000E+00  0.00000000E+00  0.00000000E+00  2.00000000E+00 
 1.37204103E+01 
2 2 1 
'HERMIH' 
1  0.00000000E+00  0.00000000E+00  5.00000000E-01  0.00000000E+00 
 2.74408013E-01 
2 2 1 
'PTAMAH' 
1  0.00000000E+00  0.00000000E+00  1.00000001E-01  0.00000000E+00 
 2.74408013E-01 
2 2 1 
'LONGEH' 
1  0.00000000E+00  0.00000000E+00  1.00000001E-01  0.00000000E+00 
 2.74408013E-01 
2 2 1 
'DEVBEH' 
1  0.00000000E+00  0.00000000E+00  1.00000001E-01  0.00000000E+00 
 2.74408013E-01 
2 2 1 
'CHEY6H' 
1  7.62244999E+02  0.00000000E+00  1.00000001E-01  0.00000000E+00 
 2.74408013E-01 
2 2 1 
'B.CHEH' 
1  0.00000000E+00  1.37204100E+06  1.00000001E-01  0.00000000E+00 
 1.37204103E+01 
2 2 1 
'V.ARCH' 
1  0.00000000E+00  0.00000000E+00  1.00000001E-01  0.00000000E+00 
 2.74408013E-01 
2 2 1 
'S.BISP' 
1  0.00000000E+00  0.00000000E+00  1.00000001E-01  0.00000000E+00 
 2.74408013E-01 
2 2 2 
'CHEY6P' 
1  0.00000000E+00  0.00000000E+00  1.00000001E-01  0.00000000E+00 
 2.74408293E+00 
2 2 2 
'G.MAIH' 
1  0.00000000E+00  0.00000000E+00  1.00000001E-01  0.00000000E+00 
 2.74408013E-01 
2 2 1 
'OZ   H' 
1  1.14336796E+04  1.37204100E+06  0.00000000E+00  1.00000000E+00 
 1.37204103E+01 
2 2 1 
'SSGUIH' 
1  0.00000000E+00  0.00000000E+00  1.00000001E-01  0.00000000E+00 
 4.11612415E+00 
2 2 1 
'CLAPIH' 
1  0.00000000E+00  1.52449004E+04  1.00000001E-01  0.00000000E+00 
 2.74380811E+03 
2 2 1 
'B.ROMH' 
1  0.00000000E+00  0.00000000E+00  1.00000001E-01  0.00000000E+00 
 2.74380811E+03 
2 2 1 
'G.MAIP' 
1  0.00000000E+00  0.00000000E+00  1.00000001E-01  0.00000000E+00 
 2.74408013E-01 
2 2 2 
'SAUCOH' 
1  1.52449007E+04  0.00000000E+00  1.00000001E-01  0.00000000E+00 
 2.74408013E-01 
2 2 1 
'SSCOGH' 
1  7.62245131E+03  0.00000000E+00  1.00000001E-01  0.00000000E+00 
 2.74408293E+00 
2 2 1 
'MTEYNH' 
1  0.00000000E+00  0.00000000E+00  1.00000001E-01  0.00000000E+00 
 2.74408013E-01 
2 2 1 
'SSCOMH' 
1  7.62245131E+03  0.00000000E+00  1.00000001E-01  0.00000000E+00 
 8.23224831E+00 
1 1 1 
'CHAMPH' 
1  0.00000000E+00  0.00000000E+00  1.00000001E-01  0.00000000E+00 
 2.74408013E-01 
2 2 1 
'P.CLAH' 
1  0.00000000E+00  0.00000000E+00  1.00000001E-01  0.00000000E+00 
 2.74408013E-01 
2 2 1 
'D.INFH' 
1  0.00000000E+00  0.00000000E+00  1.00000001E-01  0.00000000E+00 
 2.74408013E-01 
2 2 1 
'BATHIH' 
1  0.00000000E+00  0.00000000E+00  1.00000001E-01  0.00000000E+00 
 2.74408013E-01 
2 2 1 
'TIGNEH' 
1  0.00000000E+00  0.00000000E+00  1.00000001E-01  0.00000000E+00 
 2.74408013E-01 
2 2 1 
'RANDEH' 
1  1.52449005E+05  0.00000000E+00  2.99999993E-02  0.00000000E+00 
 9.60428905E+00 
2 2 1 
'MTRIGH' 
1  0.00000000E+00  1.52433800E+06  2.99999993E-02  0.00000000E+00 
 1.37204103E+01 
2 2 1 
'POMMOH' 
1  0.00000000E+00  0.00000000E+00  1.00000001E-01  0.00000000E+00 
 2.74408013E-01 
2 2 1 
'COCHEH' 
1  9.14694061E+04  0.00000000E+00  9.99999978E-03  0.00000000E+00 
 2.74408293E+00 
2 2 1 
'SSEG5H' 
1  0.00000000E+00  0.00000000E+00  1.00000001E-01  0.00000000E+00 
 2.74408013E-01 
2 2 1 
'BXVOIH' 
1  0.00000000E+00  0.00000000E+00  1.00000001E-01  0.00000000E+00 
 2.74408013E-01 
2 2 1 
'SSHILH' 
1  0.00000000E+00  0.00000000E+00  1.00000001E-01  0.00000000E+00 
 2.74408013E-01 
2 2 1 
'PIZANH' 
1  0.00000000E+00  0.00000000E+00  1.00000001E-01  0.00000000E+00 
 2.74408013E-01 
2 2 1 
'VANELH' 
1  0.00000000E+00  0.00000000E+00  1.00000001E-01  0.00000000E+00 
 2.74408013E-01 
2 2 1 
'B.MONH' 
1  0.00000000E+00  0.00000000E+00  1.00000001E-01  0.00000000E+00 
 2.74408013E-01 
2 2 1 
'COCHEP' 
1  0.00000000E+00  0.00000000E+00  1.00000001E-01  0.00000000E+00 
 2.74408293E+00 
2 2 2 
'PRAGNH' 
1  0.00000000E+00  0.00000000E+00  1.00000001E-01  0.00000000E+00 
 2.74408013E-01 
2 2 1 
'PRAG8H' 
1  0.00000000E+00  0.00000000E+00  1.00000001E-01  0.00000000E+00 
 2.74408013E-01 
2 2 2 
'PRAG9P' 
1  0.00000000E+00  0.00000000E+00  1.00000001E-01  0.00000000E+00 
 2.74408293E+00 
2 2 1 
'PRAGFH' 
1  0.00000000E+00  0.00000000E+00  1.00000001E-01  0.00000000E+00 
 2.74408013E-01 
2 2 1 
'LUZ 2H' 
1  0.00000000E+00  0.00000000E+00  1.00000001E-01  0.00000000E+00 
 2.74408013E-01 
2 2 1 
'GEDREH' 
1  3.04898014E+04  0.00000000E+00  1.00000001E-01  0.00000000E+00 
 1.09763298E+01 
2 2 1 
'LUZ 1H' 
1  0.00000000E+00  0.00000000E+00  1.00000001E-01  0.00000000E+00 
 2.74408013E-01 
2 2 1 
'P.REIH' 
1  0.00000000E+00  0.00000000E+00  1.00000001E-01  0.00000000E+00 
 2.74408013E-01 
2 2 1 
'SOULOH' 
1  0.00000000E+00  0.00000000E+00  1.00000001E-01  0.00000000E+00 
 2.74408013E-01 
2 2 2 
'HOSPIH' 
1  0.00000000E+00  0.00000000E+00  1.00000001E-01  0.00000000E+00 
 2.74408293E+00 
2 2 1 
'HOSP8H' 
1  0.00000000E+00  0.00000000E+00  1.00000001E-01  0.00000000E+00 
 6.86020691E+02 
2 2 2 
'HOSP9P' 
1  0.00000000E+00  0.00000000E+00  1.00000001E-01  0.00000000E+00 
 2.74408013E-01 
2 2 2 
'HOSPFH' 
1  0.00000000E+00  0.00000000E+00  1.00000001E-01  0.00000000E+00 
 2.74408293E+00 
2 2 2 
'MERENH' 
1  0.00000000E+00  0.00000000E+00  1.00000001E-01  0.00000000E+00 
 6.86020691E+02 
2 2 1 
'LAPARH' 
1  1.21959200E+04  0.00000000E+00  1.00000001E-01  0.00000000E+00 
 0.00000000E+00 
2 2 1 
'RIETEH' 
1  1.21959200E+04  0.00000000E+00  1.00000001E-01  0.00000000E+00 
 1.37204102E+03 
2 2 1 
'ASTONH' 
1  0.00000000E+00  0.00000000E+00  1.00000001E-01  0.00000000E+00 
 2.74408013E-01 
2 2 1 
'FERRIH' 
1  0.00000000E+00  0.00000000E+00  1.00000001E-01  0.00000000E+00 
 2.74408013E-01 
2 2 1 
'ORLU H' 
1  0.00000000E+00  0.00000000E+00  1.00000001E-01  0.00000000E+00 
 0.00000000E+00 
2 2 1 
'MTAHUH' 
1  0.00000000E+00  0.00000000E+00  1.00000001E-01  0.00000000E+00 
 2.74408293E+00 
2 2 1 
'ALRANH' 
1  7.62244999E+02  0.00000000E+00  1.00000001E-01  0.00000000E+00 
 1.37204103E+01 
1 1 1 
'POUG9H' 
1  0.00000000E+00  0.00000000E+00  1.00000001E-01  0.00000000E+00 
 2.74408293E+00 
2 2 1 
'PINETH' 
1  1.67693901E+04  0.00000000E+00  0.00000000E+00  2.00000000E+00 
 2.74380811E+03 
1 1 1 
'TRUELH' 
1  3.65877609E+04  0.00000000E+00  0.00000000E+00  2.00000000E+00 
 2.74408293E+00 
1 1 1 
'POUG8H' 
1  1.98183689E+04  0.00000000E+00  1.00000001E-01  0.00000000E+00 
 2.74408293E+00 
2 2 1 
'POUGEH' 
1  0.00000000E+00  0.00000000E+00  1.00000001E-01  0.00000000E+00 
 2.74408293E+00 
2 2 1 
'JOURDH' 
1  0.00000000E+00  0.00000000E+00  1.00000001E-01  0.00000000E+00 
 8.23224831E+00 
1 1 1 
'CROUXH' 
1  0.00000000E+00  0.00000000E+00  1.00000001E-01  0.00000000E+00 
 2.74408013E-01 
1 1 1 
'S.SABH' 
1  0.00000000E+00  0.00000000E+00  1.00000001E-01  0.00000000E+00 
 2.74408013E-01 
2 2 1 
'POUG9P' 
1  0.00000000E+00  0.00000000E+00  1.00000001E-01  0.00000000E+00 
 2.74408293E+00 
2 2 1 
'S.PONH' 
1  0.00000000E+00  0.00000000E+00  1.00000001E-01  0.00000000E+00 
 2.74408013E-01 
2 2 1 
'CURBAH' 
1  0.00000000E+00  0.00000000E+00  1.00000001E-01  0.00000000E+00 
 1.37204099E+00 
2 2 1 
'LAZERH' 
1  0.00000000E+00  0.00000000E+00  1.00000001E-01  0.00000000E+00 
 2.74479985E-01 
2 2 2 
'SISTEH' 
1  0.00000000E+00  0.00000000E+00  1.00000001E-01  0.00000000E+00 
 1.37204099E+00 
2 2 1 
'SALIGH' 
1  0.00000000E+00  0.00000000E+00  1.00000001E-01  0.00000000E+00 
 1.37204099E+00 
2 2 1 
'ORAISH' 
1  0.00000000E+00  0.00000000E+00  1.00000001E-01  0.00000000E+00 
 1.37204099E+00 
2 2 1 
'MANOSH' 
1  0.00000000E+00  0.00000000E+00  1.00000001E-01  0.00000000E+00 
 1.37204099E+00 
2 2 1 
'BRILLH' 
1  0.00000000E+00  0.00000000E+00  1.00000001E-01  0.00000000E+00 
 1.37204099E+00 
2 2 1 
'LARGUH' 
1  0.00000000E+00  0.00000000E+00  1.00000001E-01  0.00000000E+00 
 1.37204099E+00 
2 2 1 
'SSTULH' 
1  0.00000000E+00  0.00000000E+00  1.00000001E-01  0.00000000E+00 
 1.37204099E+00 
2 2 1 
'SSTU8H' 
1  0.00000000E+00  0.00000000E+00  1.00000001E-01  0.00000000E+00 
 1.37204099E+00 
2 2 1 
'BXMONH' 
1  0.00000000E+00  0.00000000E+00  1.00000001E-01  0.00000000E+00 
 1.37204099E+00 
2 2 1 
'SSCROH' 
1  0.00000000E+00  0.00000000E+00  1.00000001E-01  0.00000000E+00 
 2.74408013E-01 
2 2 1 
'QUINSH' 
1  0.00000000E+00  0.00000000E+00  1.00000001E-01  0.00000000E+00 
 1.37204099E+00 
2 2 1 
'VINONH' 
1  0.00000000E+00  0.00000000E+00  1.00000001E-01  0.00000000E+00 
 1.37204099E+00 
2 2 2 
'JOUQUH' 
1  0.00000000E+00  0.00000000E+00  1.00000001E-01  0.00000000E+00 
 1.37204099E+00 
2 2 1 
'SSESTH' 
1  0.00000000E+00  0.00000000E+00  1.00000001E-01  0.00000000E+00 
 1.37204099E+00 
2 2 1 
'MALLEH' 
1  0.00000000E+00  0.00000000E+00  1.00000001E-01  0.00000000E+00 
 1.37204099E+00 
2 2 1 
'SALONH' 
1  0.00000000E+00  0.00000000E+00  1.00000001E-01  0.00000000E+00 
 1.37204099E+00 
2 2 1 
'SSCHAH' 
1  0.00000000E+00  0.00000000E+00  1.00000001E-01  0.00000000E+00 
 1.37204099E+00 
2 2 1 
'RHONEH' 
1  0.00000000E+00  0.00000000E+00  1.00000001E-01  0.00000000E+00 
 1.37204099E+00 
2 2 2 
'BERREH' 
1  0.00000000E+00  0.00000000E+00  1.00000001E-01  0.00000000E+00 
 1.37204099E+00 
2 2 2 
'MEDITH' 
1  0.00000000E+00  0.00000000E+00  1.00000001E-01  0.00000000E+00 
 1.37204099E+00 
2 2 1 
'SSCROP' 
1  0.00000000E+00  0.00000000E+00  1.00000001E-01  0.00000000E+00 
 1.37204099E+00 
2 2 2 
'MTPEZH' 
1  0.00000000E+00  0.00000000E+00  1.00000001E-01  0.00000000E+00 
 2.74408013E-01 
2 2 1 
'P.D.VH' 
1  0.00000000E+00  1.37204100E+06  1.00000001E-01  0.00000000E+00 
 1.37204103E+01 
2 2 1 
'P.BORH' 
1  0.00000000E+00  0.00000000E+00  1.00000001E-01  0.00000000E+00 
 2.74408013E-01 
2 2 1 
'LAFIGH' 
1  0.00000000E+00  0.00000000E+00  1.00000001E-01  0.00000000E+00 
 2.74408013E-01 
2 2 1 
'SALELH' 
1  0.00000000E+00  0.00000000E+00  1.00000001E-01  0.00000000E+00 
 2.74408013E-01 
2 2 1 
'REVI5H' 
1  0.00000000E+00  0.00000000E+00  1.00000001E-01  0.00000000E+00 
 0.00000000E+00 
2 2 2 
'BOCALH' 
1  0.00000000E+00  0.00000000E+00  1.00000001E-01  0.00000000E+00 
 0.00000000E+00 
2 2 2 
'REVI5P' 
1  0.00000000E+00  0.00000000E+00  1.00000001E-01  0.00000000E+00 
 0.00000000E+00 
2 2 2 
'NEPESH' 
1  1.21959200E+04  0.00000000E+00  0.00000000E+00  2.00000000E+00 
 2.74380811E+03 
2 2 1 
'LAMATH' 
1  0.00000000E+00  0.00000000E+00  1.00000001E-01  0.00000000E+00 
 2.74380811E+03 
2 2 1 
'L.CE1H' 
1  0.00000000E+00  0.00000000E+00  1.00000001E-01  0.00000000E+00 
 2.74380811E+03 
2 2 1 
'SSCANH' 
1  1.52449007E+04  0.00000000E+00  0.00000000E+00  4.00000000E+00 
 0.00000000E+00 
2 2 1 
'SSCA8H' 
1  0.00000000E+00  0.00000000E+00  0.00000000E+00  4.00000000E+00 
 0.00000000E+00 
2 2 1 
'ESCAFH' 
1  1.37204086E+05  0.00000000E+00  1.00000001E-01  1.00000000E+00 
 2.74380811E+03 
2 2 1 
'L.CE2H' 
1  4.57346992E+04  0.00000000E+00  1.00000001E-01  0.00000000E+00 
 0.00000000E+00 
2 2 1 
'BRUGAH' 
1  0.00000000E+00  3.38741688E+05  0.00000000E+00  1.00000000E+00 
 2.74380811E+03 
2 2 1 
'LARDIH' 
1  1.37204103E+04  0.00000000E+00  1.00000001E-01  0.00000000E+00 
 2.74408293E+00 
2 2 1 
'CSLNAH' 
1  1.52449007E+04  0.00000000E+00  1.00000001E-01  0.00000000E+00 
 0.00000000E+00 
2 2 1 
'GOLINH' 
1  3.35387802E+04  0.00000000E+00  1.00000001E-01  0.00000000E+00 
 2.74408293E+00 
2 2 1 
'PRADIH' 
1  1.21959200E+04  0.00000000E+00  1.00000001E-01  0.00000000E+00 
 2.74408013E-01 
2 2 1 
'PRAD8H' 
1  1.29581699E+04  0.00000000E+00  1.00000001E-01  0.00000000E+00 
 2.74408013E-01 
2 2 1 
'SOULCH' 
1  2.13428593E+04  0.00000000E+00  1.00000001E-01  0.00000000E+00 
 2.74408013E-01 
2 2 1 
'AUZATH' 
1  0.00000000E+00  0.00000000E+00  1.00000001E-01  0.00000000E+00 
 2.74408013E-01 
2 2 2 
'SABARH' 
1  0.00000000E+00  0.00000000E+00  1.00000001E-01  0.00000000E+00 
 2.74380811E+03 
2 2 2 
'CASTIH' 
1  0.00000000E+00  0.00000000E+00  1.00000001E-01  0.00000000E+00 
 2.74408013E-01 
2 2 1 
'CXDANH' 
1  0.00000000E+00  0.00000000E+00  1.00000001E-01  0.00000000E+00 
 2.74408013E-01 
2 2 1 
'BEYSSH' 
1  0.00000000E+00  0.00000000E+00  1.00000001E-01  0.00000000E+00 
 2.74408013E-01 
2 2 1 
'FIN_NOEUD' 
'DORDOGNE' 2  5.00000000E+01 2 1 
'TRUY-SUP' 2  5.00000000E+01 2 1 
'TRUY-INF' 2  5.00000000E+01 2 1 
'AIN' 2  5.00000000E+01 2 2 
'ARC' 2  5.00000000E+01 2 2 
'ROMANCHE' 2  5.00000000E+01 2 2 
'DRAC1' 2  5.00000000E+01 2 2 
'DRAC2' 2  5.00000000E+01 2 2 
'ROSELEND' 2  5.00000000E+01 2 2 
'H-ISERE' 2  5.00000000E+01 2 2 
'PRAGNERE' 2  5.00000000E+01 2 1 
'ARIEGE' 2  5.00000000E+01 2 1 
'ORLU' 2  5.00000000E+01 2 1 
'MONTAHUT' 2  5.00000000E+01 2 1 
'TARN' 2  5.00000000E+01 2 1 
'DURANCE' 2  5.00000000E+01 2 1 
'MONTPEZA' 2  5.00000000E+01 2 2 
'CHASSEZA' 2  5.00000000E+01 2 1 
'REVIN' 2  5.00000000E+01 2 2 
'CERE' 2  5.00000000E+01 2 1 
'LARDIT' 2  5.00000000E+01 2 1 
'LOT' 2  5.00000000E+01 2 1 
'VICDESSO' 2  5.00000000E+01 2 1 
'HTVERDON' 2  5.00000000E+01 2 1 
'BEYSSAC' 2  5.00000000E+01 2 1 
'FIN' 
