'MOD_THM' '04/10/2009' '13:12' 
'BLAYAT 1' 
100 100  3.00000000E+01 0 0 0 0 0 0 0 0 
2 1 1 4 1  5.60000000E+03  0.00000000E+00  1.90562500E+03 1 2  0.00000000E+00 
0 2880 3 2  0.00000000E+00  0.00000000E+00 
0 2880 11 2  0.00000000E+00  0.00000000E+00 
0 2880 2 
'BLAYAT 2' 
100 100  1.00000000E+01 0 0 0 0 0 0 0 0 
2 1 1 4 1  1.20000000E+04  0.00000000E+00  1.90562500E+03 1 2  0.00000000E+00 
0 2880 3 2  0.00000000E+00  0.00000000E+00 
0 2880 11 2  0.00000000E+00  0.00000000E+00 
0 2880 2 
'BLAYAT 3' 
100 100  1.00000000E+01 0 0 0 0 0 0 0 0 
1 0 1 4 1  0.00000000E+00  0.00000000E+00  1.90562500E+03 1 2  0.00000000E+00 
0 2880 4 2  0.00000000E+00  0.00000000E+00 
'BLAYAT 4' 
100 100  1.00000000E+01 0 0 0 0 0 0 0 0 
2 1 1 4 1  1.16000000E+04  0.00000000E+00  1.90562500E+03 1 2  0.00000000E+00 
0 2880 3 2  0.00000000E+00  0.00000000E+00 
0 2880 11 2  0.00000000E+00  0.00000000E+00 
0 2880 2 
'BUGEYT 2' 
100 100  3.00000000E+01 0 0 0 0 0 0 0 0 
0 0 1 4 1  4.00000000E+02  0.00000000E+00  1.90562500E+03 1 2  0.00000000E+00 
'BUGEYT 3' 
100 100  3.00000000E+01 0 0 0 0 0 0 0 0 
1 0 1 4 1  0.00000000E+00  0.00000000E+00  1.90562500E+03 1 2  0.00000000E+00 
0 2880 4 2  0.00000000E+00  0.00000000E+00 
'BUGEYT 4' 
100 100  1.00000000E+01 0 0 0 0 0 0 0 0 
3 1 1 4 1  0.00000000E+00  0.00000000E+00  1.90562500E+03 1 2  0.00000000E+00 
30 2880 4 2  0.00000000E+00  0.00000000E+00 
0 2880 3 2  0.00000000E+00  0.00000000E+00 
30 2880 18 1  1.40000000E+01  0.00000000E+00 
0 0 2 
'BUGEYT 5' 
100 100  1.40000000E+01 0 0 0 0 0 0 0 0 
4 0 1 4 1  4.00000000E+03  0.00000000E+00  1.90562500E+03 1 2  0.00000000E+00 
0 2880 3 2  0.00000000E+00  0.00000000E+00 
0 2880 4 1  0.00000000E+00  0.00000000E+00 
30 2880 18 1  1.60000000E+01  0.00000000E+00 
30 2880 17 1  1.60000000E+01  0.00000000E+00 
'BVIL7T 1' 
100 100  4.00000000E+01 0 0 0 0 0 0 0 0 
6 1 1 4 1  7.20000000E+03  0.00000000E+00  1.90562500E+03 1 2  0.00000000E+00 
0 450 4 1  0.00000000E+00  0.00000000E+00 
990 2880 4 1  0.00000000E+00  0.00000000E+00 
30 450 8 1  1.08600000E+03  0.00000000E+00 
990 2880 8 1  1.08600000E+03  0.00000000E+00 
30 450 9 1  1.28000000E+03  0.00000000E+00 
990 2880 9 1  1.28000000E+03  0.00000000E+00 
480 960 2 
'BVIL7T 2' 
100 100  4.00000000E+01 0 0 0 0 0 0 0 0 
1 0 1 4 1  0.00000000E+00  0.00000000E+00  1.90562500E+03 1 2  0.00000000E+00 
0 2880 4 2  0.00000000E+00  0.00000000E+00 
'CATTET 1' 
100 100  4.00000000E+01 0 0 0 0 0 0 0 0 
1 2 1 4 1  0.00000000E+00  0.00000000E+00  1.90562500E+03 1 2  0.00000000E+00 
30 2880 18 1  1.20000000E+01  0.00000000E+00 
0 0 2 
30 2880 2 
'CATTET 2' 
100 100  4.00000000E+01 0 0 0 0 0 0 0 0 
6 0 1 4 1  3.60000000E+03  0.00000000E+00  1.90562500E+03 1 2  0.00000000E+00 
0 2880 3 2  0.00000000E+00  0.00000000E+00 
0 2880 4 1  0.00000000E+00  0.00000000E+00 
30 2880 8 1  1.11400000E+03  0.00000000E+00 
30 2880 9 1  1.16800000E+03  0.00000000E+00 
30 2880 18 1  1.10000000E+01  0.00000000E+00 
30 2880 17 1  1.10000000E+01  0.00000000E+00 
'CATTET 3' 
100 100  4.00000000E+01 0 0 0 0 0 0 0 0 
0 4 1 4 1  0.00000000E+00  0.00000000E+00  1.90562500E+03 1 2  0.00000000E+00 
30 60 2 
930 2880 2 
0 0 2 
90 900 2 
'CATTET 4' 
100 100  4.00000000E+01 0 0 0 0 0 0 0 0 
0 0 1 4 1  2.80000000E+03  0.00000000E+00  1.90562500E+03 1 2  0.00000000E+00 
'CHIN2T 1' 
100 100  3.00000000E+01 0 0 0 0 0 0 0 0 
0 1 1 4 1  0.00000000E+00  0.00000000E+00  1.90562500E+03 1 2  0.00000000E+00 
0 2880 2 
'CHIN2T 2' 
100 100  3.00000000E+01 0 0 0 0 0 0 0 0 
2 1 1 4 1  1.00000000E+04  0.00000000E+00  1.90562500E+03 1 2  0.00000000E+00 
0 2880 3 2  0.00000000E+00  0.00000000E+00 
0 2880 11 2  0.00000000E+00  0.00000000E+00 
0 2880 2 
'CHIN2T 3' 
100 100  3.00000000E+01 0 0 0 0 0 0 0 0 
2 1 1 4 1  8.80000000E+03  0.00000000E+00  1.90562500E+03 1 2  0.00000000E+00 
0 2880 3 2  0.00000000E+00  0.00000000E+00 
0 2880 11 2  0.00000000E+00  0.00000000E+00 
0 2880 2 
'CHIN2T 4' 
100 100  3.00000000E+01 0 0 0 0 0 0 0 0 
1 2 1 4 1  9.20000000E+03  0.00000000E+00  1.90562500E+03 1 2  0.00000000E+00 
450 2880 9 1  8.95000000E+02  0.00000000E+00 
0 0 2 
30 420 2 
'CHOO2T 1' 
100 100  3.10000000E+01 0 0 0 0 0 0 0 0 
2 1 1 4 1  8.00000000E+03  0.00000000E+00  1.90562500E+03 1 2  0.00000000E+00 
0 2880 3 2  0.00000000E+00  0.00000000E+00 
2790 2880 9 1  1.40000000E+03  0.00000000E+00 
0 2760 2 
'CHOO2T 2' 
100 100  1.50000000E+01 0 0 0 0 0 0 0 0 
3 1 1 4 1  8.00000000E+02  0.00000000E+00  1.90562500E+03 1 2  0.00000000E+00 
0 2880 3 2  0.00000000E+00  0.00000000E+00 
30 1890 9 1  1.45000000E+03  0.00000000E+00 
2490 2880 9 1  1.45000000E+03  0.00000000E+00 
1920 2460 2 
'CIVAUT 1' 
100 100  1.50000000E+01 0 0 0 0 0 0 0 0 
3 2 1 8 1  8.40000000E+03  0.00000000E+00  1.90562500E+03 1 2  0.00000000E+00 
0 2880 3 2  0.00000000E+00  0.00000000E+00 
390 2880 8 1  3.75000000E+02  0.00000000E+00 
390 2880 9 1  1.42000000E+03  0.00000000E+00 
0 90 2 
120 360 2 
'CIVAUT 2' 
100 100  1.50000000E+01 0 0 0 0 0 0 0 0 
5 1 1 8 1  2.00000000E+03  0.00000000E+00  1.90562500E+03 1 2  0.00000000E+00 
0 2880 3 2  0.00000000E+00  0.00000000E+00 
30 1950 8 1  3.75000000E+02  0.00000000E+00 
2250 2880 8 1  3.75000000E+02  0.00000000E+00 
30 1950 9 1  1.49200000E+03  0.00000000E+00 
2250 2880 9 1  1.49200000E+03  0.00000000E+00 
1980 2220 2 
'CRUA5T 1' 
100 100  3.00000000E+01 0 0 0 0 0 0 0 0 
4 3 1 4 1  0.00000000E+00  0.00000000E+00  1.90562500E+03 1 2  0.00000000E+00 
120 180 8 1  4.62000000E+02  0.00000000E+00 
120 180 9 1  4.98000000E+02  0.00000000E+00 
30 90 18 1  0.00000000E+00  0.00000000E+00 
210 2880 18 1  0.00000000E+00  0.00000000E+00 
0 90 2 
210 2880 2 
120 180 2 
'CRUA5T 2' 
100 100  3.00000000E+01 0 0 0 0 0 0 0 0 
1 0 1 4 1  0.00000000E+00  0.00000000E+00  1.90562500E+03 1 2  0.00000000E+00 
0 2880 4 2  0.00000000E+00  0.00000000E+00 
'CRUA5T 3' 
100 100  1.00000000E+01 0 0 0 0 0 0 0 0 
1 7 1 4 1  0.00000000E+00  0.00000000E+00  1.90562500E+03 1 2  0.00000000E+00 
0 810 4 2  0.00000000E+00  0.00000000E+00 
840 840 2 
870 870 2 
900 960 2 
990 1050 2 
1080 1080 2 
1110 2370 2 
2400 2880 2 
'CRUA5T 4' 
100 100  3.00000000E+01 0 0 0 0 0 0 0 0 
1 1 1 4 1  0.00000000E+00  0.00000000E+00  1.90562500E+03 1 2  0.00000000E+00 
30 2880 18 1  1.60000000E+01  0.00000000E+00 
0 2880 2 
'D.BURT 1' 
100 100  3.00000000E+01 0 0 0 0 0 0 0 0 
2 0 1 4 1  0.00000000E+00  0.00000000E+00  1.90562500E+03 1 2  0.00000000E+00 
0 2880 4 2  0.00000000E+00  0.00000000E+00 
30 2880 18 1  1.00000000E+01  0.00000000E+00 
'D.BURT 2' 
100 100  4.00000000E+00 0 0 0 0 0 0 0 0 
9 2 1 4 1  0.00000000E+00  0.00000000E+00  1.90562500E+03 1 2  0.00000000E+00 
0 450 4 1  0.00000000E+00  0.00000000E+00 
750 1830 4 1  0.00000000E+00  0.00000000E+00 
2280 2880 4 1  0.00000000E+00  0.00000000E+00 
30 450 8 1  8.44000000E+02  0.00000000E+00 
750 1830 8 1  8.44000000E+02  0.00000000E+00 
2280 2880 8 1  8.44000000E+02  0.00000000E+00 
30 450 9 1  8.80000000E+02  0.00000000E+00 
750 1830 9 1  8.80000000E+02  0.00000000E+00 
2280 2880 9 1  8.80000000E+02  0.00000000E+00 
480 720 2 
1860 2250 2 
'D.BURT 3' 
100 100  3.00000000E+01 0 0 0 0 0 0 0 0 
1 0 1 4 1  0.00000000E+00  0.00000000E+00  1.90562500E+03 1 2  0.00000000E+00 
0 2880 4 2  0.00000000E+00  0.00000000E+00 
'D.BURT 4' 
100 100  3.00000000E+01 0 0 0 0 0 0 0 0 
1 1 1 4 1  0.00000000E+00  0.00000000E+00  1.90562500E+03 1 2  0.00000000E+00 
30 2880 18 1  1.00000000E+01  0.00000000E+00 
0 2880 2 
'FESS5T 1' 
100 100  9.00000000E+00 0 0 0 0 0 0 0 0 
1 1 1 4 1  0.00000000E+00  0.00000000E+00  1.90562500E+03 1 2  0.00000000E+00 
0 2880 3 2  0.00000000E+00  0.00000000E+00 
0 2880 2 
'FESS5T 2' 
100 100  1.72666705E+00 0 0 0 0 0 0 0 0 
3 0 1 4 1  1.04000000E+04  0.00000000E+00  1.90562500E+03 1 2  0.00000000E+00 
0 2880 4 2  0.00000000E+00  0.00000000E+00 
0 2880 3 2  0.00000000E+00  0.00000000E+00 
0 2880 11 2  0.00000000E+00  0.00000000E+00 
'FLAMAT 1' 
100 100  4.00000000E+01 0 0 0 0 0 0 0 0 
1 0 1 4 1  0.00000000E+00  0.00000000E+00  1.90562500E+03 1 2  0.00000000E+00 
0 2880 4 2  0.00000000E+00  0.00000000E+00 
'FLAMAT 2' 
100 100  4.00000000E+01 0 0 0 0 0 0 0 0 
5 0 1 4 1  3.20000000E+03  0.00000000E+00  1.90562500E+03 1 2  0.00000000E+00 
30 30 8 1  1.14000000E+03  0.00000000E+00 
60 390 8 1  3.50000000E+02  0.00000000E+00 
420 1470 8 1  1.14000000E+03  0.00000000E+00 
1500 1830 8 1  3.50000000E+02  0.00000000E+00 
1860 2880 8 1  1.14000000E+03  0.00000000E+00 
'GOLF5T 1' 
100 100  4.00000000E+01 0 0 0 0 0 0 0 0 
4 1 1 4 1  6.40000000E+03  0.00000000E+00  1.90562500E+03 1 2  0.00000000E+00 
30 510 8 1  4.00000000E+02  0.00000000E+00 
2310 2880 8 1  4.00000000E+02  0.00000000E+00 
30 510 9 1  1.27600000E+03  0.00000000E+00 
2310 2880 9 1  1.27600000E+03  0.00000000E+00 
540 2280 2 
'GOLF5T 2' 
100 100  4.00000000E+01 0 0 0 0 0 0 0 0 
4 0 1 4 1  0.00000000E+00  0.00000000E+00  1.90562500E+03 1 2  0.00000000E+00 
30 2880 8 1  1.08200000E+03  0.00000000E+00 
30 2880 9 1  1.27600000E+03  0.00000000E+00 
30 2880 18 1  2.50000000E+01  0.00000000E+00 
30 2880 17 1  2.50000000E+01  0.00000000E+00 
'GRAV5T 1' 
100 100  3.00000000E+01 0 0 0 0 0 0 0 0 
1 0 1 4 1  0.00000000E+00  0.00000000E+00  1.90562500E+03 1 2  0.00000000E+00 
0 2880 4 2  0.00000000E+00  0.00000000E+00 
'GRAV5T 2' 
100 100  3.00000000E+01 0 0 0 0 0 0 0 0 
7 1 1 4 1  5.20000000E+03  0.00000000E+00  1.90562500E+03 1 2  0.00000000E+00 
0 750 4 1  0.00000000E+00  0.00000000E+00 
1050 2880 4 1  0.00000000E+00  0.00000000E+00 
30 750 8 1  3.97000000E+02  0.00000000E+00 
1050 2880 8 1  3.97000000E+02  0.00000000E+00 
30 750 9 1  8.83000000E+02  0.00000000E+00 
1050 2880 9 1  8.83000000E+02  0.00000000E+00 
30 2880 18 1  1.00000000E+01  0.00000000E+00 
780 1020 2 
'GRAV5T 3' 
100 100  3.00000000E+01 0 0 0 0 0 0 0 0 
2 1 1 4 1  9.60000000E+03  0.00000000E+00  1.90562500E+03 1 2  0.00000000E+00 
0 2880 3 2  0.00000000E+00  0.00000000E+00 
0 2880 11 2  0.00000000E+00  0.00000000E+00 
0 2880 2 
'GRAV5T 4' 
100 100  3.00000000E+01 0 0 0 0 0 0 0 0 
9 2 1 4 1  0.00000000E+00  0.00000000E+00  1.90562500E+03 1 2  0.00000000E+00 
0 510 4 1  0.00000000E+00  0.00000000E+00 
1050 2880 4 1  0.00000000E+00  0.00000000E+00 
690 810 4 1  0.00000000E+00  0.00000000E+00 
30 510 8 1  8.56000000E+02  0.00000000E+00 
690 810 8 1  8.56000000E+02  0.00000000E+00 
1050 2880 8 1  8.56000000E+02  0.00000000E+00 
30 510 9 1  8.92000000E+02  0.00000000E+00 
690 810 9 1  8.92000000E+02  0.00000000E+00 
1050 2880 9 1  8.92000000E+02  0.00000000E+00 
540 660 2 
840 1020 2 
'GRAV5T 5' 
100 100  1.40000000E+01 0 0 0 0 0 0 0 0 
3 1 1 4 1  4.40000000E+03  0.00000000E+00  1.90562500E+03 1 2  0.00000000E+00 
2400 2820 8 1  1.84000000E+02  0.00000000E+00 
30 2370 9 1  9.12000000E+02  0.00000000E+00 
2850 2880 9 1  9.12000000E+02  0.00000000E+00 
2400 2820 2 
'GRAV5T 6' 
100 100  1.50000000E+01 0 0 0 0 0 0 0 0 
2 1 1 4 1  0.00000000E+00  0.00000000E+00  1.90562500E+03 1 2  0.00000000E+00 
0 2880 3 2  0.00000000E+00  0.00000000E+00 
30 2880 18 1  0.00000000E+00  0.00000000E+00 
0 2880 2 
'N.SE5T 1' 
100 100  3.10000000E+01 0 0 0 0 0 0 0 0 
1 4 1 4 1  0.00000000E+00  0.00000000E+00  1.90562500E+03 1 2  0.00000000E+00 
0 2880 3 2  0.00000000E+00  0.00000000E+00 
0 0 2 
750 2760 2 
30 720 2 
2790 2880 2 
'N.SE5T 2' 
100 100  4.00000000E+01 0 0 0 0 0 0 0 0 
1 0 1 4 1  0.00000000E+00  0.00000000E+00  1.90562500E+03 1 2  0.00000000E+00 
0 2880 4 2  0.00000000E+00  0.00000000E+00 
'PALUET 1' 
100 100  4.00000000E+01 0 0 0 0 0 0 0 0 
1 1 1 4 1  6.80000000E+03  0.00000000E+00  1.90562500E+03 1 2  0.00000000E+00 
30 1230 9 1  1.27700000E+03  0.00000000E+00 
1260 2880 2 
'PALUET 2' 
100 100  3.00000000E+01 0 0 0 0 0 0 0 0 
1 0 1 4 1  0.00000000E+00  0.00000000E+00  1.90562500E+03 1 2  0.00000000E+00 
0 2880 4 2  0.00000000E+00  0.00000000E+00 
'PALUET 3' 
100 100  4.00000000E+01 0 0 0 0 0 0 0 0 
1 0 1 4 1  0.00000000E+00  0.00000000E+00  1.90562500E+03 1 2  0.00000000E+00 
0 2880 4 2  0.00000000E+00  0.00000000E+00 
'PALUET 4' 
100 100  4.00000000E+01 0 0 0 0 0 0 0 0 
3 0 1 4 1  6.00000000E+03  0.00000000E+00  1.90562500E+03 1 2  0.00000000E+00 
30 30 8 1  1.09900000E+03  0.00000000E+00 
450 1470 8 1  1.09900000E+03  0.00000000E+00 
1890 2880 8 1  1.09900000E+03  0.00000000E+00 
'PENLYT 1' 
100 100  3.00000000E+01 0 0 0 0 0 0 0 0 
0 0 1 4 1  7.60000000E+03  0.00000000E+00  1.90562500E+03 1 2  0.00000000E+00 
'PENLYT 2' 
100 100  4.00000000E+01 0 0 0 0 0 0 0 0 
3 0 1 4 1  1.24000000E+04  0.00000000E+00  1.90562500E+03 1 2  0.00000000E+00 
0 2880 4 2  0.00000000E+00  0.00000000E+00 
0 2880 3 2  0.00000000E+00  0.00000000E+00 
0 2880 11 2  0.00000000E+00  0.00000000E+00 
'SSAL7T 1' 
100 100  4.00000000E+01 0 0 0 0 0 0 0 0 
3 0 1 4 1  1.08000000E+04  0.00000000E+00  1.90562500E+03 1 2  0.00000000E+00 
0 2880 4 2  0.00000000E+00  0.00000000E+00 
0 2880 3 2  0.00000000E+00  0.00000000E+00 
0 2880 11 2  0.00000000E+00  0.00000000E+00 
'SSAL7T 2' 
100 100  4.00000000E+01 0 0 0 0 0 0 0 0 
3 1 1 4 1  1.12000000E+04  0.00000000E+00  1.90562500E+03 1 2  0.00000000E+00 
30 1950 9 1  1.30000000E+03  0.00000000E+00 
2520 2880 9 1  1.30000000E+03  0.00000000E+00 
30 2880 18 1  1.70000000E+01  0.00000000E+00 
1980 2490 2 
'SSEA2T 1' 
100 100  3.00000000E+01 0 0 0 0 0 0 0 0 
2 1 1 4 1  1.60000000E+03  0.00000000E+00  1.90562500E+03 1 2  0.00000000E+00 
0 2880 3 2  0.00000000E+00  0.00000000E+00 
0 2880 11 2  0.00000000E+00  0.00000000E+00 
0 2880 2 
'SSEA2T 2' 
100 100  3.00000000E+01 0 0 0 0 0 0 0 0 
2 1 1 4 1  1.20000000E+03  0.00000000E+00  1.90562500E+03 1 2  0.00000000E+00 
0 2880 3 2  0.00000000E+00  0.00000000E+00 
0 2880 11 2  0.00000000E+00  0.00000000E+00 
0 2880 2 
'TRICAT 1' 
100 100  3.00000000E+01 0 0 0 0 0 0 0 0 
0 2 1 4 1  0.00000000E+00  0.00000000E+00  1.90562500E+03 1 2  0.00000000E+00 
0 0 2 
30 2880 2 
'TRICAT 2' 
100 100  3.00000000E+01 0 0 0 0 0 0 0 0 
2 1 1 4 1  2.40000000E+03  0.00000000E+00  1.90562500E+03 1 2  0.00000000E+00 
0 2880 3 2  0.00000000E+00  0.00000000E+00 
0 2880 11 2  0.00000000E+00  0.00000000E+00 
0 2880 2 
'TRICAT 3' 
100 100  3.00000000E+01 0 0 0 0 0 0 0 0 
3 2 1 4 1  4.80000000E+03  0.00000000E+00  1.90562500E+03 1 2  0.00000000E+00 
30 450 8 1  3.87000000E+02  0.00000000E+00 
480 1920 8 1  8.80000000E+02  0.00000000E+00 
30 1440 9 1  9.16000000E+02  0.00000000E+00 
1950 2880 2 
0 0 2 
'TRICAT 4' 
100 100  3.00000000E+01 0 0 0 0 0 0 0 0 
0 4 1 4 1  0.00000000E+00  0.00000000E+00  1.90562500E+03 1 2  0.00000000E+00 
840 1560 2 
2790 2880 2 
0 810 2 
1590 2760 2 
'PROVET 4' 
100 100  2.00000000E+00 0 0 0 0 0 0 0 0 
3 0 1 8 0  0.00000000E+00  0.00000000E+00  1.90562500E+03 1 2  0.00000000E+00 
0 2880 4 2  0.00000000E+00  0.00000000E+00 
30 2880 23 1  5.00000000E+00  0.00000000E+00 
30 2880 17 1  5.00000000E+00  0.00000000E+00 
'BLENOT 2' 
100 100  2.00000000E+00 0 0 0 0 0 0 0 0 
6 0 1 8 0  0.00000000E+00  0.00000000E+00  1.90562500E+03 1 2  0.00000000E+00 
0 2880 4 2  0.00000000E+00  0.00000000E+00 
0 2880 21 1  0.00000000E+00  0.00000000E+00 
0 2880 24 1  2.50000000E+01  0.00000000E+00 
0 2880 12 1  2.50000000E+01  0.00000000E+00 
30 2880 23 1  5.00000000E+00  0.00000000E+00 
30 2880 17 1  5.00000000E+00  0.00000000E+00 
'BLENOT 3' 
100 100  2.00000000E+00 0 0 0 0 0 0 0 0 
7 0 1 8 0  0.00000000E+00  0.00000000E+00  1.90562500E+03 1 2  0.00000000E+00 
0 2880 21 1  0.00000000E+00  0.00000000E+00 
510 1080 4 1  0.00000000E+00  0.00000000E+00 
1950 2520 4 1  0.00000000E+00  0.00000000E+00 
0 2880 24 1  2.50000000E+01  0.00000000E+00 
0 2880 12 1  2.50000000E+01  0.00000000E+00 
30 2880 23 1  5.00000000E+00  0.00000000E+00 
30 2880 17 1  5.00000000E+00  0.00000000E+00 
'BLENOT 4' 
100 100  2.00000000E+00 0 0 0 0 0 0 0 0 
6 0 1 8 0  0.00000000E+00  0.00000000E+00  1.90562500E+03 1 2  0.00000000E+00 
0 2880 4 2  0.00000000E+00  0.00000000E+00 
0 2880 21 1  0.00000000E+00  0.00000000E+00 
0 2880 24 1  2.50000000E+01  0.00000000E+00 
0 2880 12 1  2.50000000E+01  0.00000000E+00 
30 2880 23 1  5.00000000E+00  0.00000000E+00 
30 2880 17 1  5.00000000E+00  0.00000000E+00 
'BOUCHT 1' 
100 100  4.00000000E+00 0 0 0 0 0 0 0 0 
6 0 1 8 0  0.00000000E+00  0.00000000E+00  1.90562500E+03 1 2  0.00000000E+00 
0 0 4 2  0.00000000E+00  0.00000000E+00 
0 2880 21 1  0.00000000E+00  0.00000000E+00 
0 2880 24 1  2.50000000E+01  0.00000000E+00 
0 2880 12 1  0.00000000E+00  0.00000000E+00 
30 2880 23 1  5.00000000E+00  0.00000000E+00 
30 2880 17 1  2.50000000E+01  0.00000000E+00 
'CORD5T 4' 
100 100  3.00000000E+00 0 0 0 0 0 0 0 0 
7 0 1 8 0  0.00000000E+00  0.00000000E+00  1.90562500E+03 1 2  0.00000000E+00 
0 180 4 2  0.00000000E+00  0.00000000E+00 
0 2880 24 1  4.00000000E+01  0.00000000E+00 
0 2880 12 1  0.00000000E+00  0.00000000E+00 
0 2880 30 2  0.00000000E+00  0.00000000E+00 
210 2880 9 1  5.80000000E+02  0.00000000E+00 
30 2880 23 1  1.20000000E+01  0.00000000E+00 
30 2880 17 1  2.00000000E+01  0.00000000E+00 
'CORD5T 5' 
100 100  5.00000000E+00 0 0 0 0 0 0 0 0 
8 0 1 8 0  0.00000000E+00  0.00000000E+00  1.90562500E+03 1 2  0.00000000E+00 
0 1320 4 2  0.00000000E+00  0.00000000E+00 
0 2880 10 1  0.00000000E+00  0.00000000E+00 
0 2880 24 1  4.00000000E+01  0.00000000E+00 
0 2880 12 1  0.00000000E+00  0.00000000E+00 
0 2880 30 2  0.00000000E+00  0.00000000E+00 
1350 2880 9 1  5.80000000E+02  0.00000000E+00 
30 2880 23 1  1.20000000E+01  0.00000000E+00 
30 2880 17 1  2.00000000E+01  0.00000000E+00 
'HAVRET 1' 
100 100  2.20000005E+00 0 0 0 0 0 0 0 0 
5 0 1 8 0  0.00000000E+00  0.00000000E+00  1.90562500E+03 1 2  0.00000000E+00 
0 2880 4 2  0.00000000E+00  0.00000000E+00 
0 2880 24 1  2.30000000E+01  0.00000000E+00 
0 2880 12 1  1.90000000E+01  0.00000000E+00 
30 2880 23 1  5.00000000E+00  0.00000000E+00 
30 2880 17 1  5.00000000E+00  0.00000000E+00 
'HAVRET 2' 
100 100  2.00000000E+00 0 0 0 0 0 0 0 0 
4 0 1 8 0  0.00000000E+00  0.00000000E+00  1.90562500E+03 1 2  0.00000000E+00 
0 2880 24 1  2.00000000E+01  0.00000000E+00 
0 2880 12 1  3.00000000E+01  0.00000000E+00 
30 2880 23 1  1.20000000E+01  0.00000000E+00 
30 2880 17 1  3.00000000E+01  0.00000000E+00 
'HAVRET 4' 
100 100  3.59999990E+00 0 0 0 0 0 0 0 0 
6 0 1 8 0  0.00000000E+00  0.00000000E+00  1.90562500E+03 1 2  0.00000000E+00 
0 2880 4 2  0.00000000E+00  0.00000000E+00 
0 2880 3 2  0.00000000E+00  0.00000000E+00 
0 2880 11 2  0.00000000E+00  0.00000000E+00 
0 2880 30 2  0.00000000E+00  0.00000000E+00 
30 2880 23 1  1.20000000E+01  0.00000000E+00 
30 2880 17 1  1.40000000E+01  0.00000000E+00 
'MAXE T 1' 
100 100  2.00000000E+00 0 0 0 0 0 0 0 0 
5 0 1 8 0  0.00000000E+00  0.00000000E+00  1.90562500E+03 1 2  0.00000000E+00 
0 2880 4 2  0.00000000E+00  0.00000000E+00 
0 2880 24 1  2.50000000E+01  0.00000000E+00 
0 2880 12 1  2.50000000E+01  0.00000000E+00 
30 2880 23 1  5.00000000E+00  0.00000000E+00 
30 2880 17 1  2.50000000E+01  0.00000000E+00 
'MAXE T 2' 
100 100  2.00000000E+00 0 0 0 0 0 0 0 0 
4 0 1 8 0  0.00000000E+00  0.00000000E+00  1.90562500E+03 1 2  0.00000000E+00 
0 2880 24 1  2.50000000E+01  0.00000000E+00 
0 2880 12 1  2.50000000E+01  0.00000000E+00 
30 2880 23 1  5.00000000E+00  0.00000000E+00 
30 2880 17 1  2.50000000E+01  0.00000000E+00 
'VITRYT 3' 
100 100  2.00000000E+00 0 0 0 0 0 0 0 0 
5 0 1 8 0  0.00000000E+00  0.00000000E+00  1.90562500E+03 1 2  0.00000000E+00 
0 2880 24 1  2.50000000E+01  0.00000000E+00 
0 2880 12 1  2.50000000E+01  0.00000000E+00 
0 2880 30 2  0.00000000E+00  0.00000000E+00 
30 2880 23 1  5.00000000E+00  0.00000000E+00 
30 2880 17 1  5.00000000E+00  0.00000000E+00 
'VITRYT 4' 
100 100  2.00000000E+00 0 0 0 0 0 0 0 0 
5 0 1 8 0  0.00000000E+00  0.00000000E+00  1.90562500E+03 1 2  0.00000000E+00 
0 2880 24 1  2.50000000E+01  0.00000000E+00 
0 2880 12 1  2.50000000E+01  0.00000000E+00 
0 2880 30 2  0.00000000E+00  0.00000000E+00 
30 2880 23 1  5.00000000E+00  0.00000000E+00 
30 2880 17 1  5.00000000E+00  0.00000000E+00 
'ARAMOT 1' 
100 100  1.00000000E+01 0 0 0 0 0 0 0 0 
6 0 1 8 0  0.00000000E+00  0.00000000E+00  1.90562500E+03 1 2  0.00000000E+00 
0 180 4 2  0.00000000E+00  0.00000000E+00 
0 2880 10 1  0.00000000E+00  0.00000000E+00 
0 2880 24 1  7.00000000E+01  0.00000000E+00 
0 2880 12 1  0.00000000E+00  0.00000000E+00 
30 2880 23 1  1.40000000E+01  0.00000000E+00 
30 2880 17 1  7.00000000E+01  0.00000000E+00 
'ARAMOT 2' 
100 100  1.00000000E+01 0 0 0 0 0 0 0 0 
6 0 1 8 0  0.00000000E+00  0.00000000E+00  1.90562500E+03 1 2  0.00000000E+00 
0 2880 4 2  0.00000000E+00  0.00000000E+00 
0 2880 10 1  0.00000000E+00  0.00000000E+00 
0 2880 24 1  7.00000000E+01  0.00000000E+00 
0 2880 12 1  0.00000000E+00  0.00000000E+00 
30 2880 23 1  1.40000000E+01  0.00000000E+00 
30 2880 17 1  7.00000000E+01  0.00000000E+00 
'CORD5T 2' 
100 100  8.00000000E+00 0 0 0 0 0 0 0 0 
5 0 1 8 0  0.00000000E+00  0.00000000E+00  1.90562500E+03 1 2  0.00000000E+00 
0 2880 4 2  0.00000000E+00  0.00000000E+00 
0 2880 24 1  7.00000000E+01  0.00000000E+00 
0 2880 12 1  7.00000000E+01  0.00000000E+00 
30 2880 23 1  1.30000000E+01  0.00000000E+00 
30 2880 17 1  7.00000000E+01  0.00000000E+00 
'CORD5T 3' 
100 100  8.00000000E+00 0 0 0 0 0 0 0 0 
5 0 1 8 0  0.00000000E+00  0.00000000E+00  1.90562500E+03 1 2  0.00000000E+00 
0 0 4 2  0.00000000E+00  0.00000000E+00 
0 2880 24 1  7.00000000E+01  0.00000000E+00 
0 2880 12 1  7.00000000E+01  0.00000000E+00 
30 2880 23 1  1.30000000E+01  0.00000000E+00 
30 2880 17 1  7.00000000E+01  0.00000000E+00 
'GENN3T 1' 
100 70  1.00000000E+00 0 0 0 0 0 0 0 0 
5 0 1 8 0  0.00000000E+00  0.00000000E+00  1.90562500E+03 1 2  0.00000000E+00 
0 2880 4 2  0.00000000E+00  0.00000000E+00 
0 2880 3 2  0.00000000E+00  0.00000000E+00 
0 2880 11 2  0.00000000E+00  0.00000000E+00 
30 2880 23 1  4.00000000E+00  0.00000000E+00 
30 2880 17 1  1.80000000E+01  0.00000000E+00 
'M.PONT 1' 
100 100  3.00000000E+00 0 0 0 0 0 0 0 0 
4 0 1 8 0  0.00000000E+00  0.00000000E+00  1.90562500E+03 1 2  0.00000000E+00 
0 2880 24 1  2.50000000E+01  0.00000000E+00 
0 2880 12 1  2.50000000E+01  0.00000000E+00 
30 2880 23 1  5.00000000E+00  0.00000000E+00 
30 2880 17 1  1.20000000E+01  0.00000000E+00 
'M.PONT 2' 
100 100  3.00000000E+00 0 0 0 0 0 0 0 0 
4 0 1 8 0  0.00000000E+00  0.00000000E+00  1.90562500E+03 1 2  0.00000000E+00 
0 2880 24 1  2.50000000E+01  0.00000000E+00 
0 2880 12 1  2.50000000E+01  0.00000000E+00 
30 2880 23 1  5.00000000E+00  0.00000000E+00 
30 2880 17 1  1.20000000E+01  0.00000000E+00 
'M.PONT 3' 
100 100  3.00000000E+00 0 0 0 0 0 0 0 0 
5 0 1 8 0  0.00000000E+00  0.00000000E+00  1.90562500E+03 1 2  0.00000000E+00 
0 2880 4 2  0.00000000E+00  0.00000000E+00 
0 2880 24 1  2.50000000E+01  0.00000000E+00 
0 2880 12 1  2.50000000E+01  0.00000000E+00 
30 2880 23 1  5.00000000E+00  0.00000000E+00 
30 2880 17 1  1.20000000E+01  0.00000000E+00 
'PORC2T 1' 
100 100  6.00000000E+00 0 0 0 0 0 0 0 0 
7 0 1 8 0  0.00000000E+00  0.00000000E+00  1.90562500E+03 1 2  0.00000000E+00 
0 60 4 2  0.00000000E+00  0.00000000E+00 
0 2880 22 1  0.00000000E+00  0.00000000E+00 
0 2880 24 1  0.00000000E+00  0.00000000E+00 
0 2880 12 1  3.00000000E+01  0.00000000E+00 
90 2880 9 1  5.85000000E+02  0.00000000E+00 
30 2880 23 1  1.20000000E+01  0.00000000E+00 
30 2880 17 1  6.00000000E+01  0.00000000E+00 
'PORC2T 2' 
100 100  6.00000000E+00 0 0 0 0 0 0 0 0 
6 0 1 8 0  0.00000000E+00  0.00000000E+00  1.90562500E+03 1 2  0.00000000E+00 
0 60 4 2  0.00000000E+00  0.00000000E+00 
0 2880 24 1  6.00000000E+01  0.00000000E+00 
0 2880 12 1  6.00000000E+01  0.00000000E+00 
90 2880 9 1  5.85000000E+02  0.00000000E+00 
30 2880 23 1  1.20000000E+01  0.00000000E+00 
30 2880 17 1  6.00000000E+01  0.00000000E+00 
'PORC2T 3' 
100 100  6.00000000E+00 0 0 0 0 0 0 0 0 
6 0 1 8 0  0.00000000E+00  0.00000000E+00  1.90562500E+03 1 2  0.00000000E+00 
0 60 4 2  0.00000000E+00  0.00000000E+00 
0 2880 24 1  6.00000000E+01  0.00000000E+00 
0 2880 12 1  6.00000000E+01  0.00000000E+00 
90 2880 9 1  5.85000000E+02  0.00000000E+00 
30 2880 23 1  1.20000000E+01  0.00000000E+00 
30 2880 17 1  6.00000000E+01  0.00000000E+00 
'PORC2T 4' 
100 100  6.00000000E+00 0 0 0 0 0 0 0 0 
6 0 1 8 0  0.00000000E+00  0.00000000E+00  1.90562500E+03 1 2  0.00000000E+00 
0 60 4 2  0.00000000E+00  0.00000000E+00 
0 2880 24 1  6.00000000E+01  0.00000000E+00 
0 2880 12 1  6.00000000E+01  0.00000000E+00 
90 2880 9 1  5.85000000E+02  0.00000000E+00 
30 2880 23 1  1.20000000E+01  0.00000000E+00 
30 2880 17 1  6.00000000E+01  0.00000000E+00 
'VAIR6T 1' 
100 70  1.00000000E+00 0 0 0 0 0 0 0 0 
4 0 1 8 0  0.00000000E+00  0.00000000E+00  1.90562500E+03 1 2  0.00000000E+00 
0 2880 24 1  9.00000000E+00  0.00000000E+00 
0 2880 12 1  9.00000000E+00  0.00000000E+00 
30 2880 23 1  4.00000000E+00  0.00000000E+00 
30 2880 17 1  9.00000000E+00  0.00000000E+00 
'VAIR6T 2' 
100 70  1.00000000E+00 0 0 0 0 0 0 0 0 
4 0 1 8 0  0.00000000E+00  0.00000000E+00  1.90562500E+03 1 2  0.00000000E+00 
0 2880 24 1  9.00000000E+00  0.00000000E+00 
0 2880 12 1  9.00000000E+00  0.00000000E+00 
30 2880 23 1  4.00000000E+00  0.00000000E+00 
30 2880 17 1  9.00000000E+00  0.00000000E+00 
'VAIR6T 3' 
100 70  1.00000000E+00 0 0 0 0 0 0 0 0 
3 0 1 8 0  0.00000000E+00  0.00000000E+00  1.90562500E+03 1 2  0.00000000E+00 
0 2880 4 2  0.00000000E+00  0.00000000E+00 
30 2880 23 1  4.00000000E+00  0.00000000E+00 
30 2880 17 1  7.00000000E+00  0.00000000E+00 
'PSMA.T 1' 
100 100  5.00000000E+00 0 0 0 0 0 0 0 0 
2 1 1 8 0  0.00000000E+00  0.00000000E+00  1.90562500E+03 1 2  0.00000000E+00 
30 2880 23 1  2.30000000E+01  0.00000000E+00 
30 2880 17 1  5.00000000E+00  0.00000000E+00 
30 2880 2 
'PSMA.T 2' 
100 100  5.00000000E+00 0 0 0 0 0 0 0 0 
3 0 1 8 0  0.00000000E+00  0.00000000E+00  1.90562500E+03 1 2  0.00000000E+00 
0 2880 4 2  0.00000000E+00  0.00000000E+00 
30 2880 23 1  1.20000000E+01  0.00000000E+00 
30 2880 17 1  6.00000000E+00  0.00000000E+00 
'PSMA.T 3' 
100 100  5.00000000E+00 0 0 0 0 0 0 0 0 
3 0 1 8 0  0.00000000E+00  0.00000000E+00  1.90562500E+03 1 2  0.00000000E+00 
0 2880 4 2  0.00000000E+00  0.00000000E+00 
30 2880 23 1  5.00000000E+00  0.00000000E+00 
30 2880 17 1  1.00000000E+00  0.00000000E+00 
'PCMA.T 9' 
100 100  5.00000000E+00 0 0 0 0 0 0 0 0 
3 2 1 8 0  0.00000000E+00  0.00000000E+00  1.90562500E+03 1 2  0.00000000E+00 
1470 2880 24 1  1.20000000E+01  0.00000000E+00 
30 2880 23 1  2.30000000E+01  0.00000000E+00 
30 2880 17 1  1.20000000E+01  0.00000000E+00 
30 420 2 
450 1440 2 
'PSAP.T 1' 
100 100  5.00000000E+00 0 0 0 0 0 0 0 0 
3 0 1 8 0  0.00000000E+00  0.00000000E+00  1.90562500E+03 1 2  0.00000000E+00 
30 2880 24 1  5.00000000E+00  0.00000000E+00 
30 2880 23 1  6.00000000E+00  0.00000000E+00 
30 2880 17 1  5.00000000E+00  0.00000000E+00 
'PS60.T 1' 
100 100  5.00000000E+00 0 0 0 0 0 0 0 0 
2 2 1 8 0  0.00000000E+00  0.00000000E+00  1.90562500E+03 1 2  0.00000000E+00 
30 2880 23 1  1.20000000E+01  0.00000000E+00 
30 2880 17 1  1.20000000E+01  0.00000000E+00 
30 1440 2 
1470 2880 2 
'PS25.T 1' 
100 100  5.00000000E+00 0 0 0 0 0 0 0 0 
2 2 1 8 0  0.00000000E+00  0.00000000E+00  1.90562500E+03 1 2  0.00000000E+00 
30 2880 23 1  5.00000000E+00  0.00000000E+00 
30 2880 17 1  5.00000000E+00  0.00000000E+00 
30 1440 2 
1470 2880 2 
'CGDPAT 1' 
100 100  5.00000000E+00 0 0 0 0 0 0 0 0 
2 1 1 8 0  0.00000000E+00  0.00000000E+00  1.90562500E+03 1 2  0.00000000E+00 
30 2880 23 1  4.00000000E+01  0.00000000E+00 
30 2880 17 1  0.00000000E+00  0.00000000E+00 
0 2880 2 
'CGDPBT 1' 
100 100  5.00000000E+00 0 0 0 0 0 0 0 0 
2 1 1 8 0  0.00000000E+00  0.00000000E+00  1.90562500E+03 1 2  0.00000000E+00 
30 2880 23 1  4.00000000E+01  0.00000000E+00 
30 2880 17 1  0.00000000E+00  0.00000000E+00 
0 2880 2 
'CGPTPT 1' 
100 100  5.00000000E+00 0 0 0 0 0 0 0 0 
3 0 1 8 0  0.00000000E+00  0.00000000E+00  1.90562500E+03 1 2  0.00000000E+00 
0 2880 4 2  0.00000000E+00  0.00000000E+00 
30 2880 23 1  4.00000000E+01  0.00000000E+00 
30 2880 17 1  0.00000000E+00  0.00000000E+00 
'CGPTPT 2' 
100 100  5.00000000E+00 0 0 0 0 0 0 0 0 
3 0 1 8 0  0.00000000E+00  0.00000000E+00  1.90562500E+03 1 2  0.00000000E+00 
0 2880 4 2  0.00000000E+00  0.00000000E+00 
30 2880 23 1  4.00000000E+01  0.00000000E+00 
30 2880 17 1  0.00000000E+00  0.00000000E+00 
'THPTPT 1' 
100 100  5.00000000E+00 0 0 0 0 0 0 0 0 
3 0 1 8 0  0.00000000E+00  0.00000000E+00  1.90562500E+03 1 2  0.00000000E+00 
0 2880 4 2  0.00000000E+00  0.00000000E+00 
30 2880 23 1  4.00000000E+01  0.00000000E+00 
30 2880 17 1  0.00000000E+00  0.00000000E+00 
'AUPTPT 1' 
100 100  5.00000000E+00 0 0 0 0 0 0 0 0 
3 0 1 8 0  0.00000000E+00  0.00000000E+00  1.90562500E+03 1 2  0.00000000E+00 
0 2880 4 2  0.00000000E+00  0.00000000E+00 
30 2880 23 1  4.00000000E+01  0.00000000E+00 
30 2880 17 1  0.00000000E+00  0.00000000E+00 
'CGDTPT 1' 
100 100  5.00000000E+00 0 0 0 0 0 0 0 0 
3 0 1 8 0  0.00000000E+00  0.00000000E+00  1.90562500E+03 1 2  0.00000000E+00 
0 2880 4 2  0.00000000E+00  0.00000000E+00 
30 2880 23 1  4.00000000E+01  0.00000000E+00 
30 2880 17 1  0.00000000E+00  0.00000000E+00 
'CGDTXT 1' 
100 100  5.00000000E+00 0 0 0 0 0 0 0 0 
2 1 1 8 0  0.00000000E+00  0.00000000E+00  1.90562500E+03 1 2  0.00000000E+00 
30 2880 23 1  4.00000000E+01  0.00000000E+00 
30 2880 17 1  0.00000000E+00  0.00000000E+00 
30 2880 2 
'CGDRPT 1' 
100 100  5.00000000E+00 0 0 0 0 0 0 0 0 
2 1 1 8 0  0.00000000E+00  0.00000000E+00  1.90562500E+03 1 2  0.00000000E+00 
30 2880 23 1  4.00000000E+01  0.00000000E+00 
30 2880 17 1  0.00000000E+00  0.00000000E+00 
30 2880 2 
'DFEGST 1' 
100 100  5.00000000E+00 0 0 0 0 0 0 0 0 
3 0 1 8 0  0.00000000E+00  0.00000000E+00  1.90562500E+03 1 2  0.00000000E+00 
0 2880 4 2  0.00000000E+00  0.00000000E+00 
30 2880 23 1  4.00000000E+01  0.00000000E+00 
30 2880 17 1  0.00000000E+00  0.00000000E+00 
'DSEGST 1' 
100 100  5.00000000E+00 0 0 0 0 0 0 0 0 
3 0 1 8 0  0.00000000E+00  0.00000000E+00  1.90562500E+03 1 2  0.00000000E+00 
0 2880 4 2  0.00000000E+00  0.00000000E+00 
30 2880 23 1  4.00000000E+01  0.00000000E+00 
30 2880 17 1  0.00000000E+00  0.00000000E+00 
'DWEGST 1' 
100 100  5.00000000E+00 0 0 0 0 0 0 0 0 
3 0 1 8 0  0.00000000E+00  0.00000000E+00  1.90562500E+03 1 2  0.00000000E+00 
0 2880 4 2  0.00000000E+00  0.00000000E+00 
30 2880 23 1  4.00000000E+01  0.00000000E+00 
30 2880 17 1  0.00000000E+00  0.00000000E+00 
'DWELDT 1' 
100 100  5.00000000E+00 0 0 0 0 0 0 0 0 
3 0 1 8 0  0.00000000E+00  0.00000000E+00  1.90562500E+03 1 2  0.00000000E+00 
0 2880 4 2  0.00000000E+00  0.00000000E+00 
30 2880 23 1  4.00000000E+01  0.00000000E+00 
30 2880 17 1  0.00000000E+00  0.00000000E+00 
'DFELDT 1' 
100 100  5.00000000E+00 0 0 0 0 0 0 0 0 
3 0 1 8 0  0.00000000E+00  0.00000000E+00  1.90562500E+03 1 2  0.00000000E+00 
0 2880 4 2  0.00000000E+00  0.00000000E+00 
30 2880 23 1  4.00000000E+01  0.00000000E+00 
30 2880 17 1  0.00000000E+00  0.00000000E+00 
'ARRI5T 1' 
100 100  1.00000000E+01 0 0 0 0 0 0 0 0 
4 1 1 8 0  0.00000000E+00  0.00000000E+00  1.90562500E+03 2 2  0.00000000E+00 
0 2880 3 2  0.00000000E+00  0.00000000E+00 
0 2880 11 2  0.00000000E+00  0.00000000E+00 
30 2880 23 1  3.00000000E+00  0.00000000E+00 
30 2880 17 1  7.00000000E+00  0.00000000E+00 
0 2880 2 
'ARRI5T 2' 
100 100  1.00000000E+01 0 0 0 0 0 0 0 0 
5 1 1 8 0  0.00000000E+00  0.00000000E+00  1.90562500E+03 2 2  0.00000000E+00 
0 2880 24 1  6.00000000E+00  0.00000000E+00 
0 2880 12 1  6.00000000E+00  0.00000000E+00 
0 2880 30 2  0.00000000E+00  0.00000000E+00 
30 2880 23 1  3.00000000E+00  0.00000000E+00 
30 2880 17 1  6.00000000E+00  0.00000000E+00 
0 2880 2 
'BRENNT 1' 
100 70  3.00000000E+00 0 0 0 0 0 0 0 0 
4 1 1 8 0  0.00000000E+00  0.00000000E+00  1.90562500E+03 2 2  0.00000000E+00 
0 2880 3 2  0.00000000E+00  0.00000000E+00 
0 2880 11 2  0.00000000E+00  0.00000000E+00 
30 2880 23 1  0.00000000E+00  0.00000000E+00 
30 2880 17 1  0.00000000E+00  0.00000000E+00 
0 2880 2 
'BRENNT 2' 
100 70  3.00000000E+00 0 0 0 0 0 0 0 0 
4 1 1 8 0  0.00000000E+00  0.00000000E+00  1.90562500E+03 2 2  0.00000000E+00 
0 2880 3 2  0.00000000E+00  0.00000000E+00 
0 2880 11 2  0.00000000E+00  0.00000000E+00 
30 2880 23 1  0.00000000E+00  0.00000000E+00 
30 2880 17 1  0.00000000E+00  0.00000000E+00 
0 2880 2 
'BRENNT 3' 
100 70  3.00000000E+00 0 0 0 0 0 0 0 0 
4 1 1 8 0  0.00000000E+00  0.00000000E+00  1.90562500E+03 2 2  0.00000000E+00 
0 2880 3 2  0.00000000E+00  0.00000000E+00 
0 2880 11 2  0.00000000E+00  0.00000000E+00 
30 2880 23 1  3.00000000E+00  0.00000000E+00 
30 2880 17 1  7.00000000E+00  0.00000000E+00 
0 2880 2 
'DIRINT 1' 
100 70  3.00000000E+00 0 0 0 0 0 0 0 0 
5 1 1 8 0  0.00000000E+00  0.00000000E+00  1.90562500E+03 2 2  0.00000000E+00 
0 2880 4 2  0.00000000E+00  0.00000000E+00 
0 2880 3 2  0.00000000E+00  0.00000000E+00 
0 2880 11 2  0.00000000E+00  0.00000000E+00 
30 2880 23 1  1.00000000E+00  0.00000000E+00 
30 2880 17 1  0.00000000E+00  0.00000000E+00 
0 2880 2 
'DIRINT 2' 
100 70  3.00000000E+00 0 0 0 0 0 0 0 0 
5 1 1 8 0  0.00000000E+00  0.00000000E+00  1.90562500E+03 2 2  0.00000000E+00 
0 2880 4 2  0.00000000E+00  0.00000000E+00 
0 2880 3 2  0.00000000E+00  0.00000000E+00 
0 2880 11 2  0.00000000E+00  0.00000000E+00 
30 2880 23 1  1.00000000E+00  0.00000000E+00 
30 2880 17 1  0.00000000E+00  0.00000000E+00 
0 2880 2 
'PHENIT 1' 
100 100  5.00000000E+00 0 0 0 0 0 0 0 0 
3 1 1 8 0  0.00000000E+00  0.00000000E+00  1.90562500E+03 2 2  0.00000000E+00 
0 2880 4 2  0.00000000E+00  0.00000000E+00 
30 2880 23 1  0.00000000E+00  0.00000000E+00 
30 2880 17 1  0.00000000E+00  0.00000000E+00 
0 2880 2 
'RICHET 0' 
100 100  5.00000000E+00 0 0 0 0 0 0 0 0 
3 1 1 8 0  0.00000000E+00  0.00000000E+00  1.90562500E+03 2 2  0.00000000E+00 
0 2880 4 2  0.00000000E+00  0.00000000E+00 
30 2880 23 1  2.00000000E+00  0.00000000E+00 
30 2880 17 1  0.00000000E+00  0.00000000E+00 
0 2880 2 
'VLEJUT 1' 
100 70  2.00000000E+00 0 0 0 0 0 0 0 0 
3 1 1 8 0  0.00000000E+00  0.00000000E+00  1.90562500E+03 2 2  0.00000000E+00 
0 2880 4 2  0.00000000E+00  0.00000000E+00 
30 2880 23 1  1.00000000E+00  0.00000000E+00 
30 2880 17 1  0.00000000E+00  0.00000000E+00 
0 2880 2 
'PI25.T 1' 
100 100  1.50000000E+00 0 0 0 0 0 0 0 0 
2 1 1 8 0  0.00000000E+00  0.00000000E+00  1.90562500E+03 2 2  0.00000000E+00 
30 2880 23 1  5.00000000E+00  0.00000000E+00 
30 2880 17 1  5.00000000E+00  0.00000000E+00 
0 2880 2 
'PIMP.T 1' 
100 100  1.00000000E+00 0 0 0 0 0 0 0 0 
2 1 1 8 0  0.00000000E+00  0.00000000E+00  1.90562500E+03 2 2  0.00000000E+00 
30 2880 23 1  0.00000000E+00  0.00000000E+00 
30 2880 17 1  0.00000000E+00  0.00000000E+00 
0 2880 2 
'PSSA.T 1' 
100 100  1.00000000E+00 0 0 0 0 0 0 0 0 
2 1 1 8 0  0.00000000E+00  0.00000000E+00  1.90562500E+03 2 2  0.00000000E+00 
30 2880 23 1  0.00000000E+00  0.00000000E+00 
30 2880 17 1  0.00000000E+00  0.00000000E+00 
0 2880 2 
'CGHTAT 1' 
100 100  5.00000000E+00 0 0 0 0 2 0 0 0 
2 2 1 8 0  0.00000000E+00  0.00000000E+00  1.90562500E+03 2 2  0.00000000E+00 
30 2880 23 1  4.00000000E+01  0.00000000E+00 
30 2880 17 1  0.00000000E+00  0.00000000E+00 
0 2880 2 
30 2880 2 
'CGHTAT 2' 
100 100  5.00000000E+00 0 0 0 0 2 0 0 0 
2 2 1 8 0  0.00000000E+00  0.00000000E+00  1.90562500E+03 2 2  0.00000000E+00 
30 2880 23 1  4.00000000E+01  0.00000000E+00 
30 2880 17 1  0.00000000E+00  0.00000000E+00 
0 2880 2 
30 2880 2 
'CGHTBT 1' 
100 100  5.00000000E+00 0 0 0 0 2 0 0 0 
2 2 1 8 0  0.00000000E+00  0.00000000E+00  1.90562500E+03 2 2  0.00000000E+00 
30 2880 23 1  4.00000000E+01  0.00000000E+00 
30 2880 17 1  0.00000000E+00  0.00000000E+00 
0 2880 2 
30 2880 2 
'CGHTBT 2' 
100 100  5.00000000E+00 0 0 0 0 2 0 0 0 
2 2 1 8 0  0.00000000E+00  0.00000000E+00  1.90562500E+03 2 2  0.00000000E+00 
30 2880 23 1  4.00000000E+01  0.00000000E+00 
30 2880 17 1  0.00000000E+00  0.00000000E+00 
0 2880 2 
30 2880 2 
'PMAR.T 1' 
100 100  1.00000000E+00 0 0 0 0 0 0 0 0 
2 1 1 8 0  0.00000000E+00  0.00000000E+00  1.90562500E+03 2 2  0.00000000E+00 
30 2880 23 1  0.00000000E+00  0.00000000E+00 
30 2880 17 1  0.00000000E+00  0.00000000E+00 
0 2880 2 
'CGPTFT 1' 
100 100  5.00000000E+00 0 0 0 0 0 0 0 0 
3 1 1 8 0  0.00000000E+00  0.00000000E+00  1.90562500E+03 2 2  0.00000000E+00 
0 2880 4 2  0.00000000E+00  0.00000000E+00 
30 2880 23 1  4.00000000E+01  0.00000000E+00 
30 2880 17 1  0.00000000E+00  0.00000000E+00 
0 2880 2 
'CGPTFT 2' 
100 100  5.00000000E+00 0 0 0 0 0 0 0 0 
3 1 1 8 0  0.00000000E+00  0.00000000E+00  1.90562500E+03 2 2  0.00000000E+00 
0 2880 4 2  0.00000000E+00  0.00000000E+00 
30 2880 23 1  4.00000000E+01  0.00000000E+00 
30 2880 17 1  0.00000000E+00  0.00000000E+00 
0 2880 2 
'CGPTXT 1' 
100 100  5.00000000E+00 0 0 0 0 0 0 0 0 
2 2 1 8 0  0.00000000E+00  0.00000000E+00  1.90562500E+03 2 2  0.00000000E+00 
30 2880 23 1  4.00000000E+01  0.00000000E+00 
30 2880 17 1  0.00000000E+00  0.00000000E+00 
0 2880 2 
30 2880 2 
'CGPTXT 2' 
100 100  5.00000000E+00 0 0 0 0 0 0 0 0 
2 2 1 8 0  0.00000000E+00  0.00000000E+00  1.90562500E+03 2 2  0.00000000E+00 
30 2880 23 1  4.00000000E+01  0.00000000E+00 
30 2880 17 1  0.00000000E+00  0.00000000E+00 
0 2880 2 
30 2880 2 
'CGRPDT 1' 
100 100  5.00000000E+00 0 0 0 0 0 0 0 0 
2 2 1 8 0  0.00000000E+00  0.00000000E+00  1.90562500E+03 2 2  0.00000000E+00 
30 2880 23 1  4.00000000E+01  0.00000000E+00 
30 2880 17 1  0.00000000E+00  0.00000000E+00 
0 2880 2 
30 2880 2 
'CGRPDT 2' 
100 100  5.00000000E+00 0 0 0 0 0 0 0 0 
2 2 1 8 0  0.00000000E+00  0.00000000E+00  1.90562500E+03 2 2  0.00000000E+00 
30 2880 23 1  4.00000000E+01  0.00000000E+00 
30 2880 17 1  0.00000000E+00  0.00000000E+00 
0 2880 2 
30 2880 2 
'THPTFT 1' 
100 100  5.00000000E+00 0 0 0 0 0 0 0 0 
3 1 1 8 0  0.00000000E+00  0.00000000E+00  1.90562500E+03 2 2  0.00000000E+00 
0 2880 4 2  0.00000000E+00  0.00000000E+00 
30 2880 23 1  4.00000000E+01  0.00000000E+00 
30 2880 17 1  0.00000000E+00  0.00000000E+00 
0 2880 2 
'THPTXT 1' 
100 100  5.00000000E+00 0 0 0 0 0 0 0 0 
2 2 1 8 0  0.00000000E+00  0.00000000E+00  1.90562500E+03 2 2  0.00000000E+00 
30 2880 23 1  4.00000000E+01  0.00000000E+00 
30 2880 17 1  0.00000000E+00  0.00000000E+00 
0 2880 2 
30 2880 2 
'THRPDT 1' 
100 100  5.00000000E+00 0 0 0 0 0 0 0 0 
2 2 1 8 0  0.00000000E+00  0.00000000E+00  1.90562500E+03 2 2  0.00000000E+00 
30 2880 23 1  4.00000000E+01  0.00000000E+00 
30 2880 17 1  0.00000000E+00  0.00000000E+00 
0 2880 2 
30 2880 2 
'EOPTFT 1' 
100 100  5.00000000E+00 0 0 0 0 0 0 0 0 
3 1 1 8 0  0.00000000E+00  0.00000000E+00  1.90562500E+03 2 2  0.00000000E+00 
0 2880 4 2  0.00000000E+00  0.00000000E+00 
30 2880 23 1  4.00000000E+01  0.00000000E+00 
30 2880 17 1  0.00000000E+00  0.00000000E+00 
0 2880 2 
'EOPTXT 1' 
100 100  5.00000000E+00 0 0 0 0 0 0 0 0 
2 43 1 8 0  0.00000000E+00  0.00000000E+00  1.90562500E+03 2 2  0.00000000E+00 
30 2880 23 1  4.00000000E+01  0.00000000E+00 
30 2880 17 1  0.00000000E+00  0.00000000E+00 
0 2880 2 
30 60 2 
90 120 2 
150 180 2 
210 240 2 
270 300 2 
330 360 2 
390 420 2 
450 480 2 
510 540 2 
570 600 2 
630 660 2 
690 720 2 
750 780 2 
810 840 2 
870 900 2 
930 960 2 
990 1020 2 
1050 1260 2 
1290 1320 2 
1350 1380 2 
1410 1440 2 
1470 1500 2 
1530 1560 2 
1590 1620 2 
1650 1800 2 
1830 1860 2 
1890 1920 2 
1950 1980 2 
2010 2040 2 
2070 2100 2 
2130 2160 2 
2190 2220 2 
2250 2280 2 
2310 2340 2 
2370 2400 2 
2430 2460 2 
2490 2520 2 
2550 2580 2 
2610 2640 2 
2670 2700 2 
2730 2820 2 
2850 2880 2 
'EOPTXT 2' 
100 100  5.00000000E+00 0 0 0 0 0 0 0 0 
2 43 1 8 0  0.00000000E+00  0.00000000E+00  1.90562500E+03 2 2  0.00000000E+00 
30 2880 23 1  4.00000000E+01  0.00000000E+00 
30 2880 17 1  0.00000000E+00  0.00000000E+00 
0 2880 2 
270 300 2 
330 360 2 
390 420 2 
210 240 2 
450 480 2 
510 540 2 
570 600 2 
630 660 2 
690 720 2 
750 780 2 
810 840 2 
870 900 2 
930 960 2 
990 1020 2 
1050 1260 2 
1290 1320 2 
1350 1380 2 
1410 1440 2 
1470 1500 2 
1530 1560 2 
1590 1620 2 
1650 1800 2 
1830 1860 2 
1890 1920 2 
1950 1980 2 
2010 2040 2 
2070 2100 2 
2130 2160 2 
2190 2220 2 
2250 2280 2 
2310 2340 2 
2370 2400 2 
2430 2460 2 
2490 2520 2 
2550 2580 2 
2610 2640 2 
2670 2700 2 
2730 2820 2 
2850 2880 2 
30 60 2 
90 120 2 
150 180 2 
'EORPDT 1' 
100 100  5.00000000E+00 0 0 0 0 0 0 0 0 
2 49 1 8 0  0.00000000E+00  0.00000000E+00  1.90562500E+03 2 2  0.00000000E+00 
30 2880 23 1  4.00000000E+01  0.00000000E+00 
30 2880 17 1  0.00000000E+00  0.00000000E+00 
0 2880 2 
30 60 2 
90 120 2 
150 180 2 
210 240 2 
270 300 2 
330 360 2 
390 420 2 
450 480 2 
510 540 2 
570 600 2 
630 660 2 
690 720 2 
750 780 2 
810 840 2 
870 900 2 
930 960 2 
990 1020 2 
1050 1080 2 
1110 1140 2 
2370 2400 2 
2430 2460 2 
2490 2520 2 
2550 2580 2 
2610 2640 2 
1170 1200 2 
1230 1260 2 
1290 1320 2 
1350 1380 2 
1410 1440 2 
1470 1500 2 
1530 1560 2 
1590 1620 2 
1650 1680 2 
1710 1740 2 
1770 1800 2 
1830 1860 2 
1890 1920 2 
2670 2700 2 
2730 2760 2 
2790 2820 2 
2850 2880 2 
1950 1980 2 
2010 2040 2 
2070 2100 2 
2130 2160 2 
2190 2220 2 
2250 2280 2 
2310 2340 2 
'EORPDT 2' 
100 100  5.00000000E+00 0 0 0 0 0 0 0 0 
2 49 1 8 0  0.00000000E+00  0.00000000E+00  1.90562500E+03 2 2  0.00000000E+00 
30 2880 23 1  4.00000000E+01  0.00000000E+00 
30 2880 17 1  0.00000000E+00  0.00000000E+00 
0 2880 2 
30 60 2 
90 120 2 
150 180 2 
210 240 2 
270 300 2 
330 360 2 
390 420 2 
450 480 2 
510 540 2 
570 600 2 
630 660 2 
690 720 2 
750 780 2 
810 840 2 
870 900 2 
930 960 2 
990 1020 2 
1050 1080 2 
1110 1140 2 
1170 1200 2 
1230 1260 2 
1290 1320 2 
1350 1380 2 
1410 1440 2 
1470 1500 2 
1530 1560 2 
1590 1620 2 
1650 1680 2 
1710 1740 2 
1770 1800 2 
1830 1860 2 
1890 1920 2 
1950 1980 2 
2010 2040 2 
2070 2100 2 
2130 2160 2 
2190 2220 2 
2250 2280 2 
2310 2340 2 
2370 2400 2 
2430 2460 2 
2490 2520 2 
2550 2580 2 
2610 2640 2 
2670 2700 2 
2730 2760 2 
2790 2820 2 
2850 2880 2 
'EORPDT 3' 
100 100  5.00000000E+00 0 0 0 0 0 0 0 0 
2 49 1 8 0  0.00000000E+00  0.00000000E+00  1.90562500E+03 2 2  0.00000000E+00 
30 2880 23 1  4.00000000E+01  0.00000000E+00 
30 2880 17 1  0.00000000E+00  0.00000000E+00 
0 2880 2 
30 60 2 
90 120 2 
150 180 2 
210 240 2 
270 300 2 
330 360 2 
390 420 2 
450 480 2 
510 540 2 
570 600 2 
630 660 2 
690 720 2 
750 780 2 
810 840 2 
870 900 2 
930 960 2 
990 1020 2 
1050 1080 2 
1110 1140 2 
1170 1200 2 
1230 1260 2 
1290 1320 2 
1350 1380 2 
1410 1440 2 
1470 1500 2 
1530 1560 2 
1590 1620 2 
1650 1680 2 
1710 1740 2 
1770 1800 2 
1830 1860 2 
1890 1920 2 
1950 1980 2 
2010 2040 2 
2070 2100 2 
2130 2160 2 
2190 2220 2 
2250 2280 2 
2310 2340 2 
2370 2400 2 
2430 2460 2 
2490 2520 2 
2550 2580 2 
2610 2640 2 
2670 2700 2 
2730 2760 2 
2790 2820 2 
2850 2880 2 
'HYPTLT 1' 
100 100  5.00000000E+00 0 0 0 0 0 0 0 0 
3 1 1 8 0  0.00000000E+00  0.00000000E+00  1.90562500E+03 2 2  0.00000000E+00 
0 2880 4 2  0.00000000E+00  0.00000000E+00 
30 2880 23 1  4.00000000E+01  0.00000000E+00 
30 2880 17 1  0.00000000E+00  0.00000000E+00 
0 2880 2 
'HYPTET 1' 
100 100  5.00000000E+00 0 0 0 0 0 0 0 0 
3 1 1 8 0  0.00000000E+00  0.00000000E+00  1.90562500E+03 2 2  0.00000000E+00 
0 2880 4 2  0.00000000E+00  0.00000000E+00 
30 2880 23 1  4.00000000E+01  0.00000000E+00 
30 2880 17 1  0.00000000E+00  0.00000000E+00 
0 2880 2 
'HYPTFT 1' 
100 100  5.00000000E+00 0 0 0 0 0 0 0 0 
3 1 1 8 0  0.00000000E+00  0.00000000E+00  1.90562500E+03 2 2  0.00000000E+00 
0 2880 4 2  0.00000000E+00  0.00000000E+00 
30 2880 23 1  4.00000000E+01  0.00000000E+00 
30 2880 17 1  0.00000000E+00  0.00000000E+00 
0 2880 2 
'HYPTXT 1' 
100 100  5.00000000E+00 0 0 0 0 0 0 0 0 
2 2 1 8 0  0.00000000E+00  0.00000000E+00  1.90562500E+03 2 2  0.00000000E+00 
30 2880 23 1  4.00000000E+01  0.00000000E+00 
30 2880 17 1  0.00000000E+00  0.00000000E+00 
0 2880 2 
30 2880 2 
'HYRPDT 1' 
100 100  5.00000000E+00 0 0 0 0 0 0 0 0 
2 2 1 8 0  0.00000000E+00  0.00000000E+00  1.90562500E+03 2 2  0.00000000E+00 
30 2880 23 1  4.00000000E+01  0.00000000E+00 
30 2880 17 1  0.00000000E+00  0.00000000E+00 
0 2880 2 
30 2880 2 
'AUPTFT 1' 
100 100  5.00000000E+00 0 0 0 0 0 0 0 0 
3 1 1 8 0  0.00000000E+00  0.00000000E+00  1.90562500E+03 2 2  0.00000000E+00 
0 2880 4 2  0.00000000E+00  0.00000000E+00 
30 2880 23 1  4.00000000E+01  0.00000000E+00 
30 2880 17 1  0.00000000E+00  0.00000000E+00 
0 2880 2 
'AUPTXT 1' 
100 100  5.00000000E+00 0 0 0 0 0 0 0 0 
2 2 1 8 0  0.00000000E+00  0.00000000E+00  1.90562500E+03 2 2  0.00000000E+00 
30 2880 23 1  4.00000000E+01  0.00000000E+00 
30 2880 17 1  0.00000000E+00  0.00000000E+00 
0 2880 2 
30 2880 2 
'AURPDT 1' 
100 100  5.00000000E+00 0 0 0 0 0 0 0 0 
2 2 1 8 0  0.00000000E+00  0.00000000E+00  1.90562500E+03 2 2  0.00000000E+00 
30 2880 23 1  4.00000000E+01  0.00000000E+00 
30 2880 17 1  0.00000000E+00  0.00000000E+00 
0 2880 2 
30 2880 2 
'FIN' 
