 'COUT_MAR_CONSO'
     32.5882      24.7504      24.7292      24.9017      24.5812      16.3510
     16.4483      19.7426      19.8729      17.7396      18.8342      22.5739
     24.4881      39.5181      49.7542      50.2423      49.9572      49.2745
     47.3692      48.5559      49.4667      50.8874      51.4376      55.3007
     48.9956      53.5721      50.2010      51.6238      51.7978      46.8276
     50.0404      47.1214      47.6361      47.4163      48.2634      49.3519
     48.6070      51.0319      50.1146      47.6927      50.9511      37.0877
     30.6406      32.8757      36.5955      49.9507      36.6199      35.1480
     36.4387      36.0733      26.5037      26.2495      25.8516      23.1647
     16.4553       4.4592       2.7437       3.6136      20.7896      23.8800
     34.9095      45.1325      49.8476      54.1148      50.4869      53.5444
     48.2946      50.8212      56.7565      52.3461      58.2786      61.8785
     50.8341      55.1518      51.4187      52.8082      51.0212      50.1678
     51.1935      48.4737      48.2877      48.4265      48.1376      47.5022
     49.7797      53.2265      51.4805      50.2278      52.1248      50.9335
     50.8718      49.9289      51.2041      60.5662      50.9891      48.3963
 'COUT_MAR_PRIMAIRE'
      3.7245      14.6530      30.2954       2.2753       2.3116       2.4416
      0.4922       9.2380      28.6908      10.4128      10.1596      12.4265
     16.9013      31.1874      27.2309      41.9988      43.5172      46.0007
     71.5387      63.8803      66.1265      37.9142      47.2029      16.0038
     53.0045      19.6243      45.4110      25.3101      29.1928      86.1596
     29.5441      57.5072      39.4417      55.5432      41.0927      28.5135
     42.8718      18.2527      25.1211      52.2526      26.4628      30.3537
     53.7004      43.5658      31.7324       0.1131      43.6751      61.4581
     19.7121      14.4592      23.7667      10.3253       1.7405      25.9934
     19.4507      30.3199       8.8972       1.2190       7.0282      17.5605
     19.5286      73.8407      30.2012       5.1407      42.9392      40.1824
     69.1143      37.3888      37.8006      34.8544      25.0066      19.4564
     49.1629      35.0993      49.7907      40.6991      44.3861      40.8900
     43.9461      66.2319      67.3415      50.1132      47.2989      51.4937
     34.9420      28.1509      32.5624      40.9376      28.5456      45.4556
     46.2536      46.9178      43.8268       1.9121      53.5569      69.5498
 'COUT_MAR_TELER'
      0.8447      15.2761      14.9067      28.4073      31.8776      27.0907
      0.7696       1.4178       1.3330      23.6351      22.1961      22.9539
     26.1095      22.0022      35.4439      36.0695      43.1378      48.8819
     47.2387      46.6880      43.7004      47.3625      36.9440      29.0699
     41.2452      37.7278      42.6467      46.5265      44.4954      44.8161
     59.5661      55.4422      59.6568      57.8713      46.4669      35.5812
     32.5014      23.5004      24.7834      41.0805      13.0095      33.9072
     59.2337      51.6685      41.5507       0.8714      19.9097      27.8560
     11.7090      27.6418      27.9700      31.3425      25.7853      36.0574
      1.6136      25.0288      29.5936      29.7591      13.3119      33.2385
     28.1013      28.3379      47.9299      43.1987      44.0756      35.8307
     46.0264      39.5766      36.0427      47.4970      45.9651      25.3547
     50.2375      34.5544      42.0732      51.6563      69.0736      53.6885
     51.2922      48.4583      45.5135      52.8462      47.0414      41.8932
     43.9856      49.5950      40.2410      40.2310      39.5835      38.4602
     39.1205      42.0191      44.0464      16.6677      41.5868      40.5162
 'COUT_MAR_RESER'
      0.0000       0.0000       0.0000       0.0000       0.0000       0.0000
      0.0000       0.0000       0.0000       0.0000       0.0000       0.0000
      0.0000       0.0000       0.0000       0.0000       0.0000       0.0000
      0.0000       0.0000       0.0000       0.0000       0.0000       0.0000
      0.0000       0.0000       0.0000       0.0000       0.0000       0.0000
      0.0000       0.0000       0.0000       0.0000       0.0000       0.0000
      0.0000       0.0000       0.0000       0.0000       0.0000       0.0000
      0.0000       0.0000       0.0000       0.0000       0.0000       0.0000
      0.0000       0.0000       0.0000       0.0000       0.0000       0.0000
      0.0000       0.0000       0.0000       0.0000       0.0000       0.0000
      0.0000       0.0000       0.0000       0.0000       0.0000       0.0000
      0.0000       0.0000       0.0000       0.0000       0.0000       0.0000
      0.0000       0.0000       0.0000       0.0000       0.0000       0.0000
      0.0000       0.0000       0.0000       0.0000       0.0000       0.0000
      0.0000       0.0000       0.0000       0.0000       0.0000       0.0000
      0.0000       0.0000       0.0000       0.0000       0.0000       0.0000
