netcdf case69 {

// global attributes:
		:SMS++_file_type = 1 ;
		:baseMVA = 10. ;

group: Block_0 {
  dimensions:
  	NumberElectricalGenerators = 1 ;
  	NumberNodes = 69 ;
  	NumberLines = 68 ;
  	TimeHorizon = 1 ;
  	NumberUnits = 1 ;
  variables:
  	string NetworkBlockClassname ;
  	uint GeneratorNode(NumberElectricalGenerators) ;
  	double ActivePowerDemand(NumberNodes, TimeHorizon) ;
  	double NodeConductance(NumberNodes) ;
  	double NodeSusceptance(NumberNodes) ;
  	double NodeMaxVoltage(NumberNodes) ;
  	double NodeMinVoltage(NumberNodes) ;
  	uint StartLine(NumberLines) ;
  	uint EndLine(NumberLines) ;
  	double LineResistance(NumberLines) ;
  	double LineReactance(NumberLines) ;
  	double LineSusceptance(NumberLines) ;
  	double LineRATEA(NumberLines) ;
  	double LineRatio(NumberLines) ;
  	double LineShiftAngle(NumberLines) ;
  	double LineMinAngle(NumberLines) ;
  	double LineMaxAngle(NumberLines) ;
  	double MinPowerFlow(NumberLines) ;
  	double MaxPowerFlow(NumberLines) ;

  // group attributes:
  		:type = "UCBlock" ;
  		:id = "0" ;
  data:

   NetworkBlockClassname = "ACNetworkBlock" ;

   GeneratorNode = 0 ;

   ActivePowerDemand =
  0,
  0,
  0,
  0,
  0,
  0.0026,
  0.0404,
  0.075,
  0.03,
  0.028,
  0.145,
  0.145,
  0.008,
  0.008,
  0,
  0.0455,
  0.06,
  0.06,
  0,
  0.001,
  0.114,
  0.0053,
  0,
  0.028,
  0,
  0.014,
  0.014,
  0.026,
  0.026,
  0,
  0,
  0,
  0.014,
  0.0195,
  0.006,
  0.026,
  0.026,
  0,
  0.024,
  0.024,
  0.0012,
  0,
  0.006,
  0,
  0.0392,
  0.0392,
  0,
  0.079,
  0.3847,
  0.3847,
  0.0405,
  0.0036,
  0.0043,
  0.0264,
  0.024,
  0,
  0,
  0,
  0.1,
  0,
  1.244,
  0.032,
  0,
  0.227,
  0.059,
  0.018,
  0.018,
  0.028,
  0.028 ;

   NodeConductance = 0, 0, 0, 0, 0, 0, 0, 0, 0, 0, 0, 0, 0, 0, 0, 0, 0, 0, 0, 
      0, 0, 0, 0, 0, 0, 0, 0, 0, 0, 0, 0, 0, 0, 0, 0, 0, 0, 0, 0, 0, 0, 0, 0, 
      0, 0, 0, 0, 0, 0, 0, 0, 0, 0, 0, 0, 0, 0, 0, 0, 0, 0, 0, 0, 0, 0, 0, 0, 
      0, 0 ;

   NodeSusceptance = 0, 0, 0, 0, 0, 0, 0, 0, 0, 0, 0, 0, 0, 0, 0, 0, 0, 0, 0, 
      0, 0, 0, 0, 0, 0, 0, 0, 0, 0, 0, 0, 0, 0, 0, 0, 0, 0, 0, 0, 0, 0, 0, 0, 
      0, 0, 0, 0, 0, 0, 0, 0, 0, 0, 0, 0, 0, 0, 0, 0, 0, 0, 0, 0, 0, 0, 0, 0, 
      0, 0 ;

   NodeMaxVoltage = 1, 1.1, 1.1, 1.1, 1.1, 1.1, 1.1, 1.1, 1.1, 1.1, 1.1, 1.1, 
      1.1, 1.1, 1.1, 1.1, 1.1, 1.1, 1.1, 1.1, 1.1, 1.1, 1.1, 1.1, 1.1, 1.1, 
      1.1, 1.1, 1.1, 1.1, 1.1, 1.1, 1.1, 1.1, 1.1, 1.1, 1.1, 1.1, 1.1, 1.1, 
      1.1, 1.1, 1.1, 1.1, 1.1, 1.1, 1.1, 1.1, 1.1, 1.1, 1.1, 1.1, 1.1, 1.1, 
      1.1, 1.1, 1.1, 1.1, 1.1, 1.1, 1.1, 1.1, 1.1, 1.1, 1.1, 1.1, 1.1, 1.1, 
      1.1 ;

   NodeMinVoltage = 1, 0.9, 0.9, 0.9, 0.9, 0.9, 0.9, 0.9, 0.9, 0.9, 0.9, 0.9, 
      0.9, 0.9, 0.9, 0.9, 0.9, 0.9, 0.9, 0.9, 0.9, 0.9, 0.9, 0.9, 0.9, 0.9, 
      0.9, 0.9, 0.9, 0.9, 0.9, 0.9, 0.9, 0.9, 0.9, 0.9, 0.9, 0.9, 0.9, 0.9, 
      0.9, 0.9, 0.9, 0.9, 0.9, 0.9, 0.9, 0.9, 0.9, 0.9, 0.9, 0.9, 0.9, 0.9, 
      0.9, 0.9, 0.9, 0.9, 0.9, 0.9, 0.9, 0.9, 0.9, 0.9, 0.9, 0.9, 0.9, 0.9, 
      0.9 ;

   StartLine = 0, 1, 2, 3, 4, 5, 6, 7, 8, 9, 10, 11, 12, 13, 14, 15, 16, 17, 
      18, 19, 20, 21, 22, 23, 24, 25, 2, 27, 28, 29, 30, 31, 32, 33, 2, 35, 
      36, 37, 38, 39, 40, 41, 42, 43, 44, 3, 46, 47, 48, 7, 50, 8, 52, 53, 
      54, 55, 56, 57, 58, 59, 60, 61, 62, 63, 10, 65, 11, 67 ;

   EndLine = 1, 2, 3, 4, 5, 6, 7, 8, 9, 10, 11, 12, 13, 14, 15, 16, 17, 18, 
      19, 20, 21, 22, 23, 24, 25, 26, 27, 28, 29, 30, 31, 32, 33, 34, 35, 36, 
      37, 38, 39, 40, 41, 42, 43, 44, 45, 46, 47, 48, 49, 50, 51, 52, 53, 54, 
      55, 56, 57, 58, 59, 60, 61, 62, 63, 64, 65, 66, 67, 68 ;

   LineResistance = 0.0005, 0.0005, 0.0015, 0.0251, 0.366, 0.381, 0.0922, 
      0.0493, 0.819, 0.1872, 0.7114, 1.03, 1.044, 1.058, 0.1966, 0.3744, 
      0.0047, 0.3276, 0.2106, 0.3416, 0.014, 0.1591, 0.3463, 0.7488, 0.3089, 
      0.1732, 0.0044, 0.064, 0.3978, 0.0702, 0.351, 0.839, 1.708, 1.474, 
      0.0044, 0.064, 0.1053, 0.0304, 0.0018, 0.7283, 0.31, 0.041, 0.0092, 
      0.1089, 0.0009, 0.0034, 0.0851, 0.2898, 0.0822, 0.0928, 0.3319, 0.174, 
      0.203, 0.2842, 0.2813, 1.59, 0.7837, 0.3042, 0.3861, 0.5075, 0.0974, 
      0.145, 0.7105, 1.041, 0.2012, 0.0047, 0.7394, 0.0047 ;

   LineReactance = 0.0012, 0.0012, 0.0036, 0.0294, 0.1864, 0.1941, 0.047, 
      0.0251, 0.2707, 0.0619, 0.2351, 0.34, 0.34, 0.3496, 0.065, 0.1238, 
      0.0016, 0.1083, 0.069, 0.1129, 0.0046, 0.0526, 0.1145, 0.2475, 0.1021, 
      0.0572, 0.0108, 0.1565, 0.1315, 0.0232, 0.116, 0.2816, 0.5646, 0.4873, 
      0.0108, 0.1565, 0.123, 0.0355, 0.0021, 0.8509, 0.3623, 0.0478, 0.0116, 
      0.1373, 0.0012, 0.0084, 0.2083, 0.7091, 0.2011, 0.0473, 0.114, 0.0886, 
      0.1034, 0.1447, 0.1433, 0.5337, 0.263, 0.1006, 0.1172, 0.2585, 0.0496, 
      0.0738, 0.3619, 0.5302, 0.0611, 0.0014, 0.2444, 0.0016 ;

   LineSusceptance = 0, 0, 0, 0, 0, 0, 0, 0, 0, 0, 0, 0, 0, 0, 0, 0, 0, 0, 0, 
      0, 0, 0, 0, 0, 0, 0, 0, 0, 0, 0, 0, 0, 0, 0, 0, 0, 0, 0, 0, 0, 0, 0, 0, 
      0, 0, 0, 0, 0, 0, 0, 0, 0, 0, 0, 0, 0, 0, 0, 0, 0, 0, 0, 0, 0, 0, 0, 0, 0 ;

   LineRATEA = 0, 0, 0, 0, 0, 0, 0, 0, 0, 0, 0, 0, 0, 0, 0, 0, 0, 0, 0, 0, 0, 
      0, 0, 0, 0, 0, 0, 0, 0, 0, 0, 0, 0, 0, 0, 0, 0, 0, 0, 0, 0, 0, 0, 0, 0, 
      0, 0, 0, 0, 0, 0, 0, 0, 0, 0, 0, 0, 0, 0, 0, 0, 0, 0, 0, 0, 0, 0, 0 ;

   LineRatio = 0, 0, 0, 0, 0, 0, 0, 0, 0, 0, 0, 0, 0, 0, 0, 0, 0, 0, 0, 0, 0, 
      0, 0, 0, 0, 0, 0, 0, 0, 0, 0, 0, 0, 0, 0, 0, 0, 0, 0, 0, 0, 0, 0, 0, 0, 
      0, 0, 0, 0, 0, 0, 0, 0, 0, 0, 0, 0, 0, 0, 0, 0, 0, 0, 0, 0, 0, 0, 0 ;

   LineShiftAngle = 0, 0, 0, 0, 0, 0, 0, 0, 0, 0, 0, 0, 0, 0, 0, 0, 0, 0, 0, 
      0, 0, 0, 0, 0, 0, 0, 0, 0, 0, 0, 0, 0, 0, 0, 0, 0, 0, 0, 0, 0, 0, 0, 0, 
      0, 0, 0, 0, 0, 0, 0, 0, 0, 0, 0, 0, 0, 0, 0, 0, 0, 0, 0, 0, 0, 0, 0, 0, 0 ;

   LineMinAngle = -360, -360, -360, -360, -360, -360, -360, -360, -360, -360, 
      -360, -360, -360, -360, -360, -360, -360, -360, -360, -360, -360, -360, 
      -360, -360, -360, -360, -360, -360, -360, -360, -360, -360, -360, -360, 
      -360, -360, -360, -360, -360, -360, -360, -360, -360, -360, -360, -360, 
      -360, -360, -360, -360, -360, -360, -360, -360, -360, -360, -360, -360, 
      -360, -360, -360, -360, -360, -360, -360, -360, -360, -360 ;

   LineMaxAngle = 360, 360, 360, 360, 360, 360, 360, 360, 360, 360, 360, 360, 
      360, 360, 360, 360, 360, 360, 360, 360, 360, 360, 360, 360, 360, 360, 
      360, 360, 360, 360, 360, 360, 360, 360, 360, 360, 360, 360, 360, 360, 
      360, 360, 360, 360, 360, 360, 360, 360, 360, 360, 360, 360, 360, 360, 
      360, 360, 360, 360, 360, 360, 360, 360, 360, 360, 360, 360, 360, 360 ;

   MinPowerFlow = -10000, -10000, -10000, -10000, -10000, -10000, -10000, 
      -10000, -10000, -10000, -10000, -10000, -10000, -10000, -10000, -10000, 
      -10000, -10000, -10000, -10000, -10000, -10000, -10000, -10000, -10000, 
      -10000, -10000, -10000, -10000, -10000, -10000, -10000, -10000, -10000, 
      -10000, -10000, -10000, -10000, -10000, -10000, -10000, -10000, -10000, 
      -10000, -10000, -10000, -10000, -10000, -10000, -10000, -10000, -10000, 
      -10000, -10000, -10000, -10000, -10000, -10000, -10000, -10000, -10000, 
      -10000, -10000, -10000, -10000, -10000, -10000, -10000 ;

   MaxPowerFlow = 10000, 10000, 10000, 10000, 10000, 10000, 10000, 10000, 
      10000, 10000, 10000, 10000, 10000, 10000, 10000, 10000, 10000, 10000, 
      10000, 10000, 10000, 10000, 10000, 10000, 10000, 10000, 10000, 10000, 
      10000, 10000, 10000, 10000, 10000, 10000, 10000, 10000, 10000, 10000, 
      10000, 10000, 10000, 10000, 10000, 10000, 10000, 10000, 10000, 10000, 
      10000, 10000, 10000, 10000, 10000, 10000, 10000, 10000, 10000, 10000, 
      10000, 10000, 10000, 10000, 10000, 10000, 10000, 10000, 10000, 10000 ;

  group: UnitBlock_0 {
    dimensions:
    	NumberCostCoeffs = 3 ;
    variables:
    	double InitialPower ;
    	double InitialReactivePower ;
    	double MaxReactivePower(TimeHorizon) ;
    	double MinReactivePower(TimeHorizon) ;
    	double VoltageMagnitude(TimeHorizon) ;
    	double MaxPower(TimeHorizon) ;
    	double MinPower(TimeHorizon) ;
    	uint CostModel ;
    	double StartupCost ;
    	double PowerCostCoeffs(NumberCostCoeffs) ;
    	double LinearTerm ;
    	double MinUpTime ;
    	double MinDownTime ;
    	double InitUpDownTime ;
    	double InertiaCommitment ;

    // group attributes:
    		:type = "ThermalUnitBlock" ;
    data:

     InitialPower = 0 ;

     InitialReactivePower = 0 ;

     MaxReactivePower = 10 ;

     MinReactivePower = -10 ;

     VoltageMagnitude = 1 ;

     MaxPower = 10 ;

     MinPower = 0 ;

     CostModel = 1 ;

     StartupCost = 0 ;

     PowerCostCoeffs = 0, 20, 0 ;

     LinearTerm = 1 ;

     MinUpTime = 1 ;

     MinDownTime = 1 ;

     InitUpDownTime = 1 ;

     InertiaCommitment = 1 ;
    } // group UnitBlock_0
  } // group Block_0
}
