'CONSO' '30/12/2010' '21:41' 
'11/01/2009' 
'CONSOMMATION' 
 7.34523423E+04 
 7.39351423E+04  7.23974975E+04  7.27522975E+04  7.28637790E+04  7.25578790E+04  7.11359790E+04 
 6.92903790E+04  6.81674790E+04  6.75194790E+04  6.73194790E+04  6.75074790E+04  6.76124790E+04 
 6.82872790E+04  6.82373790E+04  6.89793790E+04  6.92043790E+04  7.08492790E+04  7.11942790E+04 
 7.31833790E+04  7.44723790E+04  7.47751790E+04  7.50311790E+04  7.45113790E+04  7.37153790E+04 
 7.34003148E+04  7.47683148E+04  7.17639148E+04  6.99025990E+04  6.88661990E+04  6.68661990E+04 
 6.72104790E+04  6.64854790E+04  6.65685790E+04  6.69979790E+04  6.99059790E+04  7.27686790E+04 
 7.48258790E+04  7.65748790E+04  7.67101790E+04  7.63051543E+04  7.51393543E+04  7.45943543E+04 
 7.35405543E+04  7.26495543E+04  7.31060543E+04  7.48100975E+04  7.27817975E+04  7.23785259E+04 
 7.18914259E+04  7.01141790E+04  6.98657790E+04  7.00637790E+04  6.98945790E+04  6.85265790E+04 
 6.78546790E+04  6.70206790E+04  6.38632790E+04  6.42243790E+04  6.61063790E+04  6.76405790E+04 
 7.44692790E+04  7.71523975E+04  7.96770975E+04  8.19743333E+04  8.02301333E+04  7.99908333E+04 
 8.02045533E+04  8.03859270E+04  8.04187270E+04  8.00778270E+04  8.01971270E+04  8.00978270E+04 
 7.93728270E+04  8.02801271E+04  7.93252271E+04  7.89692271E+04  8.15533534E+04  8.00903534E+04 
 7.95537534E+04  7.89164534E+04  8.04774534E+04  8.07501534E+04  8.32090534E+04  8.52387534E+04 
 8.41756533E+04  8.58745533E+04  8.30595313E+04  8.15958313E+04  8.14167313E+04  7.99217313E+04 
 7.75514313E+04  7.60574270E+04  7.59468270E+04  7.75882270E+04  7.42498271E+04  7.36858271E+04 
'PRIMAIRE' 
 5.77798984E+02 
 5.67709011E+02  5.71479011E+02  5.74763984E+02  5.74763984E+02  5.76124019E+02  5.77624019E+02 
 5.79474019E+02  5.79859019E+02  5.80709019E+02  5.80709019E+02  5.80709019E+02  5.80709019E+02 
 5.69622135E+02  5.67022135E+02  5.63867128E+02  5.63867128E+02  5.53517091E+02  5.51667091E+02 
 5.50167091E+02  5.50167091E+02  5.38139088E+02  5.38139088E+02  5.36289088E+02  5.36989088E+02 
 5.38159061E+02  5.40759061E+02  5.44109061E+02  5.44494061E+02  5.55352091E+02  5.55352091E+02 
 5.55352091E+02  5.54317118E+02  5.54317118E+02  5.54317118E+02  5.36906384E+02  5.36491384E+02 
 5.31381384E+02  5.23561384E+02  5.23561384E+02  5.23561384E+02  5.46157118E+02  5.47957118E+02 
 5.48032118E+02  5.48032118E+02  5.70639011E+02  5.71673985E+02  5.72773984E+02  5.72773984E+02 
 5.62188975E+02  5.62188975E+02  5.62588975E+02  5.63624009E+02  5.63438975E+02  5.65288975E+02 
 5.65288975E+02  5.65288975E+02  5.65288975E+02  5.65288975E+02  5.65288975E+02  5.65288975E+02 
 5.47467118E+02  5.45377118E+02  5.45712091E+02  5.44612091E+02  5.42412091E+02  5.42412091E+02 
 5.43447125E+02  5.43032125E+02  5.32889095E+02  5.33924068E+02  5.33924068E+02  5.34624069E+02 
 5.34759069E+02  5.34759069E+02  5.34759069E+02  5.33724095E+02  5.48197126E+02  5.49297126E+02 
 5.49502091E+02  5.50002091E+02  5.48902091E+02  5.48902091E+02  5.29746392E+02  5.28786426E+02 
 5.25601425E+02  5.26403898E+02  5.26403898E+02  5.25368925E+02  5.42484625E+02  5.42724625E+02 
 5.46487125E+02  5.47587125E+02  5.62883982E+02  5.63526482E+02  5.65061516E+02  5.65061516E+02 
'TELEREGLAGE' 
 8.81750000E+02 
 8.18000000E+02  7.66250000E+02  7.66250000E+02  7.66250000E+02  7.66250000E+02  7.76250000E+02 
 7.24500000E+02  7.24500000E+02  7.24500000E+02  7.24500000E+02  7.24500000E+02  7.24500000E+02 
 7.24500000E+02  7.76250000E+02  7.76250000E+02  7.76250000E+02  7.76250000E+02  7.76250000E+02 
 7.66250000E+02  7.66250000E+02  7.66250000E+02  7.66250000E+02  7.66250000E+02  7.66250000E+02 
 7.66250000E+02  7.66250000E+02  7.24500000E+02  7.24500000E+02  7.24500000E+02  7.24500000E+02 
 7.24500000E+02  7.24500000E+02  7.24500000E+02  7.76250000E+02  7.76250000E+02  7.76250000E+02 
 7.76250000E+02  7.66250000E+02  7.66250000E+02  7.66250000E+02  7.66250000E+02  7.66250000E+02 
 7.66250000E+02  7.66250000E+02  7.66250000E+02  7.66250000E+02  7.76250000E+02  8.79750000E+02 
 7.24500000E+02  7.24500000E+02  7.24500000E+02  7.24500000E+02  7.24500000E+02  7.24500000E+02 
 7.24500000E+02  7.24500000E+02  7.24500000E+02  7.24500000E+02  7.24500000E+02  7.24500000E+02 
 7.14500000E+02  7.14500000E+02  7.14500000E+02  7.14500000E+02  7.14500000E+02  7.14500000E+02 
 7.66250000E+02  7.66250000E+02  7.66250000E+02  7.66250000E+02  7.66250000E+02  7.66250000E+02 
 7.66250000E+02  7.66250000E+02  7.66250000E+02  7.66250000E+02  7.66250000E+02  7.66250000E+02 
 7.66250000E+02  7.66250000E+02  7.66250000E+02  8.69750000E+02  8.69750000E+02  8.69750000E+02 
 8.69750000E+02  8.18000000E+02  7.66250000E+02  7.66250000E+02  7.66250000E+02  7.66250000E+02 
 7.66250000E+02  7.76250000E+02  7.76250000E+02  7.76250000E+02  7.76250000E+02  8.79750000E+02 
'RESERVE' 
 0.00000000E+00 
 0.00000000E+00  0.00000000E+00  0.00000000E+00  0.00000000E+00  0.00000000E+00  0.00000000E+00 
 0.00000000E+00  0.00000000E+00  0.00000000E+00  0.00000000E+00  0.00000000E+00  0.00000000E+00 
 0.00000000E+00  0.00000000E+00  0.00000000E+00  0.00000000E+00  0.00000000E+00  0.00000000E+00 
 0.00000000E+00  0.00000000E+00  0.00000000E+00  0.00000000E+00  0.00000000E+00  0.00000000E+00 
 0.00000000E+00  0.00000000E+00  0.00000000E+00  0.00000000E+00  0.00000000E+00  0.00000000E+00 
 0.00000000E+00  0.00000000E+00  0.00000000E+00  0.00000000E+00  0.00000000E+00  0.00000000E+00 
 0.00000000E+00  0.00000000E+00  0.00000000E+00  0.00000000E+00  0.00000000E+00  0.00000000E+00 
 0.00000000E+00  0.00000000E+00  0.00000000E+00  0.00000000E+00  0.00000000E+00  0.00000000E+00 
 0.00000000E+00  0.00000000E+00  0.00000000E+00  0.00000000E+00  0.00000000E+00  0.00000000E+00 
 0.00000000E+00  0.00000000E+00  0.00000000E+00  0.00000000E+00  0.00000000E+00  0.00000000E+00 
 0.00000000E+00  0.00000000E+00  0.00000000E+00  0.00000000E+00  0.00000000E+00  0.00000000E+00 
 0.00000000E+00  0.00000000E+00  0.00000000E+00  0.00000000E+00  0.00000000E+00  0.00000000E+00 
 0.00000000E+00  0.00000000E+00  0.00000000E+00  0.00000000E+00  0.00000000E+00  0.00000000E+00 
 0.00000000E+00  0.00000000E+00  0.00000000E+00  0.00000000E+00  0.00000000E+00  0.00000000E+00 
 0.00000000E+00  0.00000000E+00  0.00000000E+00  0.00000000E+00  0.00000000E+00  0.00000000E+00 
 0.00000000E+00  0.00000000E+00  0.00000000E+00  0.00000000E+00  0.00000000E+00  0.00000000E+00 
'COUT_MAR_CONSO' 
 7.58500977E+01 
 7.26946030E+01  6.35373001E+01  6.54841995E+01  6.80438995E+01  6.79487000E+01  6.14205017E+01 
 6.12885017E+01  5.68843002E+01  5.56864014E+01  5.04546013E+01  5.06797981E+01  5.12909012E+01 
 4.93871994E+01  4.59744987E+01  5.14905014E+01  5.50903015E+01  5.83296013E+01  5.99851990E+01 
 6.18848991E+01  6.44168015E+01  6.55460968E+01  6.65007019E+01  6.81968002E+01  6.53855972E+01 
 7.11724014E+01  7.36628036E+01  6.38409004E+01  5.69580002E+01  5.66216011E+01  3.37815018E+01 
 5.63334999E+01  1.76716003E+01  5.25388985E+01  3.49742012E+01  5.75551987E+01  6.37692986E+01 
 6.84774017E+01  7.70223007E+01  7.35877991E+01  7.29204025E+01  6.60224991E+01  6.39463997E+01 
 6.40233994E+01  5.80920982E+01  6.88086014E+01  7.55384979E+01  5.72634010E+01  6.04393997E+01 
 5.99197998E+01  5.35718002E+01  5.54496994E+01  5.54962997E+01  5.62064018E+01  5.07182007E+01 
 5.60976982E+01  5.78516006E+01 -1.47192307E+02  2.38295002E+01  5.59403000E+01  4.49626007E+01 
 6.18953018E+01  7.61518021E+01  8.26738968E+01  8.50943985E+01  8.07655029E+01  7.91575012E+01 
 8.13504028E+01  8.22906036E+01  8.33135986E+01  8.27771988E+01  8.10161972E+01  8.02297974E+01 
 7.79772034E+01  8.06289978E+01  7.79114990E+01  7.37832031E+01  8.51704025E+01  7.87854996E+01 
 7.86547012E+01  6.82091980E+01  8.19552994E+01  8.13211975E+01  8.73479004E+01  1.52169006E+02 
 8.67434006E+01  1.78276093E+02  8.73488998E+01  8.37867966E+01  8.26194992E+01  8.10112000E+01 
 7.85435028E+01  6.58207016E+01  6.77286987E+01  8.09437027E+01  6.12854996E+01  6.31869011E+01 
'COUT_MAR_RESER' 
 0.00000000E+00 
 0.00000000E+00  0.00000000E+00  0.00000000E+00  0.00000000E+00  0.00000000E+00  0.00000000E+00 
 0.00000000E+00  0.00000000E+00  0.00000000E+00  0.00000000E+00  0.00000000E+00  0.00000000E+00 
 0.00000000E+00  0.00000000E+00  0.00000000E+00  0.00000000E+00  0.00000000E+00  0.00000000E+00 
 0.00000000E+00  0.00000000E+00  0.00000000E+00  0.00000000E+00  0.00000000E+00  0.00000000E+00 
 0.00000000E+00  0.00000000E+00  0.00000000E+00  0.00000000E+00  0.00000000E+00  0.00000000E+00 
 0.00000000E+00  0.00000000E+00  0.00000000E+00  0.00000000E+00  0.00000000E+00  0.00000000E+00 
 0.00000000E+00  0.00000000E+00  0.00000000E+00  0.00000000E+00  0.00000000E+00  0.00000000E+00 
 0.00000000E+00  0.00000000E+00  0.00000000E+00  0.00000000E+00  0.00000000E+00  0.00000000E+00 
 0.00000000E+00  0.00000000E+00  0.00000000E+00  0.00000000E+00  0.00000000E+00  0.00000000E+00 
 0.00000000E+00  0.00000000E+00  0.00000000E+00  0.00000000E+00  0.00000000E+00  0.00000000E+00 
 0.00000000E+00  0.00000000E+00  0.00000000E+00  0.00000000E+00  0.00000000E+00  0.00000000E+00 
 0.00000000E+00  0.00000000E+00  0.00000000E+00  0.00000000E+00  0.00000000E+00  0.00000000E+00 
 0.00000000E+00  0.00000000E+00  0.00000000E+00  0.00000000E+00  0.00000000E+00  0.00000000E+00 
 0.00000000E+00  0.00000000E+00  0.00000000E+00  0.00000000E+00  0.00000000E+00  0.00000000E+00 
 0.00000000E+00  0.00000000E+00  0.00000000E+00  0.00000000E+00  0.00000000E+00  0.00000000E+00 
 0.00000000E+00  0.00000000E+00  0.00000000E+00  0.00000000E+00  0.00000000E+00  0.00000000E+00 
'COUT_MAR_PRIMAIRE' 
 1.20270004E+01 
 2.18768997E+01  7.91458969E+01  6.03678017E+01  1.88202000E+01  4.14089012E+01  6.17901001E+01 
 5.22023010E+01  3.51900005E+00  1.39146996E+01  1.67814007E+01  5.68549004E+01  4.62218018E+01 
 4.16493988E+01  4.25298996E+01  2.90191994E+01  5.13033981E+01  3.56200981E+01  4.60749016E+01 
 5.17867012E+01  3.91878014E+01  1.44602003E+01  5.52059984E+00  7.80679989E+00  9.85359955E+00 
 4.88889980E+00  2.24329996E+00  1.09476004E+01  6.95469999E+00  2.51222992E+01  1.34749997E+00 
 1.07098999E+01  8.16349983E+00  1.08270001E+00  1.83210003E+00  2.08889999E+01  1.55304003E+01 
 3.17849994E+00  6.63380003E+00  7.71910000E+00  5.53579998E+00  3.39062996E+01  4.08833008E+01 
 4.18698997E+01  7.89072037E+01  5.18666992E+01  2.75300002E+00  4.27913017E+01  3.52243996E+01 
 5.09611015E+01  6.06394005E+01  5.79542007E+01  5.83720016E+01  5.67949982E+01  1.11637001E+01 
 6.51370001E+00  4.85055008E+01  2.59610009E+00  3.76410007E+00  8.07670021E+00  3.75703011E+01 
 6.50855026E+01  3.42276993E+01  1.69099998E+00  6.15590000E+00  3.21264992E+01  5.08423996E+01 
 2.69262009E+01  3.09477997E+01  1.19863005E+01  6.97569990E+00  2.10461998E+01  2.25062008E+01 
 6.11971016E+01  9.97080040E+00  5.42424011E+01  7.43423996E+01  2.99070001E+00  3.53232002E+01 
 5.42111015E+01  9.56816025E+01  3.94613991E+01  3.14447994E+01  5.18219995E+00  4.13599998E-01 
 5.81869984E+00  2.39089990E+00  5.98479986E+00  2.32602005E+01  3.92218018E+01  6.96867981E+01 
 6.59529037E+01  5.85910988E+01  7.24533005E+01  2.22709990E+00  4.69416008E+01  5.07528992E+01 
'COUT_MAR_TELER' 
 4.27430000E+01 
 1.64388008E+01  3.35303993E+01  3.04022007E+01  2.96313000E+01  2.74706993E+01  3.81080017E+01 
 4.12271996E+01  4.98465004E+01  5.19614983E+01  6.03773994E+01  5.20806007E+01  5.52057991E+01 
 6.04524002E+01  6.28839989E+01  5.88734016E+01  4.88325005E+01  4.60415993E+01  4.21371994E+01 
 3.82771988E+01  2.70806007E+01  2.96392994E+01  3.19515991E+01  1.57320004E+01  2.89094009E+01 
 2.49000001E+00  7.98530006E+00  3.07731991E+01  5.05657005E+01  4.08849983E+01  7.24294968E+01 
 2.71746998E+01  1.04715797E+02  4.94935989E+01  6.40792999E+01  4.75867004E+01  3.54239998E+01 
 2.93293991E+01  1.99800003E+00  1.03255997E+01  7.72819996E+00  2.33132000E+01  3.16420002E+01 
 3.43274994E+01  4.45639992E+01  1.12040005E+01  6.18340015E+00  4.13026009E+01  3.30533981E+01 
 3.35704002E+01  4.49912987E+01  5.38843994E+01  5.76833992E+01  4.03785019E+01  5.10070992E+01 
 3.19125996E+01  4.23517990E+01  4.40899998E-01  7.39600003E-01  5.49361000E+01  6.55503006E+01 
 4.82683983E+01  3.16620007E+01  7.10050011E+00  5.18090010E+00  1.75956001E+01  1.48016005E+01 
 1.00523996E+01  5.86099982E-01  4.64130020E+00  4.87060022E+00  1.06330996E+01  1.23175001E+01 
 1.59460001E+01  1.75007000E+01  1.16843004E+01  3.67350998E+01  7.97480011E+00  2.29174004E+01 
 1.77159996E+01  5.99393997E+01  6.01800013E+00  1.15506001E+01  2.81110001E+00  1.37201004E+01 
 2.23000002E+00  3.08249998E+00  3.09279990E+00  9.08250046E+00  9.91989994E+00  1.55130005E+00 
 1.13289003E+01  3.16599007E+01  2.63537006E+01  7.29899979E+00  4.10415001E+01  4.81341019E+01 
'FIN' 
