'GROUPES' '30/12/2010' '21:41' 
'BLAYAT 1' 
'N'  2.50000000E+01 'BLAY001' 2 2  4.32500000E+02  5.00000000E+01  5.00000000E+01  5.00000000E+01  1.80000000E+01  1.80000000E+01  1.80000000E+01 
 0.00000000E+00  6.90000010E+00  0.00000000E+00 
'L'  0.00000000E+00  0.00000000E+00  6.00000000E+01  0.00000000E+00 
 3.00000000E+00  3.00000000E+01 1440 1440 120 
5 
 2.00000000E+02  4.50000000E+02  6.00000000E+02  7.50000000E+02  9.25000000E+02 
'BLAYAT 2' 
'N'  2.50000000E+01 'BLAY002' 2 2  4.49000000E+02  5.00000000E+01  5.00000000E+01  5.00000000E+01  1.80000000E+01  1.80000000E+01  1.80000000E+01 
 0.00000000E+00  7.93999767E+00  0.00000000E+00 
'L'  0.00000000E+00  0.00000000E+00  6.00000000E+01  0.00000000E+00 
 3.00000000E+00  3.00000000E+01 1440 1440 120 
5 
 1.86000000E+02  4.50000000E+02  6.00000000E+02  7.50000000E+02  9.58000000E+02 
'BLAYAT 3' 
'N'  2.50000000E+01 'BLAY003' 2 2  4.43500000E+02  1.00000000E-06  1.00000000E-06  1.00000000E-06  1.80000000E+01  1.80000000E+01  1.80000000E+01 
 0.00000000E+00  6.90000010E+00  0.00000000E+00 
'L'  0.00000000E+00  0.00000000E+00  6.00000000E+01  0.00000000E+00 
 1.50000000E+01  3.00000000E+01 1440 1440 120 
5 
 2.30000000E+02  4.50000000E+02  6.00000000E+02  7.50000000E+02  9.47000000E+02 
'BLAYAT 4' 
'N'  2.50000000E+01 'BLAY004' 2 2  4.28500000E+02  5.00000000E+01  5.00000000E+01  5.00000000E+01  1.80000000E+01  1.80000000E+01  1.80000000E+01 
 0.00000000E+00  7.92000008E+00  0.00000000E+00 
'L'  0.00000000E+00  0.00000000E+00  6.00000000E+01  0.00000000E+00 
 5.00000000E+00  3.00000000E+01 1440 1440 120 
5 
 1.80000000E+02  4.50000000E+02  6.00000000E+02  7.50000000E+02  9.17000000E+02 
'BUGEYT 2' 
'N'  2.50000000E+01 'BUGE005' 2 2  4.25500000E+02  3.50000000E+01  3.50000000E+01  3.50000000E+01  1.80000000E+01  1.80000000E+01  1.80000000E+01 
 0.00000000E+00  8.52000046E+00  0.00000000E+00 
'L'  0.00000000E+00  0.00000000E+00  6.00000000E+01  0.00000000E+00 
 7.00000000E+00  3.00000000E+01 1440 1440 120 
5 
 2.20000000E+02  4.50000000E+02  6.00000000E+02  7.50000000E+02  9.11000000E+02 
'BUGEYT 3' 
'N'  2.50000000E+01 'BUGE006' 2 2  4.24500000E+02  3.50000000E+01  3.50000000E+01  3.50000000E+01  1.80000000E+01  1.80000000E+01  1.80000000E+01 
 0.00000000E+00  8.11000252E+00  0.00000000E+00 
'L'  0.00000000E+00  0.00000000E+00  6.00000000E+01  0.00000000E+00 
 2.00000000E+00  3.00000000E+01 1440 1440 120 
5 
 2.20000000E+02  4.50000000E+02  6.00000000E+02  7.50000000E+02  9.09000000E+02 
'BUGEYT 4' 
'N'  2.50000000E+01 'BUGE007' 2 2  4.11000000E+02  3.50000000E+01  3.50000000E+01  3.50000000E+01  1.80000000E+01  1.80000000E+01  1.80000000E+01 
 0.00000000E+00  8.08999825E+00  0.00000000E+00 
'L'  0.00000000E+00  0.00000000E+00  6.00000000E+01  0.00000000E+00 
 5.00000000E+00  3.00000000E+01 1440 1440 120 
5 
 2.10000000E+02  4.50000000E+02  6.00000000E+02  7.50000000E+02  8.82000000E+02 
'BUGEYT 5' 
'N'  2.50000000E+01 'BUGE008' 2 2  4.09000000E+02  3.50000000E+01  3.50000000E+01  3.50000000E+01  1.80000000E+01  1.80000000E+01  1.80000000E+01 
 0.00000000E+00  8.13000011E+00  0.00000000E+00 
'L'  0.00000000E+00  0.00000000E+00  6.00000000E+01  0.00000000E+00 
 6.00000000E+00  3.00000000E+01 1440 1440 120 
5 
 2.10000000E+02  4.50000000E+02  6.00000000E+02  7.50000000E+02  8.90000000E+02 
'BVIL7T 1' 
'N'  2.50000000E+01 'BVIL009' 2 2  0.00000000E+00  7.00000000E+01  7.00000000E+01  7.00000000E+01  2.70000000E+01  2.70000000E+01  2.70000000E+01 
 0.00000000E+00  7.35000038E+00  0.00000000E+00 
'L'  0.00000000E+00  0.00000000E+00  6.00000000E+01  0.00000000E+00 
 4.00000000E+01  4.00000000E+01 1440 1440 120 
6 
 2.60000000E+02  4.50000000E+02  6.00000000E+02  8.00000000E+02  1.00000000E+03  1.31400000E+03 
'BVIL7T 2' 
'N'  2.50000000E+01 'BVIL010' 2 2  0.00000000E+00  7.00000000E+01  7.00000000E+01  7.00000000E+01  2.70000000E+01  2.70000000E+01  2.70000000E+01 
 0.00000000E+00  7.42999792E+00  0.00000000E+00 
'L'  0.00000000E+00  0.00000000E+00  6.00000000E+01  0.00000000E+00 
 4.00000000E+01  4.00000000E+01 1440 1440 120 
2 
 1.12100000E+03  1.31500000E+03 
'CATTET 1' 
'N'  2.50000000E+01 'CATT011' 2 2  0.00000000E+00  7.00000000E+01  7.00000000E+01  7.00000000E+01  2.70000000E+01  2.70000000E+01  2.70000000E+01 
 0.00000000E+00  7.35000038E+00  0.00000000E+00 
'L'  0.00000000E+00  0.00000000E+00  6.00000000E+01  0.00000000E+00 
 4.00000000E+01  4.00000000E+01 1440 1440 120 
6 
 3.10000000E+02  4.50000000E+02  6.00000000E+02  8.00000000E+02  1.00000000E+03  1.20400000E+03 
'CATTET 2' 
'N'  2.50000000E+01 'CATT012' 2 2  0.00000000E+00  7.00000000E+01  7.00000000E+01  7.00000000E+01  2.70000000E+01  2.70000000E+01  2.70000000E+01 
 0.00000000E+00  8.41999817E+00  0.00000000E+00 
'L'  0.00000000E+00  0.00000000E+00  6.00000000E+01  0.00000000E+00 
 4.00000000E+01  4.00000000E+01 1440 1440 120 
6 
 2.60000000E+02  4.50000000E+02  6.00000000E+02  8.00000000E+02  1.00000000E+03  1.30600000E+03 
'CATTET 3' 
'N'  2.50000000E+01 'CATT013' 2 2  0.00000000E+00  7.00000000E+01  7.00000000E+01  7.00000000E+01  2.70000000E+01  2.70000000E+01  2.70000000E+01 
 0.00000000E+00  8.29999828E+00  0.00000000E+00 
'L'  0.00000000E+00  0.00000000E+00  6.00000000E+01  0.00000000E+00 
 2.50000000E+01  2.50000000E+01 1440 1440 120 
6 
 3.50000000E+02  4.50000000E+02  6.00000000E+02  8.00000000E+02  1.00000000E+03  1.29500000E+03 
'CATTET 4' 
'N'  2.50000000E+01 'CATT014' 2 2  0.00000000E+00  7.00000000E+01  7.00000000E+01  7.00000000E+01  2.70000000E+01  2.70000000E+01  2.70000000E+01 
 0.00000000E+00  2.11000023E+01  0.00000000E+00 
'L'  0.00000000E+00  0.00000000E+00  6.00000000E+01  0.00000000E+00 
 4.00000000E+01  4.00000000E+01 1440 1440 120 
6 
 2.60000000E+02  4.50000000E+02  6.00000000E+02  8.00000000E+02  1.00000000E+03  1.30700000E+03 
'CHIN2T 1' 
'N'  2.50000000E+01 'CHIN015' 2 2  4.15000000E+02  5.00000000E+01  5.00000000E+01  5.00000000E+01  1.80000000E+01  1.80000000E+01  1.80000000E+01 
 0.00000000E+00  6.90000010E+00  0.00000000E+00 
'L'  0.00000000E+00  0.00000000E+00  6.00000000E+01  0.00000000E+00 
 3.00000000E+01  3.00000000E+01 1440 1440 120 
5 
 1.76000000E+02  4.50000000E+02  6.00000000E+02  7.50000000E+02  8.90000000E+02 
'CHIN2T 2' 
'N'  2.50000000E+01 'CHIN016' 2 2  4.22500000E+02  5.00000000E+01  5.00000000E+01  5.00000000E+01  1.80000000E+01  1.80000000E+01  1.80000000E+01 
 0.00000000E+00  6.90000010E+00  0.00000000E+00 
'L'  0.00000000E+00  0.00000000E+00  6.00000000E+01  0.00000000E+00 
 3.00000000E+01  3.00000000E+01 1440 1440 120 
5 
 1.76000000E+02  4.50000000E+02  6.00000000E+02  7.50000000E+02  9.05000000E+02 
'CHIN2T 3' 
'N'  2.50000000E+01 'CHIN017' 2 2  4.03000000E+02  5.00000000E+01  1.00000000E+01  5.00000000E+01  1.80000000E+01  1.80000000E+01  1.80000000E+01 
 0.00000000E+00  7.83999586E+00  0.00000000E+00 
'L'  0.00000000E+00  0.00000000E+00  6.00000000E+01  0.00000000E+00 
 3.00000000E+01  3.00000000E+01 1440 1440 120 
5 
 1.76000000E+02  4.50000000E+02  6.00000000E+02  7.50000000E+02  8.66000000E+02 
'CHIN2T 4' 
'N'  2.50000000E+01 'CHIN018' 2 2  4.26000000E+02  5.00000000E+01  5.00000000E+01  5.00000000E+01  1.80000000E+01  1.80000000E+01  1.80000000E+01 
 0.00000000E+00  7.77999592E+00  0.00000000E+00 
'L'  0.00000000E+00  0.00000000E+00  6.00000000E+01  0.00000000E+00 
 3.00000000E+01  3.00000000E+01 1440 1440 120 
5 
 1.76000000E+02  4.50000000E+02  6.00000000E+02  7.50000000E+02  9.12000000E+02 
'CHOO2T 1' 
'N'  2.50000000E+01 'CHOO019' 2 2  0.00000000E+00  1.00000000E-06  1.00000000E-06  1.00000000E-06  3.00000000E+01  3.00000000E+01  3.00000000E+01 
 0.00000000E+00  6.90000010E+00  0.00000000E+00 
'L'  0.00000000E+00  0.00000000E+00  6.00000000E+01  0.00000000E+00 
 4.00000000E+01  4.00000000E+01 1440 1440 120 
6 
 3.75000000E+02  4.50000000E+02  6.00000000E+02  8.00000000E+02  1.00000000E+03  1.50000000E+03 
'CHOO2T 2' 
'N'  2.50000000E+01 'CHOO020' 2 2  0.00000000E+00  1.00000000E-06  1.00000000E-06  1.00000000E-06  3.00000000E+01  3.00000000E+01  3.00000000E+01 
 0.00000000E+00  7.05000019E+00  0.00000000E+00 
'L'  0.00000000E+00  0.00000000E+00  6.00000000E+01  0.00000000E+00 
 2.00000000E+00  3.00000000E+01 1440 1440 120 
6 
 3.75000000E+02  4.50000000E+02  6.00000000E+02  8.00000000E+02  1.00000000E+03  1.50000000E+03 
'CIVAUT 1' 
'N'  2.50000000E+01 'CIVA021' 2 2  0.00000000E+00  1.00000000E-06  1.00000000E-06  1.00000000E-06  3.00000000E+01  3.00000000E+01  3.00000000E+01 
 0.00000000E+00  7.02999592E+00  0.00000000E+00 
'L'  0.00000000E+00  0.00000000E+00  6.00000000E+01  0.00000000E+00 
 5.00000000E+00  3.00000000E+01 1440 1440 120 
2 
 1.36000000E+03  1.42000000E+03 
'CIVAUT 2' 
'N'  2.50000000E+01 'CIVA022' 2 2  0.00000000E+00  1.00000000E-06  1.00000000E-06  1.00000000E-06  3.00000000E+01  3.00000000E+01  3.00000000E+01 
 0.00000000E+00  8.57999992E+00  0.00000000E+00 
'L'  0.00000000E+00  0.00000000E+00  6.00000000E+01  0.00000000E+00 
 8.00000000E+00  3.00000000E+01 1440 1440 120 
4 
 7.50000000E+02  8.00000000E+02  1.00000000E+03  1.51400000E+03 
'CRUA5T 1' 
'N'  2.50000000E+01 'CRUA023' 2 2  4.17500000E+02  4.00000000E+01  4.00000000E+01  4.00000000E+01  1.80000000E+01  1.80000000E+01  1.80000000E+01 
 0.00000000E+00  6.90000010E+00  0.00000000E+00 
'L'  0.00000000E+00  0.00000000E+00  6.00000000E+01  0.00000000E+00 
 3.00000000E+01  3.00000000E+01 1440 2160 120 
6 
 1.83000000E+02  4.50000000E+02  6.00000000E+02  7.50000000E+02  8.12000000E+02  9.20000000E+02 
'CRUA5T 2' 
'N'  2.50000000E+01 'CRUA024' 2 2  4.15000000E+02  3.00000000E+01  3.00000000E+01  3.00000000E+01  1.80000000E+01  1.80000000E+01  1.80000000E+01 
 0.00000000E+00  6.90000010E+00  0.00000000E+00 
'L'  0.00000000E+00  0.00000000E+00  6.00000000E+01  0.00000000E+00 
 3.00000000E+01  3.00000000E+01 1440 2160 120 
5 
 1.83000000E+02  4.50000000E+02  6.00000000E+02  7.50000000E+02  9.20000000E+02 
'CRUA5T 3' 
'N'  2.50000000E+01 'CRUA025' 2 2  4.14000000E+02  3.00000000E+01  3.00000000E+01  3.00000000E+01  1.80000000E+01  1.80000000E+01  1.80000000E+01 
 0.00000000E+00  6.90000010E+00  0.00000000E+00 
'L'  0.00000000E+00  0.00000000E+00  6.00000000E+01  0.00000000E+00 
 3.00000000E+01  3.00000000E+01 1440 2160 120 
5 
 1.83000000E+02  4.50000000E+02  6.00000000E+02  7.50000000E+02  8.88000000E+02 
'CRUA5T 4' 
'N'  2.50000000E+01 'CRUA026' 2 2  4.24000000E+02  5.00000000E+01  5.00000000E+01  5.00000000E+01  1.80000000E+01  1.80000000E+01  1.80000000E+01 
 0.00000000E+00  6.90000010E+00  0.00000000E+00 
'L'  0.00000000E+00  0.00000000E+00  6.00000000E+01  0.00000000E+00 
 3.00000000E+01  3.00000000E+01 1440 2160 120 
5 
 1.83000000E+02  4.50000000E+02  6.00000000E+02  7.50000000E+02  9.08000000E+02 
'D.BURT 1' 
'N'  2.50000000E+01 'D.BU027' 2 2  4.08500000E+02  5.00000000E+01  5.00000000E+01  5.00000000E+01  1.80000000E+01  1.80000000E+01  1.80000000E+01 
 0.00000000E+00  8.46000004E+00  0.00000000E+00 
'L'  0.00000000E+00  0.00000000E+00  6.00000000E+01  0.00000000E+00 
 3.00000000E+01  3.00000000E+01 1440 1440 120 
5 
 1.80000000E+02  4.50000000E+02  6.00000000E+02  7.50000000E+02  8.87000000E+02 
'D.BURT 2' 
'N'  2.50000000E+01 'D.BU028' 2 2  4.15500000E+02  5.00000000E+01  5.00000000E+01  5.00000000E+01  1.80000000E+01  1.80000000E+01  1.80000000E+01 
 0.00000000E+00  7.89999580E+00  0.00000000E+00 
'L'  0.00000000E+00  0.00000000E+00  6.00000000E+01  0.00000000E+00 
 3.00000000E+01  3.00000000E+01 1440 1440 120 
5 
 1.80000000E+02  4.50000000E+02  6.00000000E+02  7.73000000E+02  8.91000000E+02 
'D.BURT 3' 
'N'  2.50000000E+01 'D.BU029' 2 2  4.15000000E+02  5.00000000E+01  5.00000000E+01  5.00000000E+01  1.80000000E+01  1.80000000E+01  1.80000000E+01 
 0.00000000E+00  8.38000202E+00  0.00000000E+00 
'L'  0.00000000E+00  0.00000000E+00  6.00000000E+01  0.00000000E+00 
 3.00000000E+01  3.00000000E+01 1440 1440 120 
5 
 1.80000000E+02  4.50000000E+02  6.00000000E+02  7.50000000E+02  9.18000000E+02 
'D.BURT 4' 
'N'  2.50000000E+01 'D.BU030' 2 2  4.15000000E+02  5.00000000E+01  5.00000000E+01  5.00000000E+01  1.80000000E+01  1.80000000E+01  1.80000000E+01 
 0.00000000E+00  6.90000010E+00  0.00000000E+00 
'L'  0.00000000E+00  0.00000000E+00  6.00000000E+01  0.00000000E+00 
 3.00000000E+01  3.00000000E+01 2880 1440 120 
5 
 1.80000000E+02  4.50000000E+02  6.00000000E+02  7.50000000E+02  8.90000000E+02 
'FESS5T 1' 
'N'  2.50000000E+01 'FESS031' 2 2  4.10000000E+02  3.00000000E+01  3.00000000E+01  3.00000000E+01  1.80000000E+01  1.80000000E+01  1.80000000E+01 
 0.00000000E+00  6.90000010E+00  0.00000000E+00 
'L'  0.00000000E+00  0.00000000E+00  6.00000000E+01  0.00000000E+00 
 1.40000000E+01  1.50000000E+01 1440 1440 120 
5 
 1.80000000E+02  4.50000000E+02  6.00000000E+02  7.50000000E+02  8.80000000E+02 
'FESS5T 2' 
'N'  2.50000000E+01 'FESS032' 2 2  4.05500000E+02  3.00000000E+01  3.00000000E+01  3.00000000E+01  1.80000000E+01  1.80000000E+01  1.80000000E+01 
 0.00000000E+00  6.90000010E+00  0.00000000E+00 
'L'  0.00000000E+00  0.00000000E+00  6.00000000E+01  0.00000000E+00 
 5.00000000E+00  1.50000000E+01 1440 1440 120 
5 
 1.80000000E+02  4.50000000E+02  6.00000000E+02  7.50000000E+02  8.71000000E+02 
'FLAMAT 1' 
'N'  2.50000000E+01 'FLAM033' 2 2  0.00000000E+00  7.00000000E+01  7.00000000E+01  7.00000000E+01  2.70000000E+01  2.70000000E+01  2.70000000E+01 
 0.00000000E+00  6.90000010E+00  0.00000000E+00 
'L'  0.00000000E+00  0.00000000E+00  6.00000000E+01  0.00000000E+00 
 4.00000000E+01  4.00000000E+01 1440 2940 120 
6 
 2.60000000E+02  4.50000000E+02  6.00000000E+02  8.00000000E+02  1.00000000E+03  1.31000000E+03 
'FLAMAT 2' 
'N'  2.50000000E+01 'FLAM034' 2 2  0.00000000E+00  7.00000000E+01  7.00000000E+01  7.00000000E+01  2.70000000E+01  2.70000000E+01  2.70000000E+01 
 0.00000000E+00  8.56000137E+00  0.00000000E+00 
'L'  0.00000000E+00  0.00000000E+00  6.00000000E+01  0.00000000E+00 
 4.00000000E+01  4.00000000E+01 1440 2940 120 
6 
 2.60000000E+02  4.50000000E+02  6.00000000E+02  8.00000000E+02  1.00000000E+03  1.33000000E+03 
'GOLF5T 1' 
'N'  2.50000000E+01 'GOLF035' 2 2  0.00000000E+00  7.00000000E+01  7.00000000E+01  7.00000000E+01  2.70000000E+01  2.70000000E+01  2.70000000E+01 
 0.00000000E+00  7.39000225E+00  0.00000000E+00 
'L'  0.00000000E+00  0.00000000E+00  6.00000000E+01  0.00000000E+00 
 4.00000000E+01  4.00000000E+01 1440 1440 120 
6 
 2.60000000E+02  4.50000000E+02  6.00000000E+02  8.00000000E+02  1.00000000E+03  1.31000000E+03 
'GOLF5T 2' 
'N'  2.50000000E+01 'GOLF036' 2 2  0.00000000E+00  7.00000000E+01  7.00000000E+01  7.00000000E+01  2.70000000E+01  2.70000000E+01  2.70000000E+01 
 0.00000000E+00  2.32000008E+01  0.00000000E+00 
'L'  0.00000000E+00  0.00000000E+00  6.00000000E+01  0.00000000E+00 
 4.00000000E+01  4.00000000E+01 1440 1440 120 
2 
 1.23600000E+03  1.29000000E+03 
'GRAV5T 1' 
'N'  2.50000000E+01 'GRAV037' 2 2  4.18000000E+02  5.00000000E+01  5.00000000E+01  5.00000000E+01  1.80000000E+01  1.80000000E+01  1.80000000E+01 
 0.00000000E+00  1.77999897E+01  0.00000000E+00 
'L'  0.00000000E+00  0.00000000E+00  6.00000000E+01  0.00000000E+00 
 3.00000000E+01  3.00000000E+01 1440 1440 120 
5 
 2.50000000E+02  4.50000000E+02  6.00000000E+02  7.50000000E+02  9.05000000E+02 
'GRAV5T 2' 
'N'  2.50000000E+01 'GRAV038' 2 2  4.23500000E+02  5.00000000E+01  5.00000000E+01  5.00000000E+01  1.80000000E+01  1.80000000E+01  1.80000000E+01 
 0.00000000E+00  8.34000015E+00  0.00000000E+00 
'L'  0.00000000E+00  0.00000000E+00  6.00000000E+01  0.00000000E+00 
 3.00000000E+01  3.00000000E+01 1440 1440 120 
4 
 1.84000000E+02  6.00000000E+02  7.60000000E+02  8.78000000E+02 
'GRAV5T 3' 
'N'  2.50000000E+01 'GRAV039' 2 2  4.17500000E+02  5.00000000E+01  5.00000000E+01  5.00000000E+01  1.80000000E+01  1.80000000E+01  1.80000000E+01 
 0.00000000E+00  7.81999826E+00  0.00000000E+00 
'L'  0.00000000E+00  0.00000000E+00  6.00000000E+01  0.00000000E+00 
 2.00000000E+00  3.00000000E+01 1440 1440 120 
5 
 1.84000000E+02  4.50000000E+02  6.00000000E+02  7.50000000E+02  8.95000000E+02 
'GRAV5T 4' 
'N'  2.50000000E+01 'GRAV040' 2 2  4.23500000E+02  5.00000000E+01  5.00000000E+01  5.00000000E+01  1.80000000E+01  1.80000000E+01  1.80000000E+01 
 0.00000000E+00  8.31999588E+00  0.00000000E+00 
'L'  0.00000000E+00  0.00000000E+00  6.00000000E+01  0.00000000E+00 
 3.00000000E+01  3.00000000E+01 1440 1440 120 
5 
 1.84000000E+02  4.50000000E+02  6.00000000E+02  7.89000000E+02  9.07000000E+02 
'GRAV5T 5' 
'N'  2.50000000E+01 'GRAV041' 2 2  4.27000000E+02  5.00000000E+01  5.00000000E+01  5.00000000E+01  1.80000000E+01  1.80000000E+01  1.80000000E+01 
 0.00000000E+00  8.53999805E+00  0.00000000E+00 
'L'  0.00000000E+00  0.00000000E+00  6.00000000E+01  0.00000000E+00 
 1.00000000E+01  3.00000000E+01 1440 1440 120 
5 
 1.84000000E+02  4.50000000E+02  6.00000000E+02  7.99000000E+02  9.17000000E+02 
'GRAV5T 6' 
'N'  2.50000000E+01 'GRAV042' 2 2  4.36000000E+02  5.00000000E+01  5.00000000E+01  5.00000000E+01  1.80000000E+01  1.80000000E+01  1.80000000E+01 
 0.00000000E+00  6.90000010E+00  0.00000000E+00 
'L'  0.00000000E+00  0.00000000E+00  6.00000000E+01  0.00000000E+00 
 3.00000000E+01  3.00000000E+01 1440 1440 120 
5 
 1.84000000E+02  4.50000000E+02  6.00000000E+02  7.50000000E+02  9.32000000E+02 
'N.SE5T 1' 
'N'  2.50000000E+01 'N.SE043' 2 2  0.00000000E+00  7.00000000E+01  7.00000000E+01  7.00000000E+01  2.70000000E+01  2.70000000E+01  2.70000000E+01 
 0.00000000E+00  6.90000010E+00  0.00000000E+00 
'L'  0.00000000E+00  0.00000000E+00  6.00000000E+01  0.00000000E+00 
 4.00000000E+01  4.00000000E+01 1440 1440 120 
6 
 2.60000000E+02  4.50000000E+02  6.00000000E+02  8.00000000E+02  1.00000000E+03  1.30800000E+03 
'N.SE5T 2' 
'N'  2.50000000E+01 'N.SE044' 2 2  0.00000000E+00  7.00000000E+01  7.00000000E+01  7.00000000E+01  2.70000000E+01  2.70000000E+01  2.70000000E+01 
 0.00000000E+00  8.59999847E+00  0.00000000E+00 
'L'  0.00000000E+00  0.00000000E+00  6.00000000E+01  0.00000000E+00 
 4.00000000E+01  4.00000000E+01 1440 1440 120 
6 
 2.60000000E+02  4.50000000E+02  6.00000000E+02  8.00000000E+02  1.00000000E+03  1.30800000E+03 
'PALUET 1' 
'N'  2.50000000E+01 'PALU045' 2 2  0.00000000E+00  7.00000000E+01  7.00000000E+01  7.00000000E+01  2.70000000E+01  2.70000000E+01  2.70000000E+01 
 0.00000000E+00  7.40999985E+00  0.00000000E+00 
'L'  0.00000000E+00  0.00000000E+00  6.00000000E+01  0.00000000E+00 
 5.20000000E+01  5.20000000E+01 1410 2940 120 
6 
 2.70000000E+02  4.50000000E+02  6.00000000E+02  8.00000000E+02  1.00000000E+03  1.31200000E+03 
'PALUET 2' 
'N'  2.50000000E+01 'PALU046' 2 2  0.00000000E+00  7.00000000E+01  7.00000000E+01  7.00000000E+01  2.70000000E+01  2.70000000E+01  2.70000000E+01 
 0.00000000E+00  8.43999672E+00  0.00000000E+00 
'L'  0.00000000E+00  0.00000000E+00  6.00000000E+01  0.00000000E+00 
 4.00000000E+01  4.00000000E+01 1410 2940 120 
6 
 2.68000000E+02  4.50000000E+02  6.00000000E+02  8.00000000E+02  1.00000000E+03  1.31000000E+03 
'PALUET 3' 
'N'  2.50000000E+01 'PALU047' 2 2  0.00000000E+00  7.00000000E+01  7.00000000E+01  7.00000000E+01  2.70000000E+01  2.70000000E+01  2.70000000E+01 
 0.00000000E+00  7.45000172E+00  0.00000000E+00 
'L'  0.00000000E+00  0.00000000E+00  6.00000000E+01  0.00000000E+00 
 4.00000000E+01  4.00000000E+01 1440 2940 120 
6 
 2.70000000E+02  4.50000000E+02  6.00000000E+02  8.00000000E+02  1.00000000E+03  1.31600000E+03 
'PALUET 4' 
'N'  2.50000000E+01 'PALU048' 2 2  0.00000000E+00  7.00000000E+01  7.00000000E+01  7.00000000E+01  2.70000000E+01  2.70000000E+01  2.70000000E+01 
 0.00000000E+00  1.75000019E+01  0.00000000E+00 
'L'  0.00000000E+00  0.00000000E+00  6.00000000E+01  0.00000000E+00 
 4.00000000E+01  4.00000000E+01 1440 2940 120 
6 
 2.70000000E+02  4.50000000E+02  6.00000000E+02  8.00000000E+02  1.00000000E+03  1.34400000E+03 
'PENLYT 1' 
'N'  2.50000000E+01 'PENL049' 2 2  0.00000000E+00  7.00000000E+01  7.00000000E+01  7.00000000E+01  2.70000000E+01  2.70000000E+01  2.70000000E+01 
 0.00000000E+00  7.36999798E+00  0.00000000E+00 
'L'  0.00000000E+00  0.00000000E+00  6.00000000E+01  0.00000000E+00 
 4.00000000E+01  4.00000000E+01 1440 2940 120 
6 
 2.60000000E+02  4.50000000E+02  6.00000000E+02  8.00000000E+02  1.00000000E+03  1.34000000E+03 
'PENLYT 2' 
'N'  2.50000000E+01 'PENL050' 2 2  0.00000000E+00  7.00000000E+01  7.00000000E+01  7.00000000E+01  2.70000000E+01  2.70000000E+01  2.70000000E+01 
 0.00000000E+00  8.50000191E+00  0.00000000E+00 
'L'  0.00000000E+00  0.00000000E+00  6.00000000E+01  0.00000000E+00 
 4.00000000E+01  4.00000000E+01 1440 2940 120 
2 
 2.60000000E+02  1.33000000E+03 
'SSAL7T 1' 
'N'  2.50000000E+01 'SSAL051' 2 2  0.00000000E+00  7.00000000E+01  7.00000000E+01  7.00000000E+01  2.70000000E+01  2.70000000E+01  2.70000000E+01 
 0.00000000E+00  8.39999962E+00  0.00000000E+00 
'L'  0.00000000E+00  0.00000000E+00  6.00000000E+01  0.00000000E+00 
 4.00000000E+01  4.00000000E+01 1440 1440 120 
6 
 2.60000000E+02  4.50000000E+02  6.00000000E+02  8.00000000E+02  1.00000000E+03  1.33000000E+03 
'SSAL7T 2' 
'N'  2.50000000E+01 'SSAL052' 2 2  0.00000000E+00  7.00000000E+01  7.00000000E+01  7.00000000E+01  2.70000000E+01  2.70000000E+01  2.70000000E+01 
 0.00000000E+00  6.90000010E+00  0.00000000E+00 
'L'  0.00000000E+00  0.00000000E+00  6.00000000E+01  0.00000000E+00 
 4.00000000E+01  4.00000000E+01 1440 2850 120 
6 
 2.60000000E+02  4.50000000E+02  6.00000000E+02  8.00000000E+02  1.00000000E+03  1.33000000E+03 
'SSEA2T 1' 
'N'  2.50000000E+01 'SSEA053' 2 2  4.23500000E+02  5.00000000E+01  5.00000000E+01  5.00000000E+01  1.80000000E+01  1.80000000E+01  1.80000000E+01 
 0.00000000E+00  8.47999763E+00  0.00000000E+00 
'L'  0.00000000E+00  0.00000000E+00  6.00000000E+01  0.00000000E+00 
 3.00000000E+01  3.00000000E+01 1440 1440 120 
2 
 8.64000000E+02  9.07000000E+02 
'SSEA2T 2' 
'N'  2.50000000E+01 'SSEA054' 2 2  4.23500000E+02  5.00000000E+01  5.00000000E+01  5.00000000E+01  1.80000000E+01  1.80000000E+01  1.80000000E+01 
 0.00000000E+00  7.79999971E+00  0.00000000E+00 
'L'  0.00000000E+00  0.00000000E+00  6.00000000E+01  0.00000000E+00 
 3.00000000E+01  3.00000000E+01 1440 1440 120 
5 
 1.80000000E+02  4.50000000E+02  6.00000000E+02  7.50000000E+02  9.07000000E+02 
'TRICAT 1' 
'N'  2.50000000E+01 'TRIC055' 2 2  4.25000000E+02  5.00000000E+01  5.00000000E+01  5.00000000E+01  1.80000000E+01  1.80000000E+01  1.80000000E+01 
 0.00000000E+00  7.85999966E+00  0.00000000E+00 
'L'  0.00000000E+00  0.00000000E+00  6.00000000E+01  0.00000000E+00 
 3.00000000E+01  3.00000000E+01 1440 2160 120 
5 
 1.80000000E+02  4.50000000E+02  6.00000000E+02  7.50000000E+02  9.10000000E+02 
'TRICAT 2' 
'N'  2.50000000E+01 'TRIC056' 2 2  4.22500000E+02  5.00000000E+01  5.00000000E+01  5.00000000E+01  1.80000000E+01  1.80000000E+01  1.80000000E+01 
 0.00000000E+00  6.90000010E+00  0.00000000E+00 
'L'  0.00000000E+00  0.00000000E+00  6.00000000E+01  0.00000000E+00 
 3.00000000E+01  3.00000000E+01 1440 2160 120 
5 
 1.80000000E+02  4.50000000E+02  6.00000000E+02  7.50000000E+02  9.05000000E+02 
'TRICAT 3' 
'N'  2.50000000E+01 'TRIC057' 2 2  4.34000000E+02  5.00000000E+01  5.00000000E+01  5.00000000E+01  1.80000000E+01  1.80000000E+01  1.80000000E+01 
 0.00000000E+00  7.87999821E+00  0.00000000E+00 
'L'  0.00000000E+00  0.00000000E+00  6.00000000E+01  0.00000000E+00 
 3.00000000E+01  3.00000000E+01 1440 2160 120 
4 
 1.80000000E+02  6.00000000E+02  7.50000000E+02  9.30000000E+02 
'TRICAT 4' 
'N'  2.50000000E+01 'TRIC058' 2 2  4.30000000E+02  5.00000000E+01  5.00000000E+01  5.00000000E+01  1.80000000E+01  1.80000000E+01  1.80000000E+01 
 0.00000000E+00  8.35999775E+00  0.00000000E+00 
'L'  0.00000000E+00  0.00000000E+00  6.00000000E+01  0.00000000E+00 
 3.00000000E+01  3.00000000E+01 1440 2160 120 
5 
 1.80000000E+02  4.50000000E+02  6.00000000E+02  7.50000000E+02  9.16000000E+02 
'BLENOT 2' 
'C'  0.00000000E+00 'BLEN059' 6 4  0.00000000E+00  1.00000000E-06  3.00000000E+01  1.50000000E+01  5.00000000E+00  2.50000000E+01  2.50000000E+01 
 7.18084778E+02  4.68084869E+01  0.00000000E+00 
'L'  1.07674102E+04  3.03904590E+03  6.00000000E+01  2.04256602E+04 
 2.00000000E+00  2.00000000E+00 240 60 60 
3 
 6.50000000E+01  1.40000000E+02  2.50000000E+02 
'BLENOT 3' 
'C'  0.00000000E+00 'BLEN060' 4 4  0.00000000E+00  1.00000000E-06  3.00000000E+01  1.50000000E+01  5.00000000E+00  2.50000000E+01  2.50000000E+01 
 9.08722168E+02  5.32612152E+01  0.00000000E+00 
'L'  1.07843799E+04  3.05828711E+03  6.00000000E+01  2.05037891E+04 
 2.00000000E+00  2.00000000E+00 240 120 60 
3 
 6.50000000E+01  1.40000000E+02  2.50000000E+02 
'BLENOT 4' 
'C'  0.00000000E+00 'BLEN061' 6 4  0.00000000E+00  1.00000000E-06  3.00000000E+01  1.50000000E+01  5.00000000E+00  2.50000000E+01  2.50000000E+01 
 8.19752991E+02  4.80466232E+01  0.00000000E+00 
'L'  1.07844502E+04  3.05836694E+03  6.00000000E+01  2.05041094E+04 
 2.00000000E+00  2.00000000E+00 240 60 60 
3 
 6.50000000E+01  1.40000000E+02  2.50000000E+02 
'BOUCHT 1' 
'C'  0.00000000E+00 'BOUC062' 3 3  0.00000000E+00  1.00000000E+01  2.50000000E+01  1.00000000E+01  2.50000000E+01  2.50000000E+01  2.50000000E+01 
 1.18029541E+03  4.51942215E+01  0.00000000E+00 
'L'  7.64475098E+03  3.01947412E+03  6.00000000E+01  1.72408008E+04 
 2.00000000E+00  2.00000000E+00 480 420 60 
3 
 1.20000000E+02  1.65000000E+02  2.43000000E+02 
'CORD5T 4' 
'C'  0.00000000E+00 'CORD063' 3 3  0.00000000E+00  2.00000000E+01  6.00000000E+01  1.00000000E-06  3.00000000E+01  6.00000000E+01  0.00000000E+00 
 2.02638428E+03  4.70174026E+01  0.00000000E+00 
'L'  3.77782383E+04  1.39618203E+04  6.00000000E+01  8.21496484E+04 
 5.00000000E+00  7.00000000E+00 480 420 60 
2 
 2.80000000E+02  5.80000000E+02 
'CORD5T 5' 
'C'  0.00000000E+00 'CORD064' 3 3  0.00000000E+00  2.00000000E+01  5.00000000E+01  1.00000000E-06  3.00000000E+01  6.00000000E+01  0.00000000E+00 
 2.17885327E+03  5.05550880E+01  0.00000000E+00 
'L'  3.77766992E+04  1.39600801E+04  6.00000000E+01  8.21425938E+04 
 5.00000000E+00  7.00000000E+00 480 420 60 
2 
 2.95000000E+02  5.80000000E+02 
'HAVRET 1' 
'C'  0.00000000E+00 'HAVR065' 3 2  0.00000000E+00  5.00000000E+00  1.00000000E+01  1.00000000E+01  1.30000000E+01  2.50000000E+01  1.90000000E+01 
 6.14304016E+02  4.45559845E+01  0.00000000E+00 
'L'  1.26559404E+04  3.65550195E+03  6.00000000E+01  2.42733203E+04 
 2.00000000E+00  2.00000000E+00 600 210 60 
3 
 1.25000000E+02  1.90000000E+02  2.30000000E+02 
'HAVRET 2' 
'C'  0.00000000E+00 'HAVR066' 2 3  0.00000000E+00  2.00000000E+01  3.00000000E+01  3.00000000E+01  2.70000000E+01  5.80000000E+01  4.50000000E+01 
 1.79311438E+03  4.62163391E+01  0.00000000E+00 
'L'  3.90173203E+04  2.01174395E+04  6.00000000E+01  1.02951602E+05 
 3.50000000E+00  3.50000000E+00 600 210 60 
3 
 2.68000000E+02  4.50000000E+02  5.30000000E+02 
'HAVRET 4' 
'C'  0.00000000E+00 'HAVR067' 9 3  0.00000000E+00  2.00000000E+01  6.00000000E+01  5.00000000E+01  1.40000000E+01  2.90000000E+01  2.20000000E+01 
 1.73130713E+03  4.04778709E+01  0.00000000E+00 
'L'  3.91487500E+04  1.99899609E+04  6.00000000E+01  1.02677898E+05 
 7.00000000E+00  7.00000000E+00 240 60 60 
3 
 2.80000000E+02  4.50000000E+02  5.80000000E+02 
'MAXE T 1' 
'C'  0.00000000E+00 'MAXE068' 3 3  0.00000000E+00  5.00000000E+00  2.50000000E+01  1.00000000E+01  2.50000000E+01  2.50000000E+01  2.50000000E+01 
 8.59382385E+02  5.50004959E+01  0.00000000E+00 
'L'  7.27046680E+03  2.59528491E+03  6.00000000E+01  1.55184199E+04 
 4.00000000E+00  4.00000000E+00 600 180 60 
3 
 1.30000000E+02  1.80000000E+02  2.50000000E+02 
'MAXE T 2' 
'C'  0.00000000E+00 'MAXE069' 3 3  0.00000000E+00  5.00000000E+00  2.50000000E+01  1.00000000E+01  2.50000000E+01  2.50000000E+01  2.50000000E+01 
 8.28116394E+02  5.29994621E+01  0.00000000E+00 
'L'  7.27028076E+03  2.59507495E+03  6.00000000E+01  1.55175703E+04 
 4.00000000E+00  4.00000000E+00 240 180 60 
4 
 1.30000000E+02  1.45000000E+02  1.80000000E+02  2.50000000E+02 
'VITRYT 3' 
'C'  0.00000000E+00 'VITR070' 3 3  0.00000000E+00  1.00000000E+01  2.00000000E+01  2.00000000E+01  2.50000000E+01  2.50000000E+01  2.50000000E+01 
 7.85072449E+02  5.25707550E+01  0.00000000E+00 
'L'  8.92217578E+03  3.56014990E+03  6.00000000E+01  2.02365195E+04 
 2.00000000E+00  2.00000000E+00 240 180 60 
3 
 1.20000000E+02  1.70000000E+02  2.50000000E+02 
'VITRYT 4' 
'C'  0.00000000E+00 'VITR071' 3 3  0.00000000E+00  1.00000000E+01  2.00000000E+01  2.00000000E+01  2.50000000E+01  2.50000000E+01  2.50000000E+01 
 7.68407410E+02  5.14548531E+01  0.00000000E+00 
'L'  8.92218457E+03  3.56015991E+03  6.00000000E+01  2.02365703E+04 
 2.00000000E+00  2.00000000E+00 240 180 60 
3 
 1.20000000E+02  1.70000000E+02  2.50000000E+02 
'ARAMOT 1' 
'F'  0.00000000E+00 'ARAM072' 3 3  0.00000000E+00  1.00000000E+02  1.00000000E+02  1.00000000E-06  7.00000000E+01  7.00000000E+01  7.00000000E+01 
 5.65493750E+03  1.29304977E+02  0.00000000E+00 
'L'  2.95765391E+04  7.36185986E+03  6.00000000E+01  5.29729297E+04 
 1.00000000E+01  1.00000000E+01 150 180 60 
2 
 1.40000000E+02  6.85000000E+02 
'ARAMOT 2' 
'F'  0.00000000E+00 'ARAM073' 3 3  0.00000000E+00  7.00000000E+01  7.00000000E+01  7.00000000E+01  7.00000000E+01  7.00000000E+01  7.00000000E+01 
 5.65493750E+03  1.29304977E+02  0.00000000E+00 
'L'  2.95765391E+04  7.36185986E+03  6.00000000E+01  5.29729297E+04 
 1.00000000E+01  1.00000000E+01 180 180 60 
2 
 3.50000000E+02  6.85000000E+02 
'CORD5T 2' 
'F'  0.00000000E+00 'CORD074' 2 3  0.00000000E+00  7.00000000E+01  7.00000000E+01  2.00000000E+01  7.00000000E+01  7.00000000E+01  0.00000000E+00 
 5.40465820E+03  1.30968124E+02  0.00000000E+00 
'L'  2.94940703E+04  7.26839893E+03  6.00000000E+01  5.25934414E+04 
 1.00000000E+01  1.00000000E+01 240 450 60 
3 
 2.00000000E+02  3.50000000E+02  6.40000000E+02 
'CORD5T 3' 
'F'  0.00000000E+00 'CORD075' 2 3  0.00000000E+00  7.00000000E+01  7.00000000E+01  2.00000000E+01  7.00000000E+01  7.00000000E+01  0.00000000E+00 
 5.40388867E+03  1.30949524E+02  0.00000000E+00 
'L'  2.94940703E+04  7.26839893E+03  6.00000000E+01  5.25934414E+04 
 1.00000000E+01  1.00000000E+01 240 450 60 
3 
 1.80000000E+02  3.50000000E+02  6.85000000E+02 
'GENN3T 1' 
'G'  0.00000000E+00 'GENN076' 2 2  0.00000000E+00  1.00000000E-06  1.00000000E-06  1.00000000E-06  1.80000000E+01  1.80000000E+01  1.80000000E+01 
 7.04507422E+03  1.22114639E+02  0.00000000E+00 
'L'  2.58004712E+03  0.00000000E+00  6.00000000E+01  2.58004712E+03 
 9.00000000E+00  9.00000000E+00 120 60 0 
2 
 7.60000000E+01  2.18000000E+02 
'M.PONT 1' 
'F'  0.00000000E+00 'M.PO077' 2 2  0.00000000E+00  2.50000000E+01  2.50000000E+01  2.50000000E+01  1.20000000E+01  2.50000000E+01  2.50000000E+01 
 9.49385376E+02  7.23804626E+01  0.00000000E+00 
'L'  1.04586299E+04  3.40438794E+03  6.00000000E+01  2.12779609E+04 
 3.00000000E+00  3.00000000E+00 240 300 60 
3 
 5.50000000E+01  1.50000000E+02  2.50000000E+02 
'M.PONT 2' 
'F'  0.00000000E+00 'M.PO078' 2 2  0.00000000E+00  2.50000000E+01  2.50000000E+01  2.50000000E+01  1.20000000E+01  2.50000000E+01  2.50000000E+01 
 9.49385376E+02  7.23804626E+01  0.00000000E+00 
'L'  1.04586299E+04  3.40438794E+03  6.00000000E+01  2.12779609E+04 
 3.00000000E+00  3.00000000E+00 240 300 60 
3 
 5.50000000E+01  1.50000000E+02  2.50000000E+02 
'PORC2T 1' 
'F'  0.00000000E+00 'PORC079' 3 3  0.00000000E+00  9.00000000E+01  9.00000000E+01  9.00000000E+01  7.50000000E+01  7.50000000E+01  7.50000000E+01 
 4.81025537E+03  1.31327576E+02  0.00000000E+00 
'L'  2.72384902E+04  4.81574121E+03  6.00000000E+01  4.25431797E+04 
 4.00000000E+00  6.00000000E+00 360 300 60 
3 
 1.75000000E+02  3.86000000E+02  6.00000000E+02 
'PORC2T 2' 
'F'  0.00000000E+00 'PORC080' 3 3  0.00000000E+00  9.00000000E+01  9.00000000E+01  9.00000000E+01  7.50000000E+01  7.50000000E+01  7.50000000E+01 
 4.81025537E+03  1.31327576E+02  0.00000000E+00 
'L'  2.72384902E+04  4.81574121E+03  6.00000000E+01  4.25431797E+04 
 6.00000000E+00  6.00000000E+00 360 480 60 
3 
 1.75000000E+02  3.86000000E+02  5.85000000E+02 
'PORC2T 3' 
'F'  0.00000000E+00 'PORC081' 3 3  0.00000000E+00  4.20000000E+01  6.00000000E+01  4.80000000E+01  7.50000000E+01  7.50000000E+01  7.50000000E+01 
 5.28915430E+03  1.49775421E+02  0.00000000E+00 
'L'  2.71992109E+04  4.77121484E+03  6.00000000E+01  4.23623789E+04 
 6.00000000E+00  6.00000000E+00 360 300 60 
3 
 1.75000000E+02  3.86000000E+02  5.60000000E+02 
'PORC2T 4' 
'F'  0.00000000E+00 'PORC082' 3 3  0.00000000E+00  9.00000000E+01  9.00000000E+01  9.00000000E+01  7.50000000E+01  7.50000000E+01  0.00000000E+00 
 4.96356592E+03  1.40555573E+02  0.00000000E+00 
'L'  2.71992109E+04  4.77121484E+03  6.00000000E+01  4.23623789E+04 
 6.00000000E+00  6.00000000E+00 360 300 60 
3 
 1.75000000E+02  3.86000000E+02  5.85000000E+02 
'PSMA.T 1' 
'P'  0.00000000E+00 'PSMA083' 2 2  0.00000000E+00  3.60000000E+01  7.40000000E+01  5.50000000E+01  5.00000000E+00  5.00000000E+00  5.00000000E+00 
 0.00000000E+00  6.29700012E+01  0.00000000E+00 
'L'  0.00000000E+00  0.00000000E+00  6.00000000E+01  0.00000000E+00 
 3.10000000E+01  3.10000000E+01 120 300 60 
6 
 4.20000000E+02  5.10000000E+02  6.16000000E+02  7.21000000E+02  9.02000000E+02  1.15600000E+03 
'PCMA.T 9' 
'P'  0.00000000E+00 'PCMA084' 2 2  0.00000000E+00  3.60000000E+01  7.40000000E+01  5.50000000E+01  1.20000000E+01  1.20000000E+01  1.20000000E+01 
 0.00000000E+00  6.29700012E+01  0.00000000E+00 
'L'  0.00000000E+00  0.00000000E+00  6.00000000E+01  0.00000000E+00 
 3.10000000E+01  3.10000000E+01 180 300 300 
6 
 3.63000000E+02  5.10000000E+02  6.16000000E+02  7.21000000E+02  9.02000000E+02  1.16300000E+03 
'PSAP.T 1' 
'P'  0.00000000E+00 'PSAP085' 2 2  0.00000000E+00  2.00000000E+01  2.00000000E+01  2.00000000E+01  5.00000000E+00  5.00000000E+00  5.00000000E+00 
 0.00000000E+00  6.19000206E+01  0.00000000E+00 
'L'  0.00000000E+00  0.00000000E+00  6.00000000E+01  0.00000000E+00 
 1.50000000E+00  1.50000000E+00 180 300 60 
3 
 1.45000000E+02  1.80000000E+02  2.90000000E+02 
'PS60.T 1' 
'P'  0.00000000E+00 'PS60086' 2 2  0.00000000E+00  4.70000000E+01  4.70000000E+01  4.70000000E+01  1.20000000E+01  1.20000000E+01  1.20000000E+01 
 0.00000000E+00  6.32800217E+01  0.00000000E+00 
'L'  0.00000000E+00  0.00000000E+00  6.00000000E+01  0.00000000E+00 
 5.00000000E+00  5.00000000E+00 180 300 60 
2 
 4.19000000E+02  5.92000000E+02 
'PS25.T 1' 
'P'  0.00000000E+00 'PS25087' 2 2  0.00000000E+00  2.00000000E+01  2.00000000E+01  2.00000000E+01  5.00000000E+00  5.00000000E+00  5.00000000E+00 
 0.00000000E+00  6.14499588E+01  0.00000000E+00 
'L'  0.00000000E+00  0.00000000E+00  6.00000000E+01  0.00000000E+00 
 1.50000000E+00  1.50000000E+00 180 300 60 
3 
 1.45000000E+02  1.80000000E+02  2.40000000E+02 
'CGPTPT 1' 
'P'  0.00000000E+00 'CGPT088' 2 2  0.00000000E+00  1.00000000E-06  1.00000000E-06  1.00000000E-06  0.00000000E+00  0.00000000E+00  0.00000000E+00 
 0.00000000E+00  2.89000031E+02  0.00000000E+00 
'L'  0.00000000E+00  0.00000000E+00  6.00000000E+01  0.00000000E+00 
 6.00000000E+00  1.50000000E+01 1440 1440 0 
2 
 1.00000000E+01  1.99900000E+03 
'CGPTPT 2' 
'P'  0.00000000E+00 'CGPT089' 2 2  0.00000000E+00  1.00000000E-06  1.00000000E-06  1.00000000E-06  0.00000000E+00  0.00000000E+00  0.00000000E+00 
 0.00000000E+00  2.89000031E+02  0.00000000E+00 
'L'  0.00000000E+00  0.00000000E+00  6.00000000E+01  0.00000000E+00 
 6.00000000E+00  1.50000000E+01 1440 1440 0 
2 
 1.00000000E+01  1.99900000E+03 
'THPTPT 1' 
'P'  0.00000000E+00 'THPT090' 2 2  0.00000000E+00  1.00000000E-06  1.00000000E-06  1.00000000E-06  0.00000000E+00  0.00000000E+00  0.00000000E+00 
 0.00000000E+00  2.89000031E+02  0.00000000E+00 
'L'  0.00000000E+00  0.00000000E+00  6.00000000E+01  0.00000000E+00 
 6.00000000E+00  1.50000000E+01 1440 1440 0 
2 
 1.00000000E+01  1.99900000E+03 
'AUPTPT 1' 
'P'  0.00000000E+00 'AUPT091' 2 2  0.00000000E+00  1.00000000E-06  1.00000000E-06  1.00000000E-06  0.00000000E+00  0.00000000E+00  0.00000000E+00 
 0.00000000E+00  2.89000031E+02  0.00000000E+00 
'L'  0.00000000E+00  0.00000000E+00  6.00000000E+01  0.00000000E+00 
 6.00000000E+00  1.50000000E+01 1440 1440 0 
2 
 1.00000000E+01  1.99900000E+03 
'CGDTPT 1' 
'P'  0.00000000E+00 'CGDT092' 2 2  0.00000000E+00  1.00000000E-06  1.00000000E-06  1.00000000E-06  0.00000000E+00  0.00000000E+00  0.00000000E+00 
 0.00000000E+00  2.89000031E+02  0.00000000E+00 
'L'  0.00000000E+00  0.00000000E+00  6.00000000E+01  0.00000000E+00 
 6.00000000E+00  1.50000000E+01 1440 1440 0 
2 
 1.00000000E+01  1.99900000E+03 
'CGDTXT 1' 
'P'  0.00000000E+00 'CGDT093' 2 2  0.00000000E+00  1.00000000E-06  1.00000000E-06  1.00000000E-06  0.00000000E+00  0.00000000E+00  0.00000000E+00 
 0.00000000E+00  2.89000031E+02  0.00000000E+00 
'L'  0.00000000E+00  0.00000000E+00  6.00000000E+01  0.00000000E+00 
 6.00000000E+00  1.50000000E+01 1440 1440 0 
2 
 1.00000000E+01  1.99900000E+03 
'CGDRPT 1' 
'P'  0.00000000E+00 'CGDR094' 2 2  0.00000000E+00  1.00000000E-06  1.00000000E-06  1.00000000E-06  0.00000000E+00  0.00000000E+00  0.00000000E+00 
 0.00000000E+00  2.89000031E+02  0.00000000E+00 
'L'  0.00000000E+00  0.00000000E+00  6.00000000E+01  0.00000000E+00 
 6.00000000E+00  1.50000000E+01 1440 1440 0 
2 
 1.00000000E+01  1.99900000E+03 
'DFEGST 1' 
'P'  0.00000000E+00 'DFEG095' 2 2  0.00000000E+00  1.00000000E-06  1.00000000E-06  1.00000000E-06  0.00000000E+00  0.00000000E+00  0.00000000E+00 
 0.00000000E+00  1.46230011E+02  0.00000000E+00 
'L'  0.00000000E+00  0.00000000E+00  6.00000000E+01  0.00000000E+00 
 6.00000000E+00  1.50000000E+01 1440 1440 0 
2 
 1.00000000E+01  1.99900000E+03 
'DSEGST 1' 
'P'  0.00000000E+00 'DSEG096' 2 2  0.00000000E+00  1.00000000E-06  1.00000000E-06  1.00000000E-06  0.00000000E+00  0.00000000E+00  0.00000000E+00 
 0.00000000E+00  1.46230011E+02  0.00000000E+00 
'L'  0.00000000E+00  0.00000000E+00  6.00000000E+01  0.00000000E+00 
 6.00000000E+00  1.50000000E+01 1440 1440 0 
2 
 1.00000000E+01  1.99900000E+03 
'DWEGST 1' 
'P'  0.00000000E+00 'DWEG097' 2 2  0.00000000E+00  1.00000000E-06  1.00000000E-06  1.00000000E-06  0.00000000E+00  0.00000000E+00  0.00000000E+00 
 0.00000000E+00  1.46230011E+02  0.00000000E+00 
'L'  0.00000000E+00  0.00000000E+00  6.00000000E+01  0.00000000E+00 
 6.00000000E+00  1.50000000E+01 1440 1440 0 
2 
 1.00000000E+01  1.99900000E+03 
'DWELDT 1' 
'P'  0.00000000E+00 'DWEL098' 2 2  0.00000000E+00  1.00000000E-06  1.00000000E-06  1.00000000E-06  0.00000000E+00  0.00000000E+00  0.00000000E+00 
 0.00000000E+00  1.46230011E+02  0.00000000E+00 
'L'  0.00000000E+00  0.00000000E+00  6.00000000E+01  0.00000000E+00 
 6.00000000E+00  1.50000000E+01 1440 1440 0 
2 
 1.00000000E+01  1.99900000E+03 
'DFELDT 1' 
'P'  0.00000000E+00 'DFEL099' 2 2  0.00000000E+00  1.00000000E-06  1.00000000E-06  1.00000000E-06  0.00000000E+00  0.00000000E+00  0.00000000E+00 
 0.00000000E+00  1.46230011E+02  0.00000000E+00 
'L'  0.00000000E+00  0.00000000E+00  6.00000000E+01  0.00000000E+00 
 6.00000000E+00  1.50000000E+01 1440 1440 0 
2 
 1.00000000E+01  1.99900000E+03 
'ARRI5T 1' 
'G'  0.00000000E+00 'ARRI100' 2 2  0.00000000E+00  1.00000000E-06  1.00000000E-06  1.00000000E-06  7.00000000E+00  7.00000000E+00  1.80000000E+01 
 4.34613672E+03  1.12408318E+02  0.00000000E+00 
'L'  3.40007007E+03  0.00000000E+00  6.00000000E+01  3.40007007E+03 
 1.00000000E+01  1.00000000E+01 30 30 30 
2 
 8.00000000E+01  1.25000000E+02 
'ARRI5T 2' 
'G'  0.00000000E+00 'ARRI101' 2 2  0.00000000E+00  2.30000000E+01  2.30000000E+01  1.00000000E-06  7.00000000E+00  7.00000000E+00  1.80000000E+01 
 4.05812573E+03  1.12367096E+02  0.00000000E+00 
'L'  3.40007007E+03  0.00000000E+00  6.00000000E+01  3.40007007E+03 
 1.00000000E+01  1.00000000E+01 30 30 30 
2 
 7.10000000E+01  1.23000000E+02 
'BRENNT 1' 
'G'  0.00000000E+00 'BREN102' 4 4  0.00000000E+00  1.00000000E-06  1.00000000E-06  1.00000000E-06  0.00000000E+00  0.00000000E+00  0.00000000E+00 
 5.10974414E+03  1.64943665E+02  0.00000000E+00 
'L'  0.00000000E+00  0.00000000E+00  6.00000000E+01  0.00000000E+00 
 7.00000000E+00  7.00000000E+00 30 30 30 
4 
 4.00000000E+01  4.20000000E+01  7.00000000E+01  8.50000000E+01 
'BRENNT 2' 
'G'  0.00000000E+00 'BREN103' 4 4  0.00000000E+00  1.00000000E-06  1.00000000E-06  1.00000000E-06  0.00000000E+00  0.00000000E+00  0.00000000E+00 
 5.43895410E+03  1.75570618E+02  0.00000000E+00 
'L'  0.00000000E+00  0.00000000E+00  6.00000000E+01  0.00000000E+00 
 7.00000000E+00  7.00000000E+00 30 30 30 
4 
 4.00000000E+01  4.20000000E+01  7.00000000E+01  8.50000000E+01 
'BRENNT 3' 
'G'  0.00000000E+00 'BREN104' 4 4  0.00000000E+00  1.50000000E+01  1.50000000E+01  1.00000000E-06  7.00000000E+00  7.00000000E+00  0.00000000E+00 
 3.85024341E+03  1.09540802E+02  0.00000000E+00 
'L'  3.40007007E+03  0.00000000E+00  6.00000000E+01  3.40007007E+03 
 1.00000000E+01  1.00000000E+01 30 30 30 
2 
 9.00000000E+01  1.25000000E+02 
'DIRINT 1' 
'G'  0.00000000E+00 'DIRI105' 2 2  0.00000000E+00  1.00000000E-06  1.00000000E-06  1.00000000E-06  0.00000000E+00  0.00000000E+00  0.00000000E+00 
 5.31084814E+03  1.68200760E+02  0.00000000E+00 
'L'  0.00000000E+00  0.00000000E+00  6.00000000E+01  0.00000000E+00 
 7.00000000E+00  7.00000000E+00 30 30 30 
4 
 4.00000000E+01  4.20000000E+01  7.00000000E+01  8.50000000E+01 
'DIRINT 2' 
'G'  0.00000000E+00 'DIRI106' 2 2  0.00000000E+00  1.00000000E-06  1.00000000E-06  1.00000000E-06  0.00000000E+00  0.00000000E+00  0.00000000E+00 
 5.50059180E+03  1.74210114E+02  0.00000000E+00 
'L'  0.00000000E+00  0.00000000E+00  6.00000000E+01  0.00000000E+00 
 7.00000000E+00  7.00000000E+00 30 30 30 
4 
 4.00000000E+01  4.20000000E+01  7.00000000E+01  8.50000000E+01 
'PHENIT 1' 
'P'  0.00000000E+00 'PHEN107' 9 4  0.00000000E+00  1.00000000E-06  1.00000000E-06  1.00000000E-06  0.00000000E+00  0.00000000E+00  0.00000000E+00 
 1.16499962E+02  4.49999857E+00  0.00000000E+00 
'L'  0.00000000E+00  0.00000000E+00  6.00000000E+01  0.00000000E+00 
 3.00000000E+01  3.00000000E+01 1410 1890 120 
2 
 1.30000000E+02  2.33000000E+02 
'VLEJUT 1' 
'G'  0.00000000E+00 'VLEJ108' 2 2  0.00000000E+00  1.00000000E-06  1.00000000E-06  1.00000000E-06  0.00000000E+00  0.00000000E+00  0.00000000E+00 
-3.37956372E+03  2.05566055E+02  0.00000000E+00 
'L'  0.00000000E+00  0.00000000E+00  6.00000000E+01  0.00000000E+00 
 2.00000000E+00  2.00000000E+00 30 30 30 
2 
 1.00000000E+00  6.00000000E+01 
'PI25.T 1' 
'P'  0.00000000E+00 'PI25109' 2 2  0.00000000E+00  2.00000000E+01  2.00000000E+01  2.00000000E+01  5.00000000E+00  5.00000000E+00  5.00000000E+00 
 4.36874878E+02  2.83483257E+01  0.00000000E+00 
'L'  0.00000000E+00  0.00000000E+00  6.00000000E+01  0.00000000E+00 
 1.50000000E+00  1.50000000E+00 120 300 180 
2 
 1.20000000E+02  2.40000000E+02 
'PIMP.T 1' 
'P'  0.00000000E+00 'PIMP110' 2 2  0.00000000E+00  1.00000000E-06  1.00000000E-06  1.00000000E-06  0.00000000E+00  0.00000000E+00  0.00000000E+00 
 4.36874878E+02  2.83483257E+01  0.00000000E+00 
'L'  0.00000000E+00  0.00000000E+00  6.00000000E+01  0.00000000E+00 
 1.00000000E+00  1.00000000E+00 120 300 180 
1 
 0.00000000E+00 
'PSSA.T 1' 
'P'  0.00000000E+00 'PSSA111' 2 2  0.00000000E+00  1.00000000E-06  1.00000000E-06  1.00000000E-06  0.00000000E+00  0.00000000E+00  0.00000000E+00 
 4.36874878E+02  2.83483257E+01  0.00000000E+00 
'L'  0.00000000E+00  0.00000000E+00  6.00000000E+01  0.00000000E+00 
 1.00000000E+00  1.00000000E+00 120 300 180 
1 
 0.00000000E+00 
'CGHTAT 1' 
'P'  0.00000000E+00 'CGHT112' 2 2  0.00000000E+00  7.00000000E+01  7.00000000E+01  7.00000000E+01  0.00000000E+00  0.00000000E+00  0.00000000E+00 
 0.00000000E+00  2.83000031E+02  0.00000000E+00 
'L'  0.00000000E+00  0.00000000E+00  6.00000000E+01  0.00000000E+00 
 6.00000000E+00  1.50000000E+01 1440 1440 120 
3 
 1.60000000E+02  8.00000000E+02  1.99900000E+03 
'CGHTAT 2' 
'P'  0.00000000E+00 'CGHT113' 2 2  0.00000000E+00  7.00000000E+01  7.00000000E+01  7.00000000E+01  0.00000000E+00  0.00000000E+00  0.00000000E+00 
 0.00000000E+00  2.82000000E+02  0.00000000E+00 
'L'  0.00000000E+00  0.00000000E+00  6.00000000E+01  0.00000000E+00 
 6.00000000E+00  1.50000000E+01 1440 1440 120 
3 
 1.60000000E+02  8.00000000E+02  1.99900000E+03 
'CGHTBT 1' 
'P'  0.00000000E+00 'CGHT114' 2 2  0.00000000E+00  3.00000000E+01  3.00000000E+01  3.00000000E+01  0.00000000E+00  0.00000000E+00  0.00000000E+00 
 0.00000000E+00  2.80999969E+02  0.00000000E+00 
'L'  0.00000000E+00  0.00000000E+00  6.00000000E+01  0.00000000E+00 
 5.00000000E+00  3.00000000E+01 1440 1440 120 
3 
 1.60000000E+02  4.50000000E+02  1.99900000E+03 
'CGHTBT 2' 
'P'  0.00000000E+00 'CGHT115' 2 2  0.00000000E+00  3.00000000E+01  3.00000000E+01  3.00000000E+01  0.00000000E+00  0.00000000E+00  0.00000000E+00 
 0.00000000E+00  2.80000061E+02  0.00000000E+00 
'L'  0.00000000E+00  0.00000000E+00  6.00000000E+01  0.00000000E+00 
 5.00000000E+00  3.00000000E+01 1440 1440 120 
3 
 1.60000000E+02  4.50000000E+02  1.99900000E+03 
'CGPTFT 1' 
'P'  0.00000000E+00 'CGPT116' 2 2  0.00000000E+00  7.00000000E+01  7.00000000E+01  7.00000000E+01  0.00000000E+00  0.00000000E+00  0.00000000E+00 
 0.00000000E+00  2.89999969E+02  0.00000000E+00 
'L'  0.00000000E+00  0.00000000E+00  6.00000000E+01  0.00000000E+00 
 6.00000000E+00  1.50000000E+01 1440 1440 120 
3 
 1.60000000E+02  8.00000000E+02  1.99900000E+03 
'CGPTFT 2' 
'P'  0.00000000E+00 'CGPT117' 2 2  0.00000000E+00  7.00000000E+01  7.00000000E+01  7.00000000E+01  0.00000000E+00  0.00000000E+00  0.00000000E+00 
 0.00000000E+00  2.89999969E+02  0.00000000E+00 
'L'  0.00000000E+00  0.00000000E+00  6.00000000E+01  0.00000000E+00 
 6.00000000E+00  1.50000000E+01 1440 1440 120 
3 
 1.60000000E+02  8.00000000E+02  1.99900000E+03 
'CGPTXT 1' 
'P'  0.00000000E+00 'CGPT118' 2 2  0.00000000E+00  7.00000000E+01  7.00000000E+01  7.00000000E+01  0.00000000E+00  0.00000000E+00  0.00000000E+00 
 0.00000000E+00  2.89999969E+02  0.00000000E+00 
'L'  0.00000000E+00  0.00000000E+00  6.00000000E+01  0.00000000E+00 
 6.00000000E+00  1.50000000E+01 1440 1440 120 
3 
 1.60000000E+02  8.00000000E+02  1.99900000E+03 
'CGPTXT 2' 
'P'  0.00000000E+00 'CGPT119' 2 2  0.00000000E+00  7.00000000E+01  7.00000000E+01  7.00000000E+01  0.00000000E+00  0.00000000E+00  0.00000000E+00 
 0.00000000E+00  2.89999969E+02  0.00000000E+00 
'L'  0.00000000E+00  0.00000000E+00  6.00000000E+01  0.00000000E+00 
 6.00000000E+00  1.50000000E+01 1440 1440 120 
3 
 1.60000000E+02  8.00000000E+02  1.99900000E+03 
'CGRPDT 1' 
'P'  0.00000000E+00 'CGRP120' 2 2  0.00000000E+00  7.00000000E+01  7.00000000E+01  7.00000000E+01  0.00000000E+00  0.00000000E+00  0.00000000E+00 
 0.00000000E+00  2.89999969E+02  0.00000000E+00 
'L'  0.00000000E+00  0.00000000E+00  6.00000000E+01  0.00000000E+00 
 6.00000000E+00  1.50000000E+01 1440 1440 120 
3 
 1.60000000E+02  8.00000000E+02  1.99900000E+03 
'CGRPDT 2' 
'P'  0.00000000E+00 'CGRP121' 2 2  0.00000000E+00  7.00000000E+01  7.00000000E+01  7.00000000E+01  0.00000000E+00  0.00000000E+00  0.00000000E+00 
 0.00000000E+00  2.89999969E+02  0.00000000E+00 
'L'  0.00000000E+00  0.00000000E+00  6.00000000E+01  0.00000000E+00 
 6.00000000E+00  1.50000000E+01 1440 1440 120 
3 
 1.60000000E+02  8.00000000E+02  1.99900000E+03 
'THPTFT 1' 
'P'  0.00000000E+00 'THPT122' 2 2  0.00000000E+00  7.00000000E+01  7.00000000E+01  7.00000000E+01  0.00000000E+00  0.00000000E+00  0.00000000E+00 
 0.00000000E+00  2.89999969E+02  0.00000000E+00 
'L'  0.00000000E+00  0.00000000E+00  6.00000000E+01  0.00000000E+00 
 6.00000000E+00  1.50000000E+01 1440 1440 120 
3 
 1.60000000E+02  8.00000000E+02  1.99900000E+03 
'THPTXT 1' 
'P'  0.00000000E+00 'THPT123' 2 2  0.00000000E+00  7.00000000E+01  7.00000000E+01  7.00000000E+01  0.00000000E+00  0.00000000E+00  0.00000000E+00 
 0.00000000E+00  2.89999969E+02  0.00000000E+00 
'L'  0.00000000E+00  0.00000000E+00  6.00000000E+01  0.00000000E+00 
 6.00000000E+00  1.50000000E+01 1440 1440 120 
3 
 1.60000000E+02  8.00000000E+02  1.99900000E+03 
'THRPDT 1' 
'P'  0.00000000E+00 'THRP124' 2 2  0.00000000E+00  7.00000000E+01  7.00000000E+01  7.00000000E+01  0.00000000E+00  0.00000000E+00  0.00000000E+00 
 0.00000000E+00  2.89999969E+02  0.00000000E+00 
'L'  0.00000000E+00  0.00000000E+00  6.00000000E+01  0.00000000E+00 
 6.00000000E+00  1.50000000E+01 1440 1440 120 
3 
 1.60000000E+02  8.00000000E+02  1.99900000E+03 
'EOPTFT 1' 
'P'  0.00000000E+00 'EOPT125' 2 2  0.00000000E+00  7.00000000E+01  7.00000000E+01  7.00000000E+01  0.00000000E+00  0.00000000E+00  0.00000000E+00 
 0.00000000E+00  2.89999969E+02  0.00000000E+00 
'L'  0.00000000E+00  0.00000000E+00  6.00000000E+01  0.00000000E+00 
 6.00000000E+00  1.50000000E+01 1440 1440 120 
3 
 1.60000000E+02  8.00000000E+02  1.99900000E+03 
'EOPTXT 1' 
'P'  0.00000000E+00 'EOPT126' 2 2  0.00000000E+00  7.00000000E+01  7.00000000E+01  7.00000000E+01  0.00000000E+00  0.00000000E+00  0.00000000E+00 
 0.00000000E+00  2.89999969E+02  0.00000000E+00 
'L'  0.00000000E+00  0.00000000E+00  6.00000000E+01  0.00000000E+00 
 6.00000000E+00  1.50000000E+01 1440 1440 120 
3 
 1.60000000E+02  8.00000000E+02  1.99900000E+03 
'EOPTXT 2' 
'P'  0.00000000E+00 'EOPT127' 2 2  0.00000000E+00  7.00000000E+01  7.00000000E+01  7.00000000E+01  0.00000000E+00  0.00000000E+00  0.00000000E+00 
 0.00000000E+00  2.89999969E+02  0.00000000E+00 
'L'  0.00000000E+00  0.00000000E+00  6.00000000E+01  0.00000000E+00 
 6.00000000E+00  1.50000000E+01 1440 1440 120 
3 
 1.60000000E+02  8.00000000E+02  1.99900000E+03 
'EORPDT 1' 
'P'  0.00000000E+00 'EORP128' 2 2  0.00000000E+00  7.00000000E+01  7.00000000E+01  7.00000000E+01  0.00000000E+00  0.00000000E+00  0.00000000E+00 
 0.00000000E+00  2.89999969E+02  0.00000000E+00 
'L'  0.00000000E+00  0.00000000E+00  6.00000000E+01  0.00000000E+00 
 6.00000000E+00  1.50000000E+01 1440 1440 120 
3 
 1.60000000E+02  8.00000000E+02  1.99900000E+03 
'EORPDT 2' 
'P'  0.00000000E+00 'EORP129' 2 2  0.00000000E+00  7.00000000E+01  7.00000000E+01  7.00000000E+01  0.00000000E+00  0.00000000E+00  0.00000000E+00 
 0.00000000E+00  2.89999969E+02  0.00000000E+00 
'L'  0.00000000E+00  0.00000000E+00  6.00000000E+01  0.00000000E+00 
 6.00000000E+00  1.50000000E+01 1440 1440 120 
3 
 1.60000000E+02  8.00000000E+02  1.99900000E+03 
'EORPDT 3' 
'P'  0.00000000E+00 'EORP130' 2 2  0.00000000E+00  7.00000000E+01  7.00000000E+01  7.00000000E+01  0.00000000E+00  0.00000000E+00  0.00000000E+00 
 0.00000000E+00  2.89999969E+02  0.00000000E+00 
'L'  0.00000000E+00  0.00000000E+00  6.00000000E+01  0.00000000E+00 
 6.00000000E+00  1.50000000E+01 1440 1440 120 
3 
 1.60000000E+02  8.00000000E+02  1.99900000E+03 
'HYPTLT 1' 
'P'  0.00000000E+00 'HYPT131' 2 2  0.00000000E+00  7.00000000E+01  7.00000000E+01  7.00000000E+01  0.00000000E+00  0.00000000E+00  0.00000000E+00 
 0.00000000E+00  2.89999969E+02  0.00000000E+00 
'L'  0.00000000E+00  0.00000000E+00  6.00000000E+01  0.00000000E+00 
 6.00000000E+00  1.50000000E+01 1440 1440 120 
3 
 1.60000000E+02  8.00000000E+02  1.99900000E+03 
'HYPTET 1' 
'P'  0.00000000E+00 'HYPT132' 2 2  0.00000000E+00  7.00000000E+01  7.00000000E+01  7.00000000E+01  0.00000000E+00  0.00000000E+00  0.00000000E+00 
 0.00000000E+00  2.89999969E+02  0.00000000E+00 
'L'  0.00000000E+00  0.00000000E+00  6.00000000E+01  0.00000000E+00 
 6.00000000E+00  1.50000000E+01 1440 1440 120 
3 
 1.60000000E+02  8.00000000E+02  1.99900000E+03 
'HYPTFT 1' 
'P'  0.00000000E+00 'HYPT133' 2 2  0.00000000E+00  7.00000000E+01  7.00000000E+01  7.00000000E+01  0.00000000E+00  0.00000000E+00  0.00000000E+00 
 0.00000000E+00  2.89999969E+02  0.00000000E+00 
'L'  0.00000000E+00  0.00000000E+00  6.00000000E+01  0.00000000E+00 
 6.00000000E+00  1.50000000E+01 1440 1440 120 
3 
 1.60000000E+02  8.00000000E+02  1.99900000E+03 
'HYPTXT 1' 
'P'  0.00000000E+00 'HYPT134' 2 2  0.00000000E+00  7.00000000E+01  7.00000000E+01  7.00000000E+01  0.00000000E+00  0.00000000E+00  0.00000000E+00 
 0.00000000E+00  2.89999969E+02  0.00000000E+00 
'L'  0.00000000E+00  0.00000000E+00  6.00000000E+01  0.00000000E+00 
 6.00000000E+00  1.50000000E+01 1440 1440 120 
3 
 1.60000000E+02  8.00000000E+02  1.99900000E+03 
'HYRPDT 1' 
'P'  0.00000000E+00 'HYRP135' 2 2  0.00000000E+00  7.00000000E+01  7.00000000E+01  7.00000000E+01  0.00000000E+00  0.00000000E+00  0.00000000E+00 
 0.00000000E+00  2.89999969E+02  0.00000000E+00 
'L'  0.00000000E+00  0.00000000E+00  6.00000000E+01  0.00000000E+00 
 6.00000000E+00  1.50000000E+01 1440 1440 120 
3 
 1.60000000E+02  8.00000000E+02  1.99900000E+03 
'AUPTFT 1' 
'P'  0.00000000E+00 'AUPT136' 2 2  0.00000000E+00  7.00000000E+01  7.00000000E+01  7.00000000E+01  0.00000000E+00  0.00000000E+00  0.00000000E+00 
 0.00000000E+00  2.89999969E+02  0.00000000E+00 
'L'  0.00000000E+00  0.00000000E+00  6.00000000E+01  0.00000000E+00 
 6.00000000E+00  1.50000000E+01 1440 1440 120 
3 
 1.60000000E+02  8.00000000E+02  1.99900000E+03 
'AUPTXT 1' 
'P'  0.00000000E+00 'AUPT137' 2 2  0.00000000E+00  7.00000000E+01  7.00000000E+01  7.00000000E+01  0.00000000E+00  0.00000000E+00  0.00000000E+00 
 0.00000000E+00  2.89999969E+02  0.00000000E+00 
'L'  0.00000000E+00  0.00000000E+00  6.00000000E+01  0.00000000E+00 
 6.00000000E+00  1.50000000E+01 1440 1440 120 
3 
 1.60000000E+02  8.00000000E+02  1.99900000E+03 
'AURPDT 1' 
'P'  0.00000000E+00 'AURP138' 2 2  0.00000000E+00  7.00000000E+01  7.00000000E+01  7.00000000E+01  0.00000000E+00  0.00000000E+00  0.00000000E+00 
 0.00000000E+00  2.89999969E+02  0.00000000E+00 
'L'  0.00000000E+00  0.00000000E+00  6.00000000E+01  0.00000000E+00 
 6.00000000E+00  1.50000000E+01 1440 1440 120 
3 
 1.60000000E+02  8.00000000E+02  1.99900000E+03 
'FIN' 
