'MOD_HYD' '30/12/2010' '21:41' 
 5.48815979E+02 
'VOUGLH' 
1 300.0 0.0 0.00000000E+00 2.00000000E+00 
 2.74408293E+00 
2 2 1 
'S.MORH' 
1 300.0 0.0 1.00000001E-01 0.00000000E+00 
 6.86020708E+00 
2 2 1 
'COISEH' 
1 300.0 0.0 0.00000000E+00 2.00000000E+00 
 2.74408293E+00 
2 2 1 
'MOUX H' 
1 300.0 0.0 0.00000000E+00 2.00000000E+00 
 2.74408293E+00 
2 2 1 
'BOLOZH' 
1 300.0 0.0 0.00000000E+00 2.00000000E+00 
 9.60428905E+00 
2 2 1 
'ALLEMH' 
1 300.0 0.0 0.00000000E+00 2.00000000E+00 
 2.74380811E+03 
2 2 1 
'CUSSEH' 
1 0.0 0.0 0.00000000E+00 2.00000000E+00 
 2.74380811E+03 
2 2 1 
'VOUGLP' 
1 300.0 0.0 1.00000001E-01 0.00000000E+00 
 2.74408293E+00 
2 2 2 
'C.AVRH' 
1 300.0 0.0 1.00000001E-01 0.00000000E+00 
 2.74408293E+00 
2 2 1 
'AUSSOH' 
1 300.0 0.0 1.00000001E-01 0.00000000E+00 
 2.74408293E+00 
2 2 2 
'VLAROH' 
1 300.0 0.0 1.00000001E-01 0.00000000E+00 
 2.74408013E-01 
2 2 1 
'ORELLH' 
1 0.0 0.0 5.00000000E-01 0.00000000E+00 
 2.74408013E-01 
2 2 1 
'BISSOH' 
1 300.0 0.0 0.00000000E+00 2.00000000E+00 
 2.74408013E-01 
2 2 1 
'S.BISH' 
1 300.0 0.0 0.00000000E+00 2.00000000E+00 
 2.74408013E-01 
2 2 1 
'SAUS2H' 
1 300.0 0.0 0.00000000E+00 2.00000000E+00 
 1.37204103E+01 
2 2 1 
'HERMIH' 
1 300.0 0.0 5.00000000E-01 0.00000000E+00 
 2.74408013E-01 
2 2 1 
'PTAMAH' 
1 0.0 0.0 1.00000001E-01 0.00000000E+00 
 2.74408013E-01 
2 2 1 
'LONGEH' 
1 0.0 800.0 1.00000001E-01 0.00000000E+00 
 2.74408013E-01 
2 2 1 
'DEVBEH' 
1 0.0 80.0 1.00000001E-01 0.00000000E+00 
 2.74408013E-01 
2 2 1 
'CHEY6H' 
1 300.0 0.0 1.00000001E-01 0.00000000E+00 
 2.74408013E-01 
2 2 1 
'B.CHEH' 
1 0.0 4000.0 1.00000001E-01 0.00000000E+00 
 1.37204103E+01 
2 2 1 
'V.ARCH' 
1 0.0 0.0 1.00000001E-01 0.00000000E+00 
 2.74408013E-01 
2 2 1 
'S.BISP' 
1 300.0 0.0 1.00000001E-01 0.00000000E+00 
 2.74408013E-01 
2 2 2 
'CHEY6P' 
1 300.0 0.0 1.00000001E-01 0.00000000E+00 
 2.74408293E+00 
2 2 2 
'TIGNEH' 
1 300.0 0.0 1.00000001E-01 0.00000000E+00 
 2.74408013E-01 
2 2 1 
'RANDEH' 
1 300.0 0.0 2.99999993E-02 0.00000000E+00 
 9.60428905E+00 
2 2 1 
'MTRIGH' 
1 0.0 80.0 2.99999993E-02 0.00000000E+00 
 1.37204103E+01 
2 2 1 
'POMMOH' 
1 0.0 0.0 1.00000001E-01 0.00000000E+00 
 2.74408013E-01 
2 2 1 
'COCHEH' 
1 300.0 0.0 9.99999978E-03 0.00000000E+00 
 2.74408293E+00 
2 2 1 
'SSEG5H' 
1 0.0 0.0 1.00000001E-01 0.00000000E+00 
 2.74408013E-01 
2 2 1 
'BXVOIH' 
1 0.0 0.0 1.00000001E-01 0.00000000E+00 
 2.74408013E-01 
2 2 1 
'SSHILH' 
1 0.0 0.0 1.00000001E-01 0.00000000E+00 
 2.74408013E-01 
2 2 1 
'PIZANH' 
1 0.0 0.0 1.00000001E-01 0.00000000E+00 
 2.74408013E-01 
2 2 1 
'VANELH' 
1 0.0 0.0 1.00000001E-01 0.00000000E+00 
 2.74408013E-01 
2 2 1 
'B.MONH' 
1 0.0 0.0 1.00000001E-01 0.00000000E+00 
 2.74408013E-01 
2 2 1 
'COCHEP' 
1 300.0 0.0 1.00000001E-01 0.00000000E+00 
 2.74408293E+00 
2 2 2 
'BATHIH' 
1 300.0 0.0 1.00000001E-01 0.00000000E+00 
 2.74408013E-01 
2 2 1 
'G.MAIH' 
1 300.0 0.0 1.00000001E-01 0.00000000E+00 
 2.74408013E-01 
2 2 1 
'OZ   H' 
1 300.0 0.0 0.00000000E+00 1.00000000E+00 
 1.37204103E+01 
2 2 1 
'SSGUIH' 
1 300.0 0.0 1.00000001E-01 0.00000000E+00 
 4.11612415E+00 
2 2 1 
'CLAPIH' 
1 0.0 80.0 1.00000001E-01 0.00000000E+00 
 2.74380811E+03 
2 2 1 
'B.ROMH' 
1 0.0 0.0 1.00000001E-01 0.00000000E+00 
 2.74380811E+03 
2 2 1 
'G.MAIP' 
1 300.0 0.0 1.00000001E-01 0.00000000E+00 
 2.74408013E-01 
2 2 2 
'SAUCOH' 
1 300.0 0.0 1.00000001E-01 0.00000000E+00 
 2.74408013E-01 
2 2 1 
'SSCOGH' 
1 300.0 0.0 1.00000001E-01 0.00000000E+00 
 2.74408293E+00 
2 2 1 
'MTEYNH' 
1 300.0 0.0 1.00000001E-01 0.00000000E+00 
 2.74408013E-01 
2 2 1 
'SSCOMH' 
1 300.0 0.0 1.00000001E-01 0.00000000E+00 
 8.23224831E+00 
2 2 1 
'CHAMPH' 
1 0.0 0.0 1.00000001E-01 0.00000000E+00 
 2.74408013E-01 
2 2 1 
'P.CLAH' 
1 0.0 0.0 1.00000001E-01 0.00000000E+00 
 2.74408013E-01 
2 2 1 
'D.INFH' 
1 0.0 0.0 1.00000001E-01 0.00000000E+00 
 2.74408013E-01 
2 2 1 
'REVI5H' 
1 300.0 0.0 1.00000001E-01 0.00000000E+00 
 0.00000000E+00 
2 2 2 
'BOCALH' 
1 0.0 80.0 1.00000001E-01 0.00000000E+00 
 0.00000000E+00 
2 2 2 
'REVI5P' 
1 300.0 0.0 1.00000001E-01 0.00000000E+00 
 0.00000000E+00 
2 2 2 
'S.PONH' 
1 300.0 0.0 1.00000001E-01 0.00000000E+00 
 2.74408013E-01 
2 2 1 
'CURBAH' 
1 300.0 0.0 1.00000001E-01 0.00000000E+00 
 1.37204099E+00 
2 2 1 
'LAZERH' 
1 300.0 0.0 1.00000001E-01 0.00000000E+00 
 2.74479985E-01 
2 2 2 
'SISTEH' 
1 0.0 0.0 1.00000001E-01 0.00000000E+00 
 1.37204099E+00 
2 2 1 
'SALIGH' 
1 300.0 0.0 1.00000001E-01 0.00000000E+00 
 1.37204099E+00 
2 2 1 
'ORAISH' 
1 300.0 0.0 1.00000001E-01 0.00000000E+00 
 1.37204099E+00 
2 2 1 
'MANOSH' 
1 0.0 0.0 1.00000001E-01 0.00000000E+00 
 1.37204099E+00 
2 2 1 
'BRILLH' 
1 0.0 0.0 1.00000001E-01 0.00000000E+00 
 1.37204099E+00 
2 2 1 
'LARGUH' 
1 0.0 0.0 1.00000001E-01 0.00000000E+00 
 1.37204099E+00 
2 2 1 
'SSTULH' 
1 0.0 0.0 1.00000001E-01 0.00000000E+00 
 1.37204099E+00 
2 2 1 
'SSTU8H' 
1 0.0 0.0 1.00000001E-01 0.00000000E+00 
 1.37204099E+00 
2 2 1 
'BXMONH' 
1 0.0 0.0 1.00000001E-01 0.00000000E+00 
 1.37204099E+00 
2 2 1 
'SSCROH' 
1 300.0 0.0 1.00000001E-01 0.00000000E+00 
 2.74408013E-01 
2 2 1 
'QUINSH' 
1 300.0 0.0 1.00000001E-01 0.00000000E+00 
 1.37204099E+00 
2 2 1 
'VINONH' 
1 300.0 0.0 1.00000001E-01 0.00000000E+00 
 1.37204099E+00 
2 2 2 
'JOUQUH' 
1 300.0 0.0 1.00000001E-01 0.00000000E+00 
 1.37204099E+00 
2 2 1 
'SSESTH' 
1 300.0 0.0 1.00000001E-01 0.00000000E+00 
 1.37204099E+00 
2 2 1 
'MALLEH' 
1 300.0 0.0 1.00000001E-01 0.00000000E+00 
 1.37204099E+00 
2 2 1 
'SALONH' 
1 300.0 0.0 1.00000001E-01 0.00000000E+00 
 1.37204099E+00 
2 2 1 
'SSCHAH' 
1 0.0 0.0 1.00000001E-01 0.00000000E+00 
 1.37204099E+00 
2 2 1 
'RHONEH' 
1 0.0 80.0 1.00000001E-01 0.00000000E+00 
 1.37204099E+00 
2 2 2 
'BERREH' 
1 0.0 800.0 1.00000001E-01 0.00000000E+00 
 1.37204099E+00 
2 2 2 
'MEDITH' 
1 0.0 0.0 1.00000001E-01 0.00000000E+00 
 1.37204099E+00 
2 2 1 
'SSCROP' 
1 300.0 0.0 1.00000001E-01 0.00000000E+00 
 1.37204099E+00 
2 2 2 
'MTPEZH' 
1 300.0 0.0 1.00000001E-01 0.00000000E+00 
 2.74408013E-01 
2 2 1 
'P.D.VH' 
1 0.0 80.0 1.00000001E-01 0.00000000E+00 
 1.37204103E+01 
2 2 1 
'BEYSSH' 
1 300.0 0.0 1.00000001E-01 0.00000000E+00 
 2.74408013E-01 
2 2 1 
'P.BORH' 
1 300.0 0.0 1.00000001E-01 0.00000000E+00 
 2.74408013E-01 
2 2 1 
'LAFIGH' 
1 0.0 0.0 1.00000001E-01 0.00000000E+00 
 2.74408013E-01 
2 2 1 
'SALELH' 
1 300.0 0.0 1.00000001E-01 0.00000000E+00 
 2.74408013E-01 
2 2 1 
'GRANDH' 
1 300.0 0.0 1.00000001E-01 0.00000000E+00 
 2.74408293E+00 
2 2 1 
'LANAUH' 
1 0.0 0.0 1.00000001E-01 0.00000000E+00 
 2.74408293E+00 
2 2 1 
'LARDIH' 
1 300.0 0.0 1.00000001E-01 0.00000000E+00 
 2.74408293E+00 
2 2 1 
'SARRAH' 
1 300.0 0.0 1.00000001E-01 0.00000000E+00 
 2.74408293E+00 
2 2 1 
'SARR8H' 
1 300.0 0.0 1.00000001E-01 0.00000000E+00 
 2.74408293E+00 
2 2 1 
'BROMMH' 
1 300.0 0.0 1.00000001E-01 0.00000000E+00 
 2.74408293E+00 
2 2 1 
'BROM8H' 
1 300.0 0.0 1.00000001E-01 0.00000000E+00 
 2.74408302E+01 
2 2 1 
'MTEZIH' 
1 300.0 0.0 1.00000001E-01 0.00000000E+00 
 2.74408293E+00 
2 2 1 
'COUESH' 
1 300.0 0.0 1.00000001E-01 0.00000000E+00 
 2.74408293E+00 
2 2 1 
'COUE8H' 
1 300.0 0.0 1.00000001E-01 0.00000000E+00 
 2.74408293E+00 
2 2 1 
'CAMBEH' 
1 300.0 0.0 0.00000000E+00 3.00000000E+00 
 1.37204103E+01 
2 2 1 
'MTEZIP' 
1 300.0 0.0 1.00000001E-01 0.00000000E+00 
 2.74408293E+00 
2 2 1 
'CSLNAH' 
1 300.0 0.0 1.00000001E-01 0.00000000E+00 
 0.00000000E+00 
2 2 1 
'GOLINH' 
1 300.0 0.0 1.00000001E-01 0.00000000E+00 
 2.74408293E+00 
2 2 1 
'BORT H' 
1 300.0 0.0 1.00000001E-01 0.00000000E+00 
 2.74408293E+00 
2 2 1 
'MAREFH' 
1 0.0 0.0 1.00000001E-01 0.00000000E+00 
 0.00000000E+00 
2 2 1 
'AIGL8H' 
1 300.0 0.0 1.00000001E-01 0.00000000E+00 
 2.74408293E+00 
2 2 1 
'AIGLEH' 
1 300.0 0.0 1.00000001E-01 0.00000000E+00 
 2.74408293E+00 
2 2 1 
'CHASTH' 
1 300.0 0.0 0.00000000E+00 9.00000000E+00 
 1.37204103E+01 
2 2 1 
'ARGE5H' 
1 300.0 0.0 0.00000000E+00 1.40000000E+01 
 1.37204102E+02 
2 2 1 
'PRAGNH' 
1 300.0 0.0 1.00000001E-01 0.00000000E+00 
 2.74408013E-01 
2 2 1 
'PRAG8H' 
1 300.0 0.0 1.00000001E-01 0.00000000E+00 
 2.74408013E-01 
2 2 2 
'PRAG9P' 
1 300.0 0.0 1.00000001E-01 0.00000000E+00 
 2.74408293E+00 
2 2 1 
'PRAGFH' 
1 0.0 0.0 1.00000001E-01 0.00000000E+00 
 2.74408013E-01 
2 2 1 
'LUZ 2H' 
1 0.0 0.0 1.00000001E-01 0.00000000E+00 
 2.74408013E-01 
2 2 1 
'GEDREH' 
1 300.0 0.0 1.00000001E-01 0.00000000E+00 
 1.09763298E+01 
2 2 1 
'LUZ 1H' 
1 0.0 0.0 1.00000001E-01 0.00000000E+00 
 2.74408013E-01 
2 2 1 
'P.REIH' 
1 0.0 0.0 1.00000001E-01 0.00000000E+00 
 2.74408013E-01 
2 2 1 
'SOULOH' 
1 0.0 0.0 1.00000001E-01 0.00000000E+00 
 2.74408013E-01 
2 2 2 
'HOSPIH' 
1 300.0 0.0 1.00000001E-01 0.00000000E+00 
 2.74408293E+00 
2 2 1 
'HOSP8H' 
1 300.0 0.0 1.00000001E-01 0.00000000E+00 
 6.86020691E+02 
2 2 2 
'HOSP9P' 
1 300.0 0.0 1.00000001E-01 0.00000000E+00 
 2.74408013E-01 
2 2 2 
'HOSPFH' 
1 0.0 0.0 1.00000001E-01 0.00000000E+00 
 2.74408293E+00 
2 2 2 
'MERENH' 
1 0.0 0.0 1.00000001E-01 0.00000000E+00 
 6.86020691E+02 
2 2 1 
'LAPARH' 
1 300.0 0.0 1.00000001E-01 0.00000000E+00 
 0.00000000E+00 
2 2 1 
'RIETEH' 
1 0.0 80.0 1.00000001E-01 0.00000000E+00 
 1.37204102E+03 
2 2 1 
'ASTONH' 
1 0.0 0.0 1.00000001E-01 0.00000000E+00 
 2.74408013E-01 
2 2 1 
'FERRIH' 
1 0.0 0.0 1.00000001E-01 0.00000000E+00 
 2.74408013E-01 
2 2 1 
'ORLU H' 
1 300.0 0.0 1.00000001E-01 0.00000000E+00 
 0.00000000E+00 
2 2 1 
'MTAHUH' 
1 300.0 0.0 1.00000001E-01 0.00000000E+00 
 2.74408293E+00 
2 2 1 
'ALRANH' 
1 300.0 0.0 1.00000001E-01 0.00000000E+00 
 1.37204103E+01 
2 2 1 
'POUG9H' 
1 300.0 0.0 1.00000001E-01 0.00000000E+00 
 2.74408293E+00 
2 2 1 
'PINETH' 
1 300.0 0.0 0.00000000E+00 2.00000000E+00 
 2.74380811E+03 
2 2 1 
'TRUELH' 
1 300.0 0.0 0.00000000E+00 2.00000000E+00 
 2.74408293E+00 
2 2 1 
'POUG8H' 
1 300.0 0.0 1.00000001E-01 0.00000000E+00 
 2.74408293E+00 
2 2 1 
'POUGEH' 
1 300.0 0.0 1.00000001E-01 0.00000000E+00 
 2.74408293E+00 
2 2 1 
'JOURDH' 
1 300.0 0.0 1.00000001E-01 0.00000000E+00 
 8.23224831E+00 
2 2 1 
'CROUXH' 
1 300.0 0.0 1.00000001E-01 0.00000000E+00 
 2.74408013E-01 
2 2 1 
'S.SABH' 
1 0.0 0.0 1.00000001E-01 0.00000000E+00 
 2.74408013E-01 
2 2 1 
'POUG9P' 
1 300.0 0.0 1.00000001E-01 0.00000000E+00 
 2.74408293E+00 
2 2 1 
'FIN_NOEUD' 
'AIN' 2  5.00000000E+01 2 2 
'ARC' 2  5.00000000E+01 2 2 
'H-ISERE' 2  5.00000000E+01 2 2 
'ROSELEND' 2  5.00000000E+01 2 2 
'ROMANCHE' 2  5.00000000E+01 2 2 
'DRAC1' 2  5.00000000E+01 2 2 
'DRAC2' 2  5.00000000E+01 2 2 
'REVIN' 2  5.00000000E+01 2 2 
'DURANCE' 2  5.00000000E+01 2 1 
'MONTPEZA' 2  5.00000000E+01 2 2 
'BEYSSAC' 2  5.00000000E+01 2 1 
'CHASSEZA' 2  5.00000000E+01 2 1 
'TRUY-SUP' 2  5.00000000E+01 2 1 
'LARDIT' 2  5.00000000E+01 2 1 
'TRUY-INF' 2  5.00000000E+01 2 1 
'LOT' 2  5.00000000E+01 2 1 
'DORDOGNE' 2  5.00000000E+01 2 1 
'PRAGNERE' 2  5.00000000E+01 2 1 
'ARIEGE' 2  5.00000000E+01 2 1 
'ORLU' 2  5.00000000E+01 2 1 
'MONTAHUT' 2  5.00000000E+01 2 1 
'TARN' 2  5.00000000E+01 2 1 
'FIN' 
