'MOD_THM' '30/12/2010' '21:41' 
'BLAYAT 1' 
100 100  3.00000000E+01 0 0 0 0 0 0 0 0 
0 1 1 4 1  0.00000000E+00  0.00000000E+00  1.90562500E+03 1 2  0.00000000E+00 
0 2880 2 
'BLAYAT 2' 
100 100  1.00000000E+01 0 0 0 0 0 0 0 0 
3 1 1 4 1  8.40000000E+03  0.00000000E+00  1.90562500E+03 1 2  0.00000000E+00 
2400 2760 8 1  2.00000000E+02  0.00000000E+00 
30 2370 9 1  9.39000000E+02  0.00000000E+00 
2790 2880 9 1  9.39000000E+02  0.00000000E+00 
2400 2760 2 
'BLAYAT 3' 
100 100  1.00000000E+01 0 0 0 0 0 0 0 0 
2 7 1 4 1  1.44000000E+04  0.00000000E+00  1.90562500E+03 1 2  0.00000000E+00 
0 2880 3 2  0.00000000E+00  0.00000000E+00 
0 2880 11 2  0.00000000E+00  0.00000000E+00 
0 240 2 
270 300 2 
330 330 2 
360 360 2 
390 390 2 
420 420 2 
450 2880 2 
'BLAYAT 4' 
100 100  1.00000000E+01 0 0 0 0 0 0 0 0 
4 6 1 4 1  8.80000000E+03  0.00000000E+00  1.90562500E+03 1 2  0.00000000E+00 
30 1080 8 1  1.90000000E+02  0.00000000E+00 
2280 2400 8 1  1.90000000E+02  0.00000000E+00 
1110 2250 9 1  9.09000000E+02  0.00000000E+00 
2430 2880 9 1  9.09000000E+02  0.00000000E+00 
0 720 2 
750 750 2 
780 780 2 
810 870 2 
900 1080 2 
2280 2400 2 
'BUGEYT 2' 
100 100  3.00000000E+01 0 0 0 0 0 0 0 0 
2 1 1 4 1  2.80000000E+03  0.00000000E+00  1.90562500E+03 1 2  0.00000000E+00 
0 2880 3 2  0.00000000E+00  0.00000000E+00 
0 2880 11 2  0.00000000E+00  0.00000000E+00 
0 2880 2 
'BUGEYT 3' 
100 100  3.00000000E+01 0 0 0 0 0 0 0 0 
2 1 1 4 1  7.60000000E+03  0.00000000E+00  1.90562500E+03 1 2  0.00000000E+00 
0 2880 3 2  0.00000000E+00  0.00000000E+00 
0 2880 11 2  0.00000000E+00  0.00000000E+00 
0 2880 2 
'BUGEYT 4' 
100 100  1.00000000E+01 0 0 0 0 0 0 0 0 
2 2 1 4 1  8.00000000E+03  0.00000000E+00  1.90562500E+03 1 2  0.00000000E+00 
0 2880 3 2  0.00000000E+00  0.00000000E+00 
0 2880 11 2  0.00000000E+00  0.00000000E+00 
0 0 2 
30 2880 2 
'BUGEYT 5' 
100 100  1.40000000E+01 0 0 0 0 0 0 0 0 
2 0 1 4 1  7.20000000E+03  0.00000000E+00  1.90562500E+03 1 2  0.00000000E+00 
0 2880 3 2  0.00000000E+00  0.00000000E+00 
30 2880 18 1  1.60000000E+01  0.00000000E+00 
'BVIL7T 1' 
100 100  4.00000000E+01 0 0 0 0 0 0 0 0 
0 1 1 4 1  0.00000000E+00  0.00000000E+00  1.90562500E+03 1 2  0.00000000E+00 
0 2880 2 
'BVIL7T 2' 
100 100  4.00000000E+01 0 0 0 0 0 0 0 0 
0 0 1 4 1  1.16000000E+04  0.00000000E+00  1.90562500E+03 1 2  0.00000000E+00 
'CATTET 1' 
100 100  4.00000000E+01 0 0 0 0 0 0 0 0 
2 1 1 4 1  1.32000000E+04  0.00000000E+00  1.90562500E+03 1 2  0.00000000E+00 
0 2880 3 2  0.00000000E+00  0.00000000E+00 
0 2880 11 2  0.00000000E+00  0.00000000E+00 
0 2880 2 
'CATTET 2' 
100 100  4.00000000E+01 0 0 0 0 0 0 0 0 
4 2 1 4 1  4.80000000E+03  0.00000000E+00  1.90562500E+03 1 2  0.00000000E+00 
180 240 8 1  1.24300000E+03  0.00000000E+00 
1080 1890 8 1  1.13600000E+03  0.00000000E+00 
30 1890 9 1  1.29800000E+03  0.00000000E+00 
30 2880 18 1  1.10000000E+01  0.00000000E+00 
1920 2880 2 
180 240 2 
'CATTET 3' 
100 100  4.00000000E+01 0 0 0 0 0 0 0 0 
2 3 1 4 1  0.00000000E+00  0.00000000E+00  1.90562500E+03 1 2  0.00000000E+00 
240 300 8 1  1.20300000E+03  0.00000000E+00 
240 300 9 1  1.25700000E+03  0.00000000E+00 
330 2880 2 
0 210 2 
240 300 2 
'CATTET 4' 
100 100  4.00000000E+01 0 0 0 0 0 0 0 0 
0 0 1 4 1  4.00000000E+02  0.00000000E+00  1.90562500E+03 1 2  0.00000000E+00 
'CHIN2T 1' 
100 100  3.00000000E+01 0 0 0 0 0 0 0 0 
0 1 1 4 1  0.00000000E+00  0.00000000E+00  1.90562500E+03 1 2  0.00000000E+00 
0 2880 2 
'CHIN2T 2' 
100 100  3.00000000E+01 0 0 0 0 0 0 0 0 
1 3 1 4 1  0.00000000E+00  0.00000000E+00  1.90562500E+03 1 2  0.00000000E+00 
1020 1080 9 1  8.28000000E+02  0.00000000E+00 
0 990 2 
1110 2880 2 
1020 1080 2 
'CHIN2T 3' 
100 100  3.00000000E+01 0 0 0 0 0 0 0 0 
3 3 1 4 1  1.00000000E+04  0.00000000E+00  1.90562500E+03 1 2  0.00000000E+00 
0 2880 3 2  0.00000000E+00  0.00000000E+00 
0 2880 11 2  0.00000000E+00  0.00000000E+00 
840 900 9 1  7.88000000E+02  0.00000000E+00 
0 810 2 
930 2880 2 
840 900 2 
'CHIN2T 4' 
100 100  3.00000000E+01 0 0 0 0 0 0 0 0 
0 5 1 4 1  0.00000000E+00  0.00000000E+00  1.90562500E+03 1 2  0.00000000E+00 
0 930 2 
1050 1050 2 
1200 2880 2 
960 1020 2 
1080 1170 2 
'CHOO2T 1' 
100 100  3.10000000E+01 0 0 0 0 0 0 0 0 
1 0 1 4 1  0.00000000E+00  0.00000000E+00  1.90562500E+03 1 2  0.00000000E+00 
0 2880 4 2  0.00000000E+00  0.00000000E+00 
'CHOO2T 2' 
100 100  1.50000000E+01 0 0 0 0 0 0 0 0 
1 1 1 4 1  0.00000000E+00  0.00000000E+00  1.90562500E+03 1 2  0.00000000E+00 
0 2880 3 2  0.00000000E+00  0.00000000E+00 
0 2880 2 
'CIVAUT 1' 
100 100  1.50000000E+01 0 0 0 0 0 0 0 0 
1 1 1 8 1  1.36000000E+04  0.00000000E+00  1.90562500E+03 1 2  0.00000000E+00 
0 2880 3 2  0.00000000E+00  0.00000000E+00 
840 900 2 
'CIVAUT 2' 
100 100  1.50000000E+01 0 0 0 0 0 0 0 0 
1 1 1 8 1  1.60000000E+03  0.00000000E+00  1.90562500E+03 1 2  0.00000000E+00 
0 2880 3 2  0.00000000E+00  0.00000000E+00 
960 1020 2 
'CRUA5T 1' 
100 100  3.00000000E+01 0 0 0 0 0 0 0 0 
3 1 1 4 1  1.48000000E+04  0.00000000E+00  1.90562500E+03 1 2  0.00000000E+00 
30 330 8 1  1.85000000E+02  0.00000000E+00 
360 2880 9 1  8.95000000E+02  0.00000000E+00 
30 2880 18 1  0.00000000E+00  0.00000000E+00 
360 2880 2 
'CRUA5T 2' 
100 100  3.00000000E+01 0 0 0 0 0 0 0 0 
6 5 1 4 1  1.52000000E+04  0.00000000E+00  1.90562500E+03 1 2  0.00000000E+00 
270 930 8 1  1.85000000E+02  0.00000000E+00 
960 1020 8 1  7.62000000E+02  0.00000000E+00 
2490 2880 8 1  1.85000000E+02  0.00000000E+00 
30 240 9 1  8.90000000E+02  0.00000000E+00 
960 1020 9 1  7.98000000E+02  0.00000000E+00 
1050 2460 9 1  8.90000000E+02  0.00000000E+00 
0 180 2 
210 210 2 
240 240 2 
1050 2460 2 
960 1020 2 
'CRUA5T 3' 
100 100  1.00000000E+01 0 0 0 0 0 0 0 0 
1 3 1 4 1  0.00000000E+00  0.00000000E+00  1.90562500E+03 1 2  0.00000000E+00 
0 2880 3 2  0.00000000E+00  0.00000000E+00 
0 510 2 
540 720 2 
750 2880 2 
'CRUA5T 4' 
100 100  3.00000000E+01 0 0 0 0 0 0 0 0 
4 3 1 4 1  0.00000000E+00  0.00000000E+00  1.90562500E+03 1 2  0.00000000E+00 
180 240 8 1  6.82000000E+02  0.00000000E+00 
180 240 9 1  7.18000000E+02  0.00000000E+00 
30 2880 18 1  2.00000000E+01  0.00000000E+00 
180 240 17 1  2.00000000E+01  0.00000000E+00 
0 150 2 
270 2880 2 
180 240 2 
'D.BURT 1' 
100 100  3.00000000E+01 0 0 0 0 0 0 0 0 
3 3 1 4 1  4.00000000E+03  0.00000000E+00  1.90562500E+03 1 2  0.00000000E+00 
1050 2880 4 1  0.00000000E+00  0.00000000E+00 
990 2880 8 1  6.44000000E+02  0.00000000E+00 
30 960 9 1  8.77000000E+02  0.00000000E+00 
0 900 2 
930 930 2 
960 960 2 
'D.BURT 2' 
100 100  4.00000000E+00 0 0 0 0 0 0 0 0 
1 1 1 4 1  0.00000000E+00  0.00000000E+00  1.90562500E+03 1 2  0.00000000E+00 
30 2880 18 1  1.00000000E+01  0.00000000E+00 
0 2880 2 
'D.BURT 3' 
100 100  3.00000000E+01 0 0 0 0 0 0 0 0 
0 0 1 4 1  5.60000000E+03  0.00000000E+00  1.90562500E+03 1 2  0.00000000E+00 
'D.BURT 4' 
100 100  3.00000000E+01 0 0 0 0 0 0 0 0 
0 1 1 4 1  0.00000000E+00  0.00000000E+00  1.90562500E+03 1 2  0.00000000E+00 
0 2880 2 
'FESS5T 1' 
100 100  9.00000000E+00 0 0 0 0 0 0 0 0 
2 1 1 4 1  0.00000000E+00  0.00000000E+00  1.90562500E+03 1 2  0.00000000E+00 
0 2880 3 2  0.00000000E+00  0.00000000E+00 
30 2880 18 1  1.60000000E+01  0.00000000E+00 
0 2880 2 
'FESS5T 2' 
100 100  1.72666705E+00 0 0 0 0 0 0 0 0 
2 1 1 4 1  0.00000000E+00  0.00000000E+00  1.90562500E+03 1 2  0.00000000E+00 
0 2880 3 2  0.00000000E+00  0.00000000E+00 
30 2880 18 1  1.70000000E+01  0.00000000E+00 
0 2880 2 
'FLAMAT 1' 
100 100  4.00000000E+01 0 0 0 0 0 0 0 0 
0 0 1 4 1  1.56000000E+04  0.00000000E+00  1.90562500E+03 1 2  0.00000000E+00 
'FLAMAT 2' 
100 100  4.00000000E+01 0 0 0 0 0 0 0 0 
0 0 1 4 1  2.00000000E+03  0.00000000E+00  1.90562500E+03 1 2  0.00000000E+00 
'GOLF5T 1' 
100 100  4.00000000E+01 0 0 0 0 0 0 0 0 
0 1 1 4 1  1.24000000E+04  0.00000000E+00  1.90562500E+03 1 2  0.00000000E+00 
600 720 2 
'GOLF5T 2' 
100 100  4.00000000E+01 0 0 0 0 0 0 0 0 
2 1 1 4 1  0.00000000E+00  0.00000000E+00  1.90562500E+03 1 2  0.00000000E+00 
0 2880 3 2  0.00000000E+00  0.00000000E+00 
0 2880 4 1  0.00000000E+00  0.00000000E+00 
60 120 2 
'GRAV5T 1' 
100 100  3.00000000E+01 0 0 0 0 0 0 0 0 
0 0 1 4 1  8.00000000E+02  0.00000000E+00  1.90562500E+03 1 2  0.00000000E+00 
'GRAV5T 2' 
100 100  3.00000000E+01 0 0 0 0 0 0 0 0 
4 0 1 4 1  6.40000000E+03  0.00000000E+00  1.90562500E+03 1 2  0.00000000E+00 
30 1890 8 1  4.48000000E+02  0.00000000E+00 
1920 2880 8 1  8.42000000E+02  0.00000000E+00 
30 2880 18 1  1.00000000E+01  0.00000000E+00 
1920 2880 17 1  1.00000000E+01  0.00000000E+00 
'GRAV5T 3' 
100 100  3.00000000E+01 0 0 0 0 0 0 0 0 
2 1 1 4 1  1.04000000E+04  0.00000000E+00  1.90562500E+03 1 2  0.00000000E+00 
0 2880 3 2  0.00000000E+00  0.00000000E+00 
0 2880 11 2  0.00000000E+00  0.00000000E+00 
0 2880 2 
'GRAV5T 4' 
100 100  3.00000000E+01 0 0 0 0 0 0 0 0 
6 3 1 4 1  6.80000000E+03  0.00000000E+00  1.90562500E+03 1 2  0.00000000E+00 
30 60 8 1  2.38000000E+02  0.00000000E+00 
540 2880 8 1  7.61000000E+02  0.00000000E+00 
30 60 9 1  8.97000000E+02  0.00000000E+00 
540 2880 9 1  8.97000000E+02  0.00000000E+00 
30 2880 18 1  1.00000000E+01  0.00000000E+00 
540 2880 17 1  1.00000000E+01  0.00000000E+00 
90 90 2 
120 480 2 
510 510 2 
'GRAV5T 5' 
100 100  1.40000000E+01 0 0 0 0 0 0 0 0 
6 1 1 4 1  2.40000000E+03  0.00000000E+00  1.90562500E+03 1 2  0.00000000E+00 
0 1710 4 1  0.00000000E+00  0.00000000E+00 
30 270 8 1  7.81000000E+02  0.00000000E+00 
300 1710 8 1  8.81000000E+02  0.00000000E+00 
1740 2880 9 1  9.14000000E+02  0.00000000E+00 
30 2880 18 1  1.00000000E+01  0.00000000E+00 
30 1710 17 1  1.00000000E+01  0.00000000E+00 
1740 2880 2 
'GRAV5T 6' 
100 100  1.50000000E+01 0 0 0 0 0 0 0 0 
0 5 1 4 1  0.00000000E+00  0.00000000E+00  1.90562500E+03 1 2  0.00000000E+00 
0 180 2 
210 210 2 
240 240 2 
360 2880 2 
270 330 2 
'N.SE5T 1' 
100 100  3.10000000E+01 0 0 0 0 0 0 0 0 
0 1 1 4 1  0.00000000E+00  0.00000000E+00  1.90562500E+03 1 2  0.00000000E+00 
0 2880 2 
'N.SE5T 2' 
100 100  4.00000000E+01 0 0 0 0 0 0 0 0 
0 2 1 4 1  0.00000000E+00  0.00000000E+00  1.90562500E+03 1 2  0.00000000E+00 
30 2880 2 
0 0 2 
'PALUET 1' 
100 100  4.00000000E+01 0 0 0 0 0 0 0 0 
3 2 1 4 1  1.20000000E+04  0.00000000E+00  1.90562500E+03 1 2  0.00000000E+00 
30 450 8 1  9.66000000E+02  0.00000000E+00 
750 2880 8 1  9.66000000E+02  0.00000000E+00 
480 720 9 1  1.31000000E+03  0.00000000E+00 
480 720 2 
120 180 2 
'PALUET 2' 
100 100  3.00000000E+01 0 0 0 0 0 0 0 0 
2 4 1 4 1  4.40000000E+03  0.00000000E+00  1.90562500E+03 1 2  0.00000000E+00 
30 1020 8 1  2.70000000E+02  0.00000000E+00 
1050 2880 9 1  1.30500000E+03  0.00000000E+00 
0 960 2 
990 990 2 
1020 1020 2 
1050 1080 2 
'PALUET 3' 
100 100  4.00000000E+01 0 0 0 0 0 0 0 0 
2 1 1 4 1  1.12000000E+04  0.00000000E+00  1.90562500E+03 1 2  0.00000000E+00 
0 2880 3 2  0.00000000E+00  0.00000000E+00 
0 2880 11 2  0.00000000E+00  0.00000000E+00 
0 2880 2 
'PALUET 4' 
100 100  4.00000000E+01 0 0 0 0 0 0 0 0 
3 0 1 4 1  1.20000000E+03  0.00000000E+00  1.90562500E+03 1 2  0.00000000E+00 
1620 1680 8 1  1.29000000E+03  0.00000000E+00 
30 1590 9 1  1.29900000E+03  0.00000000E+00 
1710 2880 9 1  1.29900000E+03  0.00000000E+00 
'PENLYT 1' 
100 100  3.00000000E+01 0 0 0 0 0 0 0 0 
5 2 1 4 1  1.28000000E+04  0.00000000E+00  1.90562500E+03 1 2  0.00000000E+00 
0 2880 3 2  0.00000000E+00  0.00000000E+00 
30 1950 8 1  1.13000000E+03  0.00000000E+00 
840 960 9 1  1.30000000E+03  0.00000000E+00 
1980 2880 9 1  1.33000000E+03  0.00000000E+00 
30 2880 18 1  1.40000000E+01  0.00000000E+00 
1980 2880 2 
840 960 2 
'PENLYT 2' 
100 100  4.00000000E+01 0 0 0 0 0 0 0 0 
6 1 1 4 1  3.20000000E+03  0.00000000E+00  1.90562500E+03 1 2  0.00000000E+00 
0 2880 4 1  0.00000000E+00  0.00000000E+00 
30 2880 8 1  1.14500000E+03  0.00000000E+00 
30 930 9 1  1.32000000E+03  0.00000000E+00 
960 1020 9 1  1.30800000E+03  0.00000000E+00 
1050 2880 9 1  1.32000000E+03  0.00000000E+00 
30 2880 18 1  1.50000000E+01  0.00000000E+00 
960 1020 2 
'SSAL7T 1' 
100 100  4.00000000E+01 0 0 0 0 0 0 0 0 
2 1 1 4 1  5.20000000E+03  0.00000000E+00  1.90562500E+03 1 2  0.00000000E+00 
0 2880 3 2  0.00000000E+00  0.00000000E+00 
0 2880 11 2  0.00000000E+00  0.00000000E+00 
0 2880 2 
'SSAL7T 2' 
100 100  4.00000000E+01 0 0 0 0 0 0 0 0 
1 0 1 4 1  1.40000000E+04  0.00000000E+00  1.90562500E+03 1 2  0.00000000E+00 
30 2880 18 1  1.50000000E+01  0.00000000E+00 
'SSEA2T 1' 
100 100  3.00000000E+01 0 0 0 0 0 0 0 0 
9 1 1 4 1  3.60000000E+03  0.00000000E+00  1.90562500E+03 1 2  0.00000000E+00 
0 2880 3 2  0.00000000E+00  0.00000000E+00 
0 2880 4 1  0.00000000E+00  0.00000000E+00 
30 870 9 1  9.00000000E+02  0.00000000E+00 
900 960 9 1  8.18000000E+02  0.00000000E+00 
990 2880 9 1  9.00000000E+02  0.00000000E+00 
30 870 18 1  1.60000000E+01  0.00000000E+00 
990 2880 18 1  1.60000000E+01  0.00000000E+00 
30 870 17 1  1.60000000E+01  0.00000000E+00 
990 2880 17 1  1.60000000E+01  0.00000000E+00 
900 960 2 
'SSEA2T 2' 
100 100  3.00000000E+01 0 0 0 0 0 0 0 0 
5 2 1 4 1  1.08000000E+04  0.00000000E+00  1.90562500E+03 1 2  0.00000000E+00 
30 450 8 1  7.04000000E+02  0.00000000E+00 
960 2880 8 1  7.13000000E+02  0.00000000E+00 
30 450 9 1  9.00000000E+02  0.00000000E+00 
960 1020 9 1  8.18000000E+02  0.00000000E+00 
1050 2880 9 1  9.00000000E+02  0.00000000E+00 
480 930 2 
960 1020 2 
'TRICAT 1' 
100 100  3.00000000E+01 0 0 0 0 0 0 0 0 
4 4 1 4 1  9.60000000E+03  0.00000000E+00  1.90562500E+03 1 2  0.00000000E+00 
270 1830 8 1  3.04000000E+02  0.00000000E+00 
2250 2880 8 1  3.04000000E+02  0.00000000E+00 
270 1830 9 1  9.06000000E+02  0.00000000E+00 
2250 2880 9 1  9.06000000E+02  0.00000000E+00 
0 120 2 
150 150 2 
180 240 2 
1860 2220 2 
'TRICAT 2' 
100 100  3.00000000E+01 0 0 0 0 0 0 0 0 
0 3 1 4 1  0.00000000E+00  0.00000000E+00  1.90562500E+03 1 2  0.00000000E+00 
0 780 2 
1110 2880 2 
810 1080 2 
'TRICAT 3' 
100 100  3.00000000E+01 0 0 0 0 0 0 0 0 
1 0 1 4 1  9.20000000E+03  0.00000000E+00  1.90562500E+03 1 2  0.00000000E+00 
30 2880 8 1  5.41000000E+02  0.00000000E+00 
'TRICAT 4' 
100 100  3.00000000E+01 0 0 0 0 0 0 0 0 
0 0 1 4 1  6.00000000E+03  0.00000000E+00  1.90562500E+03 1 2  0.00000000E+00 
'BLENOT 2' 
100 100  2.00000000E+00 0 0 0 0 0 0 0 0 
6 0 1 8 0  0.00000000E+00  0.00000000E+00  1.90562500E+03 1 2  0.00000000E+00 
0 480 4 2  0.00000000E+00  0.00000000E+00 
0 2880 21 1  0.00000000E+00  0.00000000E+00 
0 2880 24 1  2.50000000E+01  0.00000000E+00 
0 2880 12 1  2.50000000E+01  0.00000000E+00 
30 2880 23 1  5.00000000E+00  0.00000000E+00 
30 2880 17 1  5.00000000E+00  0.00000000E+00 
'BLENOT 3' 
100 100  2.00000000E+00 0 0 0 0 0 0 0 0 
5 0 1 8 0  0.00000000E+00  0.00000000E+00  1.90562500E+03 1 2  0.00000000E+00 
0 2880 21 1  0.00000000E+00  0.00000000E+00 
0 2880 24 1  2.50000000E+01  0.00000000E+00 
0 2880 12 1  2.50000000E+01  0.00000000E+00 
30 2880 23 1  5.00000000E+00  0.00000000E+00 
30 2880 17 1  5.00000000E+00  0.00000000E+00 
'BLENOT 4' 
100 100  2.00000000E+00 0 0 0 0 0 0 0 0 
6 0 1 8 0  0.00000000E+00  0.00000000E+00  1.90562500E+03 1 2  0.00000000E+00 
30 1440 4 2  0.00000000E+00  0.00000000E+00 
0 2880 21 1  0.00000000E+00  0.00000000E+00 
0 2880 24 1  2.50000000E+01  0.00000000E+00 
0 2880 12 1  2.50000000E+01  0.00000000E+00 
30 2880 23 1  5.00000000E+00  0.00000000E+00 
30 2880 17 1  5.00000000E+00  0.00000000E+00 
'BOUCHT 1' 
100 100  4.00000000E+00 0 0 0 0 0 0 0 0 
3 0 1 8 0  0.00000000E+00  0.00000000E+00  1.90562500E+03 1 2  0.00000000E+00 
0 2880 21 1  0.00000000E+00  0.00000000E+00 
30 2880 23 1  5.00000000E+00  0.00000000E+00 
30 2880 17 1  0.00000000E+00  0.00000000E+00 
'CORD5T 4' 
100 100  3.00000000E+00 0 0 0 0 0 0 0 0 
6 0 1 8 0  0.00000000E+00  0.00000000E+00  1.90562500E+03 1 2  0.00000000E+00 
0 2880 10 1  0.00000000E+00  0.00000000E+00 
0 2880 24 1  4.00000000E+01  0.00000000E+00 
0 2880 12 1  0.00000000E+00  0.00000000E+00 
0 2880 30 2  0.00000000E+00  0.00000000E+00 
30 2880 23 1  1.20000000E+01  0.00000000E+00 
30 2880 17 1  2.00000000E+01  0.00000000E+00 
'CORD5T 5' 
100 100  5.00000000E+00 0 0 0 0 0 0 0 0 
6 0 1 8 0  0.00000000E+00  0.00000000E+00  1.90562500E+03 1 2  0.00000000E+00 
0 2880 10 1  0.00000000E+00  0.00000000E+00 
0 2880 24 1  4.00000000E+01  0.00000000E+00 
0 2880 12 1  0.00000000E+00  0.00000000E+00 
0 2880 30 2  0.00000000E+00  0.00000000E+00 
30 2880 23 1  1.20000000E+01  0.00000000E+00 
30 2880 17 1  2.00000000E+01  0.00000000E+00 
'HAVRET 1' 
100 100  2.20000005E+00 0 0 0 0 0 0 0 0 
4 0 1 8 0  0.00000000E+00  0.00000000E+00  1.90562500E+03 1 2  0.00000000E+00 
0 2880 24 1  2.30000000E+01  0.00000000E+00 
0 2880 12 1  1.90000000E+01  0.00000000E+00 
30 2880 23 1  5.00000000E+00  0.00000000E+00 
30 2880 17 1  1.00000000E+01  0.00000000E+00 
'HAVRET 2' 
100 100  2.00000000E+00 0 0 0 0 0 0 0 0 
4 0 1 8 0  0.00000000E+00  0.00000000E+00  1.90562500E+03 1 2  0.00000000E+00 
0 2880 24 1  2.00000000E+01  0.00000000E+00 
0 2880 12 1  3.00000000E+01  0.00000000E+00 
30 2880 23 1  1.20000000E+01  0.00000000E+00 
30 2880 17 1  3.00000000E+01  0.00000000E+00 
'HAVRET 4' 
100 100  3.59999990E+00 0 0 0 0 0 0 0 0 
7 0 1 8 0  0.00000000E+00  0.00000000E+00  1.90562500E+03 1 2  0.00000000E+00 
0 1680 4 2  0.00000000E+00  0.00000000E+00 
0 2880 24 1  2.90000000E+01  0.00000000E+00 
0 2880 12 1  2.20000000E+01  0.00000000E+00 
0 2880 30 2  0.00000000E+00  0.00000000E+00 
30 1680 8 1  2.82000000E+02  0.00000000E+00 
30 2880 23 1  1.20000000E+01  0.00000000E+00 
30 2880 17 1  1.40000000E+01  0.00000000E+00 
'MAXE T 1' 
100 100  2.00000000E+00 0 0 0 0 0 0 0 0 
4 0 1 8 0  0.00000000E+00  0.00000000E+00  1.90562500E+03 1 2  0.00000000E+00 
0 2880 24 1  2.50000000E+01  0.00000000E+00 
0 2880 12 1  2.50000000E+01  0.00000000E+00 
30 2880 23 1  5.00000000E+00  0.00000000E+00 
30 2880 17 1  2.50000000E+01  0.00000000E+00 
'MAXE T 2' 
100 100  2.00000000E+00 0 0 0 0 0 0 0 0 
4 0 1 8 0  0.00000000E+00  0.00000000E+00  1.90562500E+03 1 2  0.00000000E+00 
0 2880 24 1  2.50000000E+01  0.00000000E+00 
0 2880 12 1  2.50000000E+01  0.00000000E+00 
30 2880 23 1  5.00000000E+00  0.00000000E+00 
30 2880 17 1  2.50000000E+01  0.00000000E+00 
'VITRYT 3' 
100 100  2.00000000E+00 0 0 0 0 0 0 0 0 
5 0 1 8 0  0.00000000E+00  0.00000000E+00  1.90562500E+03 1 2  0.00000000E+00 
0 2880 24 1  2.50000000E+01  0.00000000E+00 
0 2880 12 1  2.50000000E+01  0.00000000E+00 
0 2880 30 2  0.00000000E+00  0.00000000E+00 
30 2880 23 1  5.00000000E+00  0.00000000E+00 
30 2880 17 1  5.00000000E+00  0.00000000E+00 
'VITRYT 4' 
100 100  2.00000000E+00 0 0 0 0 0 0 0 0 
5 0 1 8 0  0.00000000E+00  0.00000000E+00  1.90562500E+03 1 2  0.00000000E+00 
0 2880 24 1  2.50000000E+01  0.00000000E+00 
0 2880 12 1  2.50000000E+01  0.00000000E+00 
0 2880 30 2  0.00000000E+00  0.00000000E+00 
30 2880 23 1  5.00000000E+00  0.00000000E+00 
30 2880 17 1  5.00000000E+00  0.00000000E+00 
'ARAMOT 1' 
100 100  1.00000000E+01 0 0 0 0 0 0 0 0 
5 0 1 8 0  0.00000000E+00  0.00000000E+00  1.90562500E+03 1 2  0.00000000E+00 
0 2880 10 1  0.00000000E+00  0.00000000E+00 
0 2880 11 2  0.00000000E+00  0.00000000E+00 
0 2880 12 1  0.00000000E+00  0.00000000E+00 
30 2880 23 1  1.40000000E+01  0.00000000E+00 
30 2880 17 1  7.00000000E+01  0.00000000E+00 
'ARAMOT 2' 
100 100  1.00000000E+01 0 0 0 0 0 0 0 0 
5 0 1 8 0  0.00000000E+00  0.00000000E+00  1.90562500E+03 1 2  0.00000000E+00 
0 2880 3 2  0.00000000E+00  0.00000000E+00 
0 2880 10 1  0.00000000E+00  0.00000000E+00 
0 2880 12 1  0.00000000E+00  0.00000000E+00 
30 2880 23 1  1.40000000E+01  0.00000000E+00 
30 2880 17 1  7.00000000E+01  0.00000000E+00 
'CORD5T 2' 
100 100  8.00000000E+00 0 0 0 0 0 0 0 0 
5 0 1 8 0  0.00000000E+00  0.00000000E+00  1.90562500E+03 1 2  0.00000000E+00 
0 2700 4 1  0.00000000E+00  0.00000000E+00 
0 2880 24 1  7.00000000E+01  0.00000000E+00 
0 2880 12 1  7.00000000E+01  0.00000000E+00 
30 2880 23 1  1.30000000E+01  0.00000000E+00 
30 2880 17 1  7.00000000E+01  0.00000000E+00 
'CORD5T 3' 
100 100  8.00000000E+00 0 0 0 0 0 0 0 0 
5 0 1 8 0  0.00000000E+00  0.00000000E+00  1.90562500E+03 1 2  0.00000000E+00 
0 2880 4 1  0.00000000E+00  0.00000000E+00 
0 2880 24 1  7.00000000E+01  0.00000000E+00 
0 2880 12 1  7.00000000E+01  0.00000000E+00 
30 2880 23 1  1.30000000E+01  0.00000000E+00 
30 2880 17 1  7.00000000E+01  0.00000000E+00 
'GENN3T 1' 
100 70  1.00000000E+00 0 0 0 0 0 0 0 0 
29 0 1 8 0  0.00000000E+00  0.00000000E+00  1.90562500E+03 1 2  0.00000000E+00 
0 450 4 2  0.00000000E+00  0.00000000E+00 
870 1050 4 2  0.00000000E+00  0.00000000E+00 
1230 1890 4 2  0.00000000E+00  0.00000000E+00 
2310 2490 4 2  0.00000000E+00  0.00000000E+00 
0 2880 11 2  0.00000000E+00  0.00000000E+00 
480 840 8 1  2.03000000E+02  0.00000000E+00 
1080 1200 8 1  2.03000000E+02  0.00000000E+00 
1920 2280 8 1  2.03000000E+02  0.00000000E+00 
2520 2880 8 1  2.03000000E+02  0.00000000E+00 
480 840 9 1  2.03000000E+02  0.00000000E+00 
1080 1200 9 1  2.03000000E+02  0.00000000E+00 
1920 2280 9 1  2.03000000E+02  0.00000000E+00 
2520 2880 9 1  2.03000000E+02  0.00000000E+00 
30 450 23 1  4.00000000E+00  0.00000000E+00 
480 840 23 1  0.00000000E+00  0.00000000E+00 
870 1050 23 1  4.00000000E+00  0.00000000E+00 
1080 1200 23 1  0.00000000E+00  0.00000000E+00 
1230 1890 23 1  4.00000000E+00  0.00000000E+00 
1920 2280 23 1  0.00000000E+00  0.00000000E+00 
2310 2490 23 1  4.00000000E+00  0.00000000E+00 
2520 2880 23 1  0.00000000E+00  0.00000000E+00 
30 450 17 1  1.80000000E+01  0.00000000E+00 
480 840 17 1  0.00000000E+00  0.00000000E+00 
870 1050 17 1  1.80000000E+01  0.00000000E+00 
1080 1200 17 1  0.00000000E+00  0.00000000E+00 
1230 1890 17 1  1.80000000E+01  0.00000000E+00 
1920 2280 17 1  0.00000000E+00  0.00000000E+00 
2310 2490 17 1  1.80000000E+01  0.00000000E+00 
2520 2880 17 1  0.00000000E+00  0.00000000E+00 
'M.PONT 1' 
100 100  3.00000000E+00 0 0 0 0 0 0 0 0 
4 0 1 8 0  0.00000000E+00  0.00000000E+00  1.90562500E+03 1 2  0.00000000E+00 
0 2880 24 1  2.50000000E+01  0.00000000E+00 
0 2880 12 1  2.50000000E+01  0.00000000E+00 
30 2880 23 1  5.00000000E+00  0.00000000E+00 
30 2880 17 1  2.50000000E+01  0.00000000E+00 
'M.PONT 2' 
100 100  3.00000000E+00 0 0 0 0 0 0 0 0 
6 0 1 8 0  0.00000000E+00  0.00000000E+00  1.90562500E+03 1 2  0.00000000E+00 
0 2880 22 1  0.00000000E+00  0.00000000E+00 
0 2880 10 1  0.00000000E+00  0.00000000E+00 
0 2880 24 1  0.00000000E+00  0.00000000E+00 
0 2880 12 1  0.00000000E+00  0.00000000E+00 
30 2880 23 1  5.00000000E+00  0.00000000E+00 
30 2880 17 1  2.50000000E+01  0.00000000E+00 
'PORC2T 1' 
100 100  6.00000000E+00 0 0 0 0 0 0 0 0 
6 0 1 8 0  0.00000000E+00  0.00000000E+00  1.90562500E+03 1 2  0.00000000E+00 
0 2880 4 2  0.00000000E+00  0.00000000E+00 
0 2880 22 1  0.00000000E+00  0.00000000E+00 
0 2880 24 1  0.00000000E+00  0.00000000E+00 
0 2880 12 1  3.00000000E+01  0.00000000E+00 
30 2880 23 1  1.20000000E+01  0.00000000E+00 
30 2880 17 1  6.00000000E+01  0.00000000E+00 
'PORC2T 2' 
100 100  6.00000000E+00 0 0 0 0 0 0 0 0 
5 0 1 8 0  0.00000000E+00  0.00000000E+00  1.90562500E+03 1 2  0.00000000E+00 
1890 2700 4 1  0.00000000E+00  0.00000000E+00 
0 2880 24 1  6.00000000E+01  0.00000000E+00 
0 2880 12 1  6.00000000E+01  0.00000000E+00 
30 2880 23 1  1.20000000E+01  0.00000000E+00 
30 2880 17 1  6.00000000E+01  0.00000000E+00 
'PORC2T 3' 
100 100  6.00000000E+00 0 0 0 0 0 0 0 0 
4 0 1 8 0  0.00000000E+00  0.00000000E+00  1.90562500E+03 1 2  0.00000000E+00 
0 2880 24 1  6.00000000E+01  0.00000000E+00 
0 2880 12 1  6.00000000E+01  0.00000000E+00 
30 2880 23 1  1.20000000E+01  0.00000000E+00 
30 2880 17 1  6.00000000E+01  0.00000000E+00 
'PORC2T 4' 
100 100  6.00000000E+00 0 0 0 0 0 0 0 0 
4 0 1 8 0  0.00000000E+00  0.00000000E+00  1.90562500E+03 1 2  0.00000000E+00 
0 2880 24 1  6.00000000E+01  0.00000000E+00 
0 2880 12 1  6.00000000E+01  0.00000000E+00 
30 2880 23 1  1.20000000E+01  0.00000000E+00 
30 2880 17 1  6.00000000E+01  0.00000000E+00 
'PSMA.T 1' 
100 100  5.00000000E+00 0 0 0 0 0 0 0 0 
2 1 1 8 0  0.00000000E+00  0.00000000E+00  1.90562500E+03 1 2  0.00000000E+00 
30 2880 23 1  2.30000000E+01  0.00000000E+00 
30 2880 17 1  5.00000000E+00  0.00000000E+00 
30 2880 2 
'PCMA.T 9' 
100 100  5.00000000E+00 0 0 0 0 0 0 0 0 
3 1 1 8 0  0.00000000E+00  0.00000000E+00  1.90562500E+03 1 2  0.00000000E+00 
1470 2880 24 1  1.20000000E+01  0.00000000E+00 
30 2880 23 1  2.30000000E+01  0.00000000E+00 
30 2880 17 1  1.20000000E+01  0.00000000E+00 
30 1440 2 
'PSAP.T 1' 
100 100  5.00000000E+00 0 0 0 0 0 0 0 0 
3 0 1 8 0  0.00000000E+00  0.00000000E+00  1.90562500E+03 1 2  0.00000000E+00 
30 2880 24 1  5.00000000E+00  0.00000000E+00 
30 2880 23 1  6.00000000E+00  0.00000000E+00 
30 2880 17 1  5.00000000E+00  0.00000000E+00 
'PS60.T 1' 
100 100  5.00000000E+00 0 0 0 0 0 0 0 0 
2 1 1 8 0  0.00000000E+00  0.00000000E+00  1.90562500E+03 1 2  0.00000000E+00 
30 2880 23 1  1.20000000E+01  0.00000000E+00 
30 2880 17 1  1.20000000E+01  0.00000000E+00 
1470 2880 2 
'PS25.T 1' 
100 100  5.00000000E+00 0 0 0 0 0 0 0 0 
2 2 1 8 0  0.00000000E+00  0.00000000E+00  1.90562500E+03 1 2  0.00000000E+00 
30 2880 23 1  5.00000000E+00  0.00000000E+00 
30 2880 17 1  5.00000000E+00  0.00000000E+00 
30 1440 2 
1470 2880 2 
'CGPTPT 1' 
100 100  5.00000000E+00 0 0 0 0 0 0 0 0 
3 0 1 8 0  0.00000000E+00  0.00000000E+00  1.90562500E+03 1 2  0.00000000E+00 
0 2880 4 2  0.00000000E+00  0.00000000E+00 
30 2880 23 1  4.00000000E+01  0.00000000E+00 
30 2880 17 1  0.00000000E+00  0.00000000E+00 
'CGPTPT 2' 
100 100  5.00000000E+00 0 0 0 0 0 0 0 0 
3 0 1 8 0  0.00000000E+00  0.00000000E+00  1.90562500E+03 1 2  0.00000000E+00 
0 2880 4 2  0.00000000E+00  0.00000000E+00 
30 2880 23 1  4.00000000E+01  0.00000000E+00 
30 2880 17 1  0.00000000E+00  0.00000000E+00 
'THPTPT 1' 
100 100  5.00000000E+00 0 0 0 0 0 0 0 0 
3 0 1 8 0  0.00000000E+00  0.00000000E+00  1.90562500E+03 1 2  0.00000000E+00 
0 2880 4 2  0.00000000E+00  0.00000000E+00 
30 2880 23 1  4.00000000E+01  0.00000000E+00 
30 2880 17 1  0.00000000E+00  0.00000000E+00 
'AUPTPT 1' 
100 100  5.00000000E+00 0 0 0 0 0 0 0 0 
3 0 1 8 0  0.00000000E+00  0.00000000E+00  1.90562500E+03 1 2  0.00000000E+00 
0 2880 4 2  0.00000000E+00  0.00000000E+00 
30 2880 23 1  4.00000000E+01  0.00000000E+00 
30 2880 17 1  0.00000000E+00  0.00000000E+00 
'CGDTPT 1' 
100 100  5.00000000E+00 0 0 0 0 0 0 0 0 
3 0 1 8 0  0.00000000E+00  0.00000000E+00  1.90562500E+03 1 2  0.00000000E+00 
0 2880 4 2  0.00000000E+00  0.00000000E+00 
30 2880 23 1  4.00000000E+01  0.00000000E+00 
30 2880 17 1  0.00000000E+00  0.00000000E+00 
'CGDTXT 1' 
100 100  5.00000000E+00 0 0 0 0 0 0 0 0 
2 2 1 8 0  0.00000000E+00  0.00000000E+00  1.90562500E+03 1 2  0.00000000E+00 
30 2880 23 1  4.00000000E+01  0.00000000E+00 
30 2880 17 1  0.00000000E+00  0.00000000E+00 
30 1860 2 
1890 2880 2 
'CGDRPT 1' 
100 100  5.00000000E+00 0 0 0 0 0 0 0 0 
2 1 1 8 0  0.00000000E+00  0.00000000E+00  1.90562500E+03 1 2  0.00000000E+00 
30 2880 23 1  4.00000000E+01  0.00000000E+00 
30 2880 17 1  0.00000000E+00  0.00000000E+00 
30 2880 2 
'DFEGST 1' 
100 100  5.00000000E+00 0 0 0 0 0 0 0 0 
3 0 1 8 0  0.00000000E+00  0.00000000E+00  1.90562500E+03 1 2  0.00000000E+00 
0 2880 4 2  0.00000000E+00  0.00000000E+00 
30 2880 23 1  4.00000000E+01  0.00000000E+00 
30 2880 17 1  0.00000000E+00  0.00000000E+00 
'DSEGST 1' 
100 100  5.00000000E+00 0 0 0 0 0 0 0 0 
3 0 1 8 0  0.00000000E+00  0.00000000E+00  1.90562500E+03 1 2  0.00000000E+00 
0 2880 4 2  0.00000000E+00  0.00000000E+00 
30 2880 23 1  4.00000000E+01  0.00000000E+00 
30 2880 17 1  0.00000000E+00  0.00000000E+00 
'DWEGST 1' 
100 100  5.00000000E+00 0 0 0 0 0 0 0 0 
3 0 1 8 0  0.00000000E+00  0.00000000E+00  1.90562500E+03 1 2  0.00000000E+00 
0 2880 4 2  0.00000000E+00  0.00000000E+00 
30 2880 23 1  4.00000000E+01  0.00000000E+00 
30 2880 17 1  0.00000000E+00  0.00000000E+00 
'DWELDT 1' 
100 100  5.00000000E+00 0 0 0 0 0 0 0 0 
3 0 1 8 0  0.00000000E+00  0.00000000E+00  1.90562500E+03 1 2  0.00000000E+00 
0 2880 4 2  0.00000000E+00  0.00000000E+00 
30 2880 23 1  4.00000000E+01  0.00000000E+00 
30 2880 17 1  0.00000000E+00  0.00000000E+00 
'DFELDT 1' 
100 100  5.00000000E+00 0 0 0 0 0 0 0 0 
3 0 1 8 0  0.00000000E+00  0.00000000E+00  1.90562500E+03 1 2  0.00000000E+00 
0 2880 4 2  0.00000000E+00  0.00000000E+00 
30 2880 23 1  4.00000000E+01  0.00000000E+00 
30 2880 17 1  0.00000000E+00  0.00000000E+00 
'ARRI5T 1' 
100 100  1.00000000E+01 0 0 0 0 0 0 0 0 
3 0 1 8 0  0.00000000E+00  0.00000000E+00  1.90562500E+03 2 2  0.00000000E+00 
0 2880 11 2  0.00000000E+00  0.00000000E+00 
30 2880 23 1  3.00000000E+00  0.00000000E+00 
30 2880 17 1  7.00000000E+00  0.00000000E+00 
'ARRI5T 2' 
100 100  1.00000000E+01 0 0 0 0 0 0 0 0 
5 0 1 8 0  0.00000000E+00  0.00000000E+00  1.90562500E+03 2 2  0.00000000E+00 
0 2880 24 1  6.00000000E+00  0.00000000E+00 
0 2880 12 1  6.00000000E+00  0.00000000E+00 
0 2880 30 2  0.00000000E+00  0.00000000E+00 
30 2880 23 1  3.00000000E+00  0.00000000E+00 
30 2880 17 1  6.00000000E+00  0.00000000E+00 
'BRENNT 1' 
100 70  3.00000000E+00 0 0 0 0 0 0 0 0 
2 0 1 8 0  0.00000000E+00  0.00000000E+00  1.90562500E+03 2 2  0.00000000E+00 
30 2880 23 1  0.00000000E+00  0.00000000E+00 
30 2880 17 1  0.00000000E+00  0.00000000E+00 
'BRENNT 2' 
100 70  3.00000000E+00 0 0 0 0 0 0 0 0 
2 0 1 8 0  0.00000000E+00  0.00000000E+00  1.90562500E+03 2 2  0.00000000E+00 
30 2880 23 1  0.00000000E+00  0.00000000E+00 
30 2880 17 1  0.00000000E+00  0.00000000E+00 
'BRENNT 3' 
100 70  3.00000000E+00 0 0 0 0 0 0 0 0 
3 0 1 8 0  0.00000000E+00  0.00000000E+00  1.90562500E+03 2 2  0.00000000E+00 
0 2880 11 2  0.00000000E+00  0.00000000E+00 
30 2880 23 1  3.00000000E+00  0.00000000E+00 
30 2880 17 1  7.00000000E+00  0.00000000E+00 
'DIRINT 1' 
100 70  3.00000000E+00 0 0 0 0 0 0 0 0 
3 0 1 8 0  0.00000000E+00  0.00000000E+00  1.90562500E+03 2 2  0.00000000E+00 
0 2880 11 2  0.00000000E+00  0.00000000E+00 
30 2880 23 1  1.00000000E+00  0.00000000E+00 
30 2880 17 1  0.00000000E+00  0.00000000E+00 
'DIRINT 2' 
100 70  3.00000000E+00 0 0 0 0 0 0 0 0 
3 0 1 8 0  0.00000000E+00  0.00000000E+00  1.90562500E+03 2 2  0.00000000E+00 
0 2880 11 2  0.00000000E+00  0.00000000E+00 
30 2880 23 1  1.00000000E+00  0.00000000E+00 
30 2880 17 1  0.00000000E+00  0.00000000E+00 
'PHENIT 1' 
100 100  5.00000000E+00 0 0 0 0 0 0 0 0 
2 1 1 8 0  0.00000000E+00  0.00000000E+00  1.90562500E+03 2 2  0.00000000E+00 
30 2880 23 1  0.00000000E+00  0.00000000E+00 
30 2880 17 1  0.00000000E+00  0.00000000E+00 
0 2880 2 
'VLEJUT 1' 
100 70  2.00000000E+00 0 0 0 0 0 0 0 0 
3 0 1 8 0  0.00000000E+00  0.00000000E+00  1.90562500E+03 2 2  0.00000000E+00 
0 2880 4 2  0.00000000E+00  0.00000000E+00 
30 2880 23 1  1.00000000E+00  0.00000000E+00 
30 2880 17 1  0.00000000E+00  0.00000000E+00 
'PI25.T 1' 
100 100  1.50000000E+00 0 0 0 0 0 0 0 0 
2 0 1 8 0  0.00000000E+00  0.00000000E+00  1.90562500E+03 2 2  0.00000000E+00 
30 2880 23 1  5.00000000E+00  0.00000000E+00 
30 2880 17 1  5.00000000E+00  0.00000000E+00 
'PIMP.T 1' 
100 100  1.00000000E+00 0 0 0 0 0 0 0 0 
2 0 1 8 0  0.00000000E+00  0.00000000E+00  1.90562500E+03 2 2  0.00000000E+00 
30 2880 23 1  0.00000000E+00  0.00000000E+00 
30 2880 17 1  0.00000000E+00  0.00000000E+00 
'PSSA.T 1' 
100 100  1.00000000E+00 0 0 0 0 0 0 0 0 
2 0 1 8 0  0.00000000E+00  0.00000000E+00  1.90562500E+03 2 2  0.00000000E+00 
30 2880 23 1  0.00000000E+00  0.00000000E+00 
30 2880 17 1  0.00000000E+00  0.00000000E+00 
'CGHTAT 1' 
100 100  5.00000000E+00 0 0 0 0 2 0 0 0 
2 1 1 8 0  0.00000000E+00  0.00000000E+00  1.90562500E+03 2 2  0.00000000E+00 
30 2880 23 1  4.00000000E+01  0.00000000E+00 
30 2880 17 1  0.00000000E+00  0.00000000E+00 
30 2880 2 
'CGHTAT 2' 
100 100  5.00000000E+00 0 0 0 0 2 0 0 0 
2 1 1 8 0  0.00000000E+00  0.00000000E+00  1.90562500E+03 2 2  0.00000000E+00 
30 2880 23 1  4.00000000E+01  0.00000000E+00 
30 2880 17 1  0.00000000E+00  0.00000000E+00 
30 2880 2 
'CGHTBT 1' 
100 100  5.00000000E+00 0 0 0 0 2 0 0 0 
2 1 1 8 0  0.00000000E+00  0.00000000E+00  1.90562500E+03 2 2  0.00000000E+00 
30 2880 23 1  4.00000000E+01  0.00000000E+00 
30 2880 17 1  0.00000000E+00  0.00000000E+00 
30 2880 2 
'CGHTBT 2' 
100 100  5.00000000E+00 0 0 0 0 2 0 0 0 
2 1 1 8 0  0.00000000E+00  0.00000000E+00  1.90562500E+03 2 2  0.00000000E+00 
30 2880 23 1  4.00000000E+01  0.00000000E+00 
30 2880 17 1  0.00000000E+00  0.00000000E+00 
30 2880 2 
'CGPTFT 1' 
100 100  5.00000000E+00 0 0 0 0 0 0 0 0 
3 0 1 8 0  0.00000000E+00  0.00000000E+00  1.90562500E+03 2 2  0.00000000E+00 
0 2880 4 2  0.00000000E+00  0.00000000E+00 
30 2880 23 1  4.00000000E+01  0.00000000E+00 
30 2880 17 1  0.00000000E+00  0.00000000E+00 
'CGPTFT 2' 
100 100  5.00000000E+00 0 0 0 0 0 0 0 0 
3 0 1 8 0  0.00000000E+00  0.00000000E+00  1.90562500E+03 2 2  0.00000000E+00 
0 2880 4 2  0.00000000E+00  0.00000000E+00 
30 2880 23 1  4.00000000E+01  0.00000000E+00 
30 2880 17 1  0.00000000E+00  0.00000000E+00 
'CGPTXT 1' 
100 100  5.00000000E+00 0 0 0 0 0 0 0 0 
2 1 1 8 0  0.00000000E+00  0.00000000E+00  1.90562500E+03 2 2  0.00000000E+00 
30 2880 23 1  4.00000000E+01  0.00000000E+00 
30 2880 17 1  0.00000000E+00  0.00000000E+00 
30 2880 2 
'CGPTXT 2' 
100 100  5.00000000E+00 0 0 0 0 0 0 0 0 
2 1 1 8 0  0.00000000E+00  0.00000000E+00  1.90562500E+03 2 2  0.00000000E+00 
30 2880 23 1  4.00000000E+01  0.00000000E+00 
30 2880 17 1  0.00000000E+00  0.00000000E+00 
30 2880 2 
'CGRPDT 1' 
100 100  5.00000000E+00 0 0 0 0 0 0 0 0 
2 1 1 8 0  0.00000000E+00  0.00000000E+00  1.90562500E+03 2 2  0.00000000E+00 
30 2880 23 1  4.00000000E+01  0.00000000E+00 
30 2880 17 1  0.00000000E+00  0.00000000E+00 
30 2880 2 
'CGRPDT 2' 
100 100  5.00000000E+00 0 0 0 0 0 0 0 0 
2 1 1 8 0  0.00000000E+00  0.00000000E+00  1.90562500E+03 2 2  0.00000000E+00 
30 2880 23 1  4.00000000E+01  0.00000000E+00 
30 2880 17 1  0.00000000E+00  0.00000000E+00 
30 2880 2 
'THPTFT 1' 
100 100  5.00000000E+00 0 0 0 0 0 0 0 0 
3 0 1 8 0  0.00000000E+00  0.00000000E+00  1.90562500E+03 2 2  0.00000000E+00 
0 2880 4 2  0.00000000E+00  0.00000000E+00 
30 2880 23 1  4.00000000E+01  0.00000000E+00 
30 2880 17 1  0.00000000E+00  0.00000000E+00 
'THPTXT 1' 
100 100  5.00000000E+00 0 0 0 0 0 0 0 0 
2 1 1 8 0  0.00000000E+00  0.00000000E+00  1.90562500E+03 2 2  0.00000000E+00 
30 2880 23 1  4.00000000E+01  0.00000000E+00 
30 2880 17 1  0.00000000E+00  0.00000000E+00 
30 2880 2 
'THRPDT 1' 
100 100  5.00000000E+00 0 0 0 0 0 0 0 0 
2 1 1 8 0  0.00000000E+00  0.00000000E+00  1.90562500E+03 2 2  0.00000000E+00 
30 2880 23 1  4.00000000E+01  0.00000000E+00 
30 2880 17 1  0.00000000E+00  0.00000000E+00 
30 2880 2 
'EOPTFT 1' 
100 100  5.00000000E+00 0 0 0 0 0 0 0 0 
3 0 1 8 0  0.00000000E+00  0.00000000E+00  1.90562500E+03 2 2  0.00000000E+00 
0 2880 4 2  0.00000000E+00  0.00000000E+00 
30 2880 23 1  4.00000000E+01  0.00000000E+00 
30 2880 17 1  0.00000000E+00  0.00000000E+00 
'EOPTXT 1' 
100 100  5.00000000E+00 0 0 0 0 0 0 0 0 
2 42 1 8 0  0.00000000E+00  0.00000000E+00  1.90562500E+03 2 2  0.00000000E+00 
30 2880 23 1  4.00000000E+01  0.00000000E+00 
30 2880 17 1  0.00000000E+00  0.00000000E+00 
30 60 2 
90 180 2 
210 240 2 
270 300 2 
330 360 2 
390 420 2 
450 480 2 
510 540 2 
570 600 2 
930 960 2 
630 660 2 
690 720 2 
750 780 2 
810 840 2 
870 900 2 
2130 2160 2 
2190 2220 2 
990 1020 2 
1050 1080 2 
1110 1140 2 
1170 1200 2 
1230 1260 2 
1290 1380 2 
1410 1440 2 
1470 1500 2 
1530 1560 2 
1590 1620 2 
1650 1680 2 
1710 1800 2 
1830 1860 2 
1890 1920 2 
1950 1980 2 
2010 2040 2 
2070 2100 2 
2250 2280 2 
2310 2340 2 
2370 2400 2 
2430 2460 2 
2490 2520 2 
2550 2580 2 
2610 2700 2 
2730 2880 2 
'EOPTXT 2' 
100 100  5.00000000E+00 0 0 0 0 0 0 0 0 
2 42 1 8 0  0.00000000E+00  0.00000000E+00  1.90562500E+03 2 2  0.00000000E+00 
30 2880 23 1  4.00000000E+01  0.00000000E+00 
30 2880 17 1  0.00000000E+00  0.00000000E+00 
210 240 2 
270 300 2 
330 360 2 
390 420 2 
450 480 2 
510 540 2 
570 600 2 
630 660 2 
690 720 2 
750 780 2 
810 840 2 
870 900 2 
930 960 2 
990 1020 2 
1050 1080 2 
1110 1140 2 
1170 1200 2 
1230 1260 2 
1290 1380 2 
1410 1440 2 
1470 1500 2 
1530 1560 2 
1590 1620 2 
1650 1680 2 
1710 1800 2 
1830 1860 2 
1890 1920 2 
1950 1980 2 
30 60 2 
90 180 2 
2010 2040 2 
2070 2100 2 
2130 2160 2 
2190 2220 2 
2250 2280 2 
2310 2340 2 
2370 2400 2 
2430 2460 2 
2610 2700 2 
2730 2880 2 
2490 2520 2 
2550 2580 2 
'EORPDT 1' 
100 100  5.00000000E+00 0 0 0 0 0 0 0 0 
2 48 1 8 0  0.00000000E+00  0.00000000E+00  1.90562500E+03 2 2  0.00000000E+00 
30 2880 23 1  4.00000000E+01  0.00000000E+00 
30 2880 17 1  0.00000000E+00  0.00000000E+00 
30 60 2 
90 120 2 
150 180 2 
210 240 2 
270 300 2 
330 360 2 
390 420 2 
450 480 2 
510 540 2 
570 600 2 
630 660 2 
690 720 2 
750 780 2 
810 840 2 
870 900 2 
930 960 2 
990 1020 2 
1050 1080 2 
1110 1140 2 
1170 1200 2 
1230 1260 2 
1290 1320 2 
1350 1380 2 
1410 1440 2 
1470 1500 2 
1530 1560 2 
1590 1620 2 
1650 1680 2 
1710 1740 2 
1770 1800 2 
1830 1860 2 
1890 1920 2 
1950 1980 2 
2010 2040 2 
2070 2100 2 
2130 2160 2 
2190 2220 2 
2250 2280 2 
2310 2340 2 
2370 2400 2 
2430 2460 2 
2490 2520 2 
2550 2580 2 
2610 2640 2 
2670 2700 2 
2730 2760 2 
2790 2820 2 
2850 2880 2 
'EORPDT 2' 
100 100  5.00000000E+00 0 0 0 0 0 0 0 0 
2 48 1 8 0  0.00000000E+00  0.00000000E+00  1.90562500E+03 2 2  0.00000000E+00 
30 2880 23 1  4.00000000E+01  0.00000000E+00 
30 2880 17 1  0.00000000E+00  0.00000000E+00 
30 60 2 
90 120 2 
150 180 2 
210 240 2 
270 300 2 
330 360 2 
390 420 2 
450 480 2 
510 540 2 
570 600 2 
630 660 2 
690 720 2 
750 780 2 
810 840 2 
870 900 2 
930 960 2 
990 1020 2 
1050 1080 2 
1110 1140 2 
1170 1200 2 
1230 1260 2 
1290 1320 2 
1350 1380 2 
1410 1440 2 
1470 1500 2 
1530 1560 2 
1590 1620 2 
1650 1680 2 
1710 1740 2 
1770 1800 2 
1830 1860 2 
1890 1920 2 
1950 1980 2 
2010 2040 2 
2070 2100 2 
2130 2160 2 
2190 2220 2 
2250 2280 2 
2310 2340 2 
2370 2400 2 
2430 2460 2 
2490 2520 2 
2550 2580 2 
2610 2640 2 
2670 2700 2 
2730 2760 2 
2790 2820 2 
2850 2880 2 
'EORPDT 3' 
100 100  5.00000000E+00 0 0 0 0 0 0 0 0 
2 48 1 8 0  0.00000000E+00  0.00000000E+00  1.90562500E+03 2 2  0.00000000E+00 
30 2880 23 1  4.00000000E+01  0.00000000E+00 
30 2880 17 1  0.00000000E+00  0.00000000E+00 
30 60 2 
90 120 2 
150 180 2 
210 240 2 
270 300 2 
330 360 2 
450 480 2 
390 420 2 
570 600 2 
630 660 2 
690 720 2 
750 780 2 
810 840 2 
870 900 2 
930 960 2 
990 1020 2 
510 540 2 
1050 1080 2 
1110 1140 2 
1170 1200 2 
1230 1260 2 
1290 1320 2 
1350 1380 2 
1410 1440 2 
1470 1500 2 
1530 1560 2 
1590 1620 2 
1650 1680 2 
1710 1740 2 
1770 1800 2 
1830 1860 2 
1890 1920 2 
1950 1980 2 
2010 2040 2 
2070 2100 2 
2130 2160 2 
2190 2220 2 
2250 2280 2 
2310 2340 2 
2370 2400 2 
2430 2460 2 
2490 2520 2 
2550 2580 2 
2610 2640 2 
2670 2700 2 
2730 2760 2 
2790 2820 2 
2850 2880 2 
'HYPTLT 1' 
100 100  5.00000000E+00 0 0 0 0 0 0 0 0 
3 0 1 8 0  0.00000000E+00  0.00000000E+00  1.90562500E+03 2 2  0.00000000E+00 
0 2880 4 2  0.00000000E+00  0.00000000E+00 
30 2880 23 1  4.00000000E+01  0.00000000E+00 
30 2880 17 1  0.00000000E+00  0.00000000E+00 
'HYPTET 1' 
100 100  5.00000000E+00 0 0 0 0 0 0 0 0 
3 0 1 8 0  0.00000000E+00  0.00000000E+00  1.90562500E+03 2 2  0.00000000E+00 
0 2880 4 2  0.00000000E+00  0.00000000E+00 
30 2880 23 1  4.00000000E+01  0.00000000E+00 
30 2880 17 1  0.00000000E+00  0.00000000E+00 
'HYPTFT 1' 
100 100  5.00000000E+00 0 0 0 0 0 0 0 0 
3 0 1 8 0  0.00000000E+00  0.00000000E+00  1.90562500E+03 2 2  0.00000000E+00 
0 2880 4 2  0.00000000E+00  0.00000000E+00 
30 2880 23 1  4.00000000E+01  0.00000000E+00 
30 2880 17 1  0.00000000E+00  0.00000000E+00 
'HYPTXT 1' 
100 100  5.00000000E+00 0 0 0 0 0 0 0 0 
2 1 1 8 0  0.00000000E+00  0.00000000E+00  1.90562500E+03 2 2  0.00000000E+00 
30 2880 23 1  4.00000000E+01  0.00000000E+00 
30 2880 17 1  0.00000000E+00  0.00000000E+00 
30 2880 2 
'HYRPDT 1' 
100 100  5.00000000E+00 0 0 0 0 0 0 0 0 
2 1 1 8 0  0.00000000E+00  0.00000000E+00  1.90562500E+03 2 2  0.00000000E+00 
30 2880 23 1  4.00000000E+01  0.00000000E+00 
30 2880 17 1  0.00000000E+00  0.00000000E+00 
30 2880 2 
'AUPTFT 1' 
100 100  5.00000000E+00 0 0 0 0 0 0 0 0 
3 0 1 8 0  0.00000000E+00  0.00000000E+00  1.90562500E+03 2 2  0.00000000E+00 
0 2880 4 2  0.00000000E+00  0.00000000E+00 
30 2880 23 1  4.00000000E+01  0.00000000E+00 
30 2880 17 1  0.00000000E+00  0.00000000E+00 
'AUPTXT 1' 
100 100  5.00000000E+00 0 0 0 0 0 0 0 0 
2 1 1 8 0  0.00000000E+00  0.00000000E+00  1.90562500E+03 2 2  0.00000000E+00 
30 2880 23 1  4.00000000E+01  0.00000000E+00 
30 2880 17 1  0.00000000E+00  0.00000000E+00 
30 2880 2 
'AURPDT 1' 
100 100  5.00000000E+00 0 0 0 0 0 0 0 0 
2 1 1 8 0  0.00000000E+00  0.00000000E+00  1.90562500E+03 2 2  0.00000000E+00 
30 2880 23 1  4.00000000E+01  0.00000000E+00 
30 2880 17 1  0.00000000E+00  0.00000000E+00 
30 2880 2 
'FIN' 
