'PENALITES' '30/12/2010' '21:41' 
'PUISSANCE' 96 
30 6 
-2.00000000E+02 -7.15652466E+02 
-5.00000000E+01 -4.46678505E+01 
 0.00000000E+00 -2.23412495E+01 
 2.00000000E+01  2.23412495E+01 
 1.00000000E+02  4.46678505E+01 
 9.00000000E+04  6.18230042E+02 
60 6 
-2.00000000E+02 -7.15652466E+02 
-5.00000000E+01 -4.46678505E+01 
 0.00000000E+00 -2.23412495E+01 
 2.00000000E+01  2.23412495E+01 
 1.00000000E+02  4.46678505E+01 
 9.00000000E+04  6.18230042E+02 
90 6 
-2.00000000E+02 -7.15652466E+02 
-5.00000000E+01 -4.46678505E+01 
 0.00000000E+00 -2.23412495E+01 
 2.00000000E+01  2.23412495E+01 
 1.00000000E+02  4.46678505E+01 
 9.00000000E+04  6.18230042E+02 
120 6 
-2.00000000E+02 -7.15652466E+02 
-5.00000000E+01 -4.46678505E+01 
 0.00000000E+00 -2.23412495E+01 
 2.00000000E+01  2.23412495E+01 
 1.00000000E+02  4.46678505E+01 
 9.00000000E+04  6.18230042E+02 
150 6 
-2.00000000E+02 -7.15652466E+02 
-5.00000000E+01 -4.46678505E+01 
 0.00000000E+00 -2.23412495E+01 
 2.00000000E+01  2.23412495E+01 
 1.00000000E+02  4.46678505E+01 
 9.00000000E+04  6.18230042E+02 
180 6 
-2.00000000E+02 -7.15652466E+02 
-5.00000000E+01 -4.46678505E+01 
 0.00000000E+00 -2.23412495E+01 
 2.00000000E+01  2.23412495E+01 
 1.00000000E+02  4.46678505E+01 
 9.00000000E+04  6.18230042E+02 
210 6 
-2.00000000E+02 -7.15652466E+02 
-5.00000000E+01 -4.46678505E+01 
 0.00000000E+00 -2.23412495E+01 
 2.00000000E+01  2.23412495E+01 
 1.00000000E+02  4.46678505E+01 
 9.00000000E+04  6.18230042E+02 
240 6 
-2.00000000E+02 -7.15652466E+02 
-5.00000000E+01 -4.46678505E+01 
 0.00000000E+00 -2.23412495E+01 
 2.00000000E+01  2.23412495E+01 
 1.00000000E+02  4.46678505E+01 
 9.00000000E+04  6.18230042E+02 
270 6 
-2.00000000E+02 -7.15652466E+02 
-5.00000000E+01 -4.46678505E+01 
 0.00000000E+00 -2.23412495E+01 
 2.00000000E+01  2.23412495E+01 
 1.00000000E+02  4.46678505E+01 
 9.00000000E+04  6.18230042E+02 
300 6 
-2.00000000E+02 -7.15652466E+02 
-5.00000000E+01 -4.46678505E+01 
 0.00000000E+00 -2.23412495E+01 
 2.00000000E+01  2.23412495E+01 
 1.00000000E+02  4.46678505E+01 
 9.00000000E+04  6.18230042E+02 
330 6 
-2.00000000E+02 -7.15652466E+02 
-5.00000000E+01 -4.46678505E+01 
 0.00000000E+00 -2.23412495E+01 
 2.00000000E+01  2.23412495E+01 
 1.00000000E+02  4.46678505E+01 
 9.00000000E+04  6.18230042E+02 
360 6 
-2.00000000E+02 -7.15652466E+02 
-5.00000000E+01 -4.46678505E+01 
 0.00000000E+00 -2.23412495E+01 
 2.00000000E+01  2.23412495E+01 
 1.00000000E+02  4.46678505E+01 
 9.00000000E+04  6.18230042E+02 
390 6 
-2.00000000E+02 -7.15652466E+02 
-5.00000000E+01 -4.46678505E+01 
 0.00000000E+00 -2.23412495E+01 
 2.00000000E+01  2.23412495E+01 
 1.00000000E+02  4.46678505E+01 
 9.00000000E+04  6.18230042E+02 
420 6 
-2.00000000E+02 -7.15652466E+02 
-5.00000000E+01 -4.46678505E+01 
 0.00000000E+00 -2.23412495E+01 
 2.00000000E+01  2.23412495E+01 
 1.00000000E+02  4.46678505E+01 
 9.00000000E+04  6.18230042E+02 
450 6 
-2.00000000E+02 -7.15652466E+02 
-5.00000000E+01 -4.46678505E+01 
 0.00000000E+00 -2.23412495E+01 
 2.00000000E+01  2.23412495E+01 
 1.00000000E+02  4.46678505E+01 
 9.00000000E+04  6.18230042E+02 
480 6 
-2.00000000E+02 -7.15652466E+02 
-5.00000000E+01 -4.46678505E+01 
 0.00000000E+00 -2.23412495E+01 
 2.00000000E+01  2.23412495E+01 
 1.00000000E+02  4.46678505E+01 
 9.00000000E+04  6.18230042E+02 
510 6 
-2.00000000E+02 -7.15652466E+02 
-5.00000000E+01 -4.46678505E+01 
 0.00000000E+00 -2.23412495E+01 
 2.00000000E+01  2.23412495E+01 
 1.00000000E+02  4.46678505E+01 
 9.00000000E+04  6.18230042E+02 
540 6 
-2.00000000E+02 -7.15652466E+02 
-5.00000000E+01 -4.46678505E+01 
 0.00000000E+00 -2.23412495E+01 
 2.00000000E+01  2.23412495E+01 
 1.00000000E+02  4.46678505E+01 
 9.00000000E+04  6.18230042E+02 
570 6 
-2.00000000E+02 -7.15652466E+02 
-5.00000000E+01 -4.46678505E+01 
 0.00000000E+00 -2.23412495E+01 
 2.00000000E+01  2.23412495E+01 
 1.00000000E+02  4.46678505E+01 
 9.00000000E+04  6.18230042E+02 
600 6 
-2.00000000E+02 -7.15652466E+02 
-5.00000000E+01 -4.46678505E+01 
 0.00000000E+00 -2.23412495E+01 
 2.00000000E+01  2.23412495E+01 
 1.00000000E+02  4.46678505E+01 
 9.00000000E+04  6.18230042E+02 
630 6 
-2.00000000E+02 -7.15652466E+02 
-5.00000000E+01 -4.46678505E+01 
 0.00000000E+00 -2.23412495E+01 
 2.00000000E+01  2.23412495E+01 
 1.00000000E+02  4.46678505E+01 
 9.00000000E+04  6.18230042E+02 
660 6 
-2.00000000E+02 -7.15652466E+02 
-5.00000000E+01 -4.46678505E+01 
 0.00000000E+00 -2.23412495E+01 
 2.00000000E+01  2.23412495E+01 
 1.00000000E+02  4.46678505E+01 
 9.00000000E+04  6.18230042E+02 
690 6 
-2.00000000E+02 -7.15652466E+02 
-5.00000000E+01 -4.46678505E+01 
 0.00000000E+00 -2.23412495E+01 
 2.00000000E+01  2.23412495E+01 
 1.00000000E+02  4.46678505E+01 
 9.00000000E+04  6.18230042E+02 
720 6 
-2.00000000E+02 -7.15652466E+02 
-5.00000000E+01 -4.46678505E+01 
 0.00000000E+00 -2.23412495E+01 
 2.00000000E+01  2.23412495E+01 
 1.00000000E+02  4.46678505E+01 
 9.00000000E+04  6.18230042E+02 
750 6 
-2.00000000E+02 -7.15652466E+02 
-5.00000000E+01 -4.46678505E+01 
 0.00000000E+00 -2.23412495E+01 
 2.00000000E+01  2.23412495E+01 
 1.00000000E+02  4.46678505E+01 
 9.00000000E+04  6.18230042E+02 
780 6 
-2.00000000E+02 -7.15652466E+02 
-5.00000000E+01 -4.46678505E+01 
 0.00000000E+00 -2.23412495E+01 
 2.00000000E+01  2.23412495E+01 
 1.00000000E+02  4.46678505E+01 
 9.00000000E+04  6.18230042E+02 
810 6 
-2.00000000E+02 -7.15652466E+02 
-5.00000000E+01 -4.46678505E+01 
 0.00000000E+00 -2.23412495E+01 
 2.00000000E+01  2.23412495E+01 
 1.00000000E+02  4.46678505E+01 
 9.00000000E+04  6.18230042E+02 
840 6 
-2.00000000E+02 -7.15652466E+02 
-5.00000000E+01 -4.46678505E+01 
 0.00000000E+00 -2.23412495E+01 
 2.00000000E+01  2.23412495E+01 
 1.00000000E+02  4.46678505E+01 
 9.00000000E+04  6.18230042E+02 
870 6 
-2.00000000E+02 -7.15652466E+02 
-5.00000000E+01 -4.46678505E+01 
 0.00000000E+00 -2.23412495E+01 
 2.00000000E+01  2.23412495E+01 
 1.00000000E+02  4.46678505E+01 
 9.00000000E+04  6.18230042E+02 
900 6 
-2.00000000E+02 -7.15652466E+02 
-5.00000000E+01 -4.46678505E+01 
 0.00000000E+00 -2.23412495E+01 
 2.00000000E+01  2.23412495E+01 
 1.00000000E+02  4.46678505E+01 
 9.00000000E+04  6.18230042E+02 
930 6 
-2.00000000E+02 -7.15652466E+02 
-5.00000000E+01 -4.46678505E+01 
 0.00000000E+00 -2.23412495E+01 
 2.00000000E+01  2.23412495E+01 
 1.00000000E+02  4.46678505E+01 
 9.00000000E+04  6.18230042E+02 
960 6 
-2.00000000E+02 -7.15652466E+02 
-5.00000000E+01 -4.46678505E+01 
 0.00000000E+00 -2.23412495E+01 
 2.00000000E+01  2.23412495E+01 
 1.00000000E+02  4.46678505E+01 
 9.00000000E+04  6.18230042E+02 
990 6 
-2.00000000E+02 -7.15652466E+02 
-5.00000000E+01 -4.46678505E+01 
 0.00000000E+00 -2.23412495E+01 
 2.00000000E+01  2.23412495E+01 
 1.00000000E+02  4.46678505E+01 
 9.00000000E+04  6.18230042E+02 
1020 6 
-2.00000000E+02 -7.15652466E+02 
-5.00000000E+01 -4.46678505E+01 
 0.00000000E+00 -2.23412495E+01 
 2.00000000E+01  2.23412495E+01 
 1.00000000E+02  4.46678505E+01 
 9.00000000E+04  6.18230042E+02 
1050 6 
-2.00000000E+02 -7.15652466E+02 
-5.00000000E+01 -4.46678505E+01 
 0.00000000E+00 -2.23412495E+01 
 2.00000000E+01  2.23412495E+01 
 1.00000000E+02  4.46678505E+01 
 9.00000000E+04  6.18230042E+02 
1080 6 
-2.00000000E+02 -7.15652466E+02 
-5.00000000E+01 -4.46678505E+01 
 0.00000000E+00 -2.23412495E+01 
 2.00000000E+01  2.23412495E+01 
 1.00000000E+02  4.46678505E+01 
 9.00000000E+04  6.18230042E+02 
1110 6 
-2.00000000E+02 -7.15652466E+02 
-5.00000000E+01 -4.46678505E+01 
 0.00000000E+00 -2.23412495E+01 
 2.00000000E+01  2.23412495E+01 
 1.00000000E+02  4.46678505E+01 
 9.00000000E+04  6.18230042E+02 
1140 6 
-2.00000000E+02 -7.15652466E+02 
-5.00000000E+01 -4.46678505E+01 
 0.00000000E+00 -2.23412495E+01 
 2.00000000E+01  2.23412495E+01 
 1.00000000E+02  4.46678505E+01 
 9.00000000E+04  6.18230042E+02 
1170 6 
-2.00000000E+02 -7.15652466E+02 
-5.00000000E+01 -4.46678505E+01 
 0.00000000E+00 -2.23412495E+01 
 2.00000000E+01  2.23412495E+01 
 1.00000000E+02  4.46678505E+01 
 9.00000000E+04  6.18230042E+02 
1200 6 
-2.00000000E+02 -7.15652466E+02 
-5.00000000E+01 -4.46678505E+01 
 0.00000000E+00 -2.23412495E+01 
 2.00000000E+01  2.23412495E+01 
 1.00000000E+02  4.46678505E+01 
 9.00000000E+04  6.18230042E+02 
1230 6 
-2.00000000E+02 -7.15652466E+02 
-5.00000000E+01 -4.46678505E+01 
 0.00000000E+00 -2.23412495E+01 
 2.00000000E+01  2.23412495E+01 
 1.00000000E+02  4.46678505E+01 
 9.00000000E+04  6.18230042E+02 
1260 6 
-2.00000000E+02 -7.15652466E+02 
-5.00000000E+01 -4.46678505E+01 
 0.00000000E+00 -2.23412495E+01 
 2.00000000E+01  2.23412495E+01 
 1.00000000E+02  4.46678505E+01 
 9.00000000E+04  6.18230042E+02 
1290 6 
-2.00000000E+02 -7.15652466E+02 
-5.00000000E+01 -4.46678505E+01 
 0.00000000E+00 -2.23412495E+01 
 2.00000000E+01  2.23412495E+01 
 1.00000000E+02  4.46678505E+01 
 9.00000000E+04  6.18230042E+02 
1320 6 
-2.00000000E+02 -7.15652466E+02 
-5.00000000E+01 -4.46678505E+01 
 0.00000000E+00 -2.23412495E+01 
 2.00000000E+01  2.23412495E+01 
 1.00000000E+02  4.46678505E+01 
 9.00000000E+04  6.18230042E+02 
1350 6 
-2.00000000E+02 -7.15652466E+02 
-5.00000000E+01 -4.46678505E+01 
 0.00000000E+00 -2.23412495E+01 
 2.00000000E+01  2.23412495E+01 
 1.00000000E+02  4.46678505E+01 
 9.00000000E+04  6.18230042E+02 
1380 6 
-2.00000000E+02 -7.15652466E+02 
-5.00000000E+01 -4.46678505E+01 
 0.00000000E+00 -2.23412495E+01 
 2.00000000E+01  2.23412495E+01 
 1.00000000E+02  4.46678505E+01 
 9.00000000E+04  6.18230042E+02 
1410 6 
-2.00000000E+02 -7.15652466E+02 
-5.00000000E+01 -4.46678505E+01 
 0.00000000E+00 -2.23412495E+01 
 2.00000000E+01  2.23412495E+01 
 1.00000000E+02  4.46678505E+01 
 9.00000000E+04  6.18230042E+02 
1440 6 
-2.00000000E+02 -7.15652466E+02 
-5.00000000E+01 -4.46678505E+01 
 0.00000000E+00 -2.23412495E+01 
 2.00000000E+01  2.23412495E+01 
 1.00000000E+02  4.46678505E+01 
 9.00000000E+04  6.18230042E+02 
1470 6 
-2.00000000E+02 -7.03724854E+02 
-5.00000000E+01 -4.39233818E+01 
 0.00000000E+00 -2.19688911E+01 
 2.00000000E+01  2.19688911E+01 
 1.00000000E+02  4.39233818E+01 
 9.00000000E+04  6.07926147E+02 
1500 6 
-2.00000000E+02 -6.91797546E+02 
-5.00000000E+01 -4.31789322E+01 
 0.00000000E+00 -2.15965500E+01 
 2.00000000E+01  2.15965500E+01 
 1.00000000E+02  4.31789322E+01 
 9.00000000E+04  5.97622314E+02 
1530 6 
-2.00000000E+02 -6.79869934E+02 
-5.00000000E+01 -4.24344597E+01 
 0.00000000E+00 -2.12241898E+01 
 2.00000000E+01  2.12241898E+01 
 1.00000000E+02  4.24344597E+01 
 9.00000000E+04  5.87318481E+02 
1560 6 
-2.00000000E+02 -6.67942322E+02 
-5.00000000E+01 -4.16899910E+01 
 0.00000000E+00 -2.08518295E+01 
 2.00000000E+01  2.08518295E+01 
 1.00000000E+02  4.16899910E+01 
 9.00000000E+04  5.77014709E+02 
1590 6 
-2.00000000E+02 -6.56014771E+02 
-5.00000000E+01 -4.09455299E+01 
 0.00000000E+00 -2.04794807E+01 
 2.00000000E+01  2.04794807E+01 
 1.00000000E+02  4.09455299E+01 
 9.00000000E+04  5.66710815E+02 
1620 6 
-2.00000000E+02 -6.44087158E+02 
-5.00000000E+01 -4.02010689E+01 
 0.00000000E+00 -2.01071205E+01 
 2.00000000E+01  2.01071205E+01 
 1.00000000E+02  4.02010689E+01 
 9.00000000E+04  5.56407043E+02 
1650 6 
-2.00000000E+02 -6.32159546E+02 
-5.00000000E+01 -3.94566002E+01 
 0.00000000E+00 -1.97347698E+01 
 2.00000000E+01  1.97347698E+01 
 1.00000000E+02  3.94566002E+01 
 9.00000000E+04  5.46103210E+02 
1680 6 
-2.00000000E+02 -6.20232239E+02 
-5.00000000E+01 -3.87121429E+01 
 0.00000000E+00 -1.93624210E+01 
 2.00000000E+01  1.93624210E+01 
 1.00000000E+02  3.87121429E+01 
 9.00000000E+04  5.35799255E+02 
1710 6 
-2.00000000E+02 -6.08304626E+02 
-5.00000000E+01 -3.79676704E+01 
 0.00000000E+00 -1.89900589E+01 
 2.00000000E+01  1.89900589E+01 
 1.00000000E+02  3.79676704E+01 
 9.00000000E+04  5.25495483E+02 
1740 6 
-2.00000000E+02 -5.96377075E+02 
-5.00000000E+01 -3.72232018E+01 
 0.00000000E+00 -1.86177006E+01 
 2.00000000E+01  1.86177006E+01 
 1.00000000E+02  3.72232018E+01 
 9.00000000E+04  5.15191711E+02 
1770 6 
-2.00000000E+02 -5.84449585E+02 
-5.00000000E+01 -3.64787521E+01 
 0.00000000E+00 -1.82453594E+01 
 2.00000000E+01  1.82453594E+01 
 1.00000000E+02  3.64787521E+01 
 9.00000000E+04  5.04887787E+02 
1800 6 
-2.00000000E+02 -5.72522034E+02 
-5.00000000E+01 -3.57342796E+01 
 0.00000000E+00 -1.78729992E+01 
 2.00000000E+01  1.78729992E+01 
 1.00000000E+02  3.57342796E+01 
 9.00000000E+04  4.94583984E+02 
1830 6 
-2.00000000E+02 -5.60594421E+02 
-5.00000000E+01 -3.49898109E+01 
 0.00000000E+00 -1.75006409E+01 
 2.00000000E+01  1.75006409E+01 
 1.00000000E+02  3.49898109E+01 
 9.00000000E+04  4.84280212E+02 
1860 6 
-2.00000000E+02 -5.48666931E+02 
-5.00000000E+01 -3.42453613E+01 
 0.00000000E+00 -1.71282997E+01 
 2.00000000E+01  1.71282997E+01 
 1.00000000E+02  3.42453613E+01 
 9.00000000E+04  4.73976288E+02 
1890 6 
-2.00000000E+02 -5.36739380E+02 
-5.00000000E+01 -3.35008888E+01 
 0.00000000E+00 -1.67559395E+01 
 2.00000000E+01  1.67559395E+01 
 1.00000000E+02  3.35008888E+01 
 9.00000000E+04  4.63672485E+02 
1920 6 
-2.00000000E+02 -5.24811768E+02 
-5.00000000E+01 -3.27564201E+01 
 0.00000000E+00 -1.63835793E+01 
 2.00000000E+01  1.63835793E+01 
 1.00000000E+02  3.27564201E+01 
 9.00000000E+04  4.53368683E+02 
1950 6 
-2.00000000E+02 -5.12884338E+02 
-5.00000000E+01 -3.20119591E+01 
 0.00000000E+00 -1.60112305E+01 
 2.00000000E+01  1.60112305E+01 
 1.00000000E+02  3.20119591E+01 
 9.00000000E+04  4.43064819E+02 
1980 6 
-2.00000000E+02 -5.00956818E+02 
-5.00000000E+01 -3.12674904E+01 
 0.00000000E+00 -1.56388702E+01 
 2.00000000E+01  1.56388702E+01 
 1.00000000E+02  3.12674904E+01 
 9.00000000E+04  4.32761017E+02 
2010 6 
-2.00000000E+02 -4.89029114E+02 
-5.00000000E+01 -3.05230312E+01 
 0.00000000E+00 -1.52665205E+01 
 2.00000000E+01  1.52665205E+01 
 1.00000000E+02  3.05230312E+01 
 9.00000000E+04  4.22457184E+02 
2040 6 
-2.00000000E+02 -4.77101685E+02 
-5.00000000E+01 -2.97785702E+01 
 0.00000000E+00 -1.48941698E+01 
 2.00000000E+01  1.48941698E+01 
 1.00000000E+02  2.97785702E+01 
 9.00000000E+04  4.12153290E+02 
2070 6 
-2.00000000E+02 -4.65174103E+02 
-5.00000000E+01 -2.90340996E+01 
 0.00000000E+00 -1.45218096E+01 
 2.00000000E+01  1.45218096E+01 
 1.00000000E+02  2.90340996E+01 
 9.00000000E+04  4.01849518E+02 
2100 6 
-2.00000000E+02 -4.53246613E+02 
-5.00000000E+01 -2.82896309E+01 
 0.00000000E+00 -1.41494598E+01 
 2.00000000E+01  1.41494598E+01 
 1.00000000E+02  2.82896309E+01 
 9.00000000E+04  3.91545715E+02 
2130 6 
-2.00000000E+02 -4.41319122E+02 
-5.00000000E+01 -2.75451794E+01 
 0.00000000E+00 -1.37770996E+01 
 2.00000000E+01  1.37770996E+01 
 1.00000000E+02  2.75451794E+01 
 9.00000000E+04  3.81241791E+02 
2160 6 
-2.00000000E+02 -4.29391510E+02 
-5.00000000E+01 -2.68007107E+01 
 0.00000000E+00 -1.34047499E+01 
 2.00000000E+01  1.34047499E+01 
 1.00000000E+02  2.68007107E+01 
 9.00000000E+04  3.70937988E+02 
2190 6 
-2.00000000E+02 -4.17463898E+02 
-5.00000000E+01 -2.60562401E+01 
 0.00000000E+00 -1.30323992E+01 
 2.00000000E+01  1.30323992E+01 
 1.00000000E+02  2.60562401E+01 
 9.00000000E+04  3.60634216E+02 
2220 6 
-2.00000000E+02 -4.05536499E+02 
-5.00000000E+01 -2.53117905E+01 
 0.00000000E+00 -1.26600399E+01 
 2.00000000E+01  1.26600399E+01 
 1.00000000E+02  2.53117905E+01 
 9.00000000E+04  3.50330292E+02 
2250 6 
-2.00000000E+02 -3.93608887E+02 
-5.00000000E+01 -2.45673199E+01 
 0.00000000E+00 -1.22876902E+01 
 2.00000000E+01  1.22876902E+01 
 1.00000000E+02  2.45673199E+01 
 9.00000000E+04  3.40026489E+02 
2280 6 
-2.00000000E+02 -3.81681305E+02 
-5.00000000E+01 -2.38228493E+01 
 0.00000000E+00 -1.19153299E+01 
 2.00000000E+01  1.19153299E+01 
 1.00000000E+02  2.38228493E+01 
 9.00000000E+04  3.29722687E+02 
2310 6 
-2.00000000E+02 -3.69753815E+02 
-5.00000000E+01 -2.30783901E+01 
 0.00000000E+00 -1.15429802E+01 
 2.00000000E+01  1.15429802E+01 
 1.00000000E+02  2.30783901E+01 
 9.00000000E+04  3.19418823E+02 
2340 6 
-2.00000000E+02 -3.57826202E+02 
-5.00000000E+01 -2.23339291E+01 
 0.00000000E+00 -1.11706200E+01 
 2.00000000E+01  1.11706200E+01 
 1.00000000E+02  2.23339291E+01 
 9.00000000E+04  3.09115021E+02 
2370 6 
-2.00000000E+02 -3.45898712E+02 
-5.00000000E+01 -2.15894489E+01 
 0.00000000E+00 -1.07982693E+01 
 2.00000000E+01  1.07982693E+01 
 1.00000000E+02  2.15894489E+01 
 9.00000000E+04  2.98811188E+02 
2400 6 
-2.00000000E+02 -3.33971191E+02 
-5.00000000E+01 -2.08449993E+01 
 0.00000000E+00 -1.04259195E+01 
 2.00000000E+01  1.04259195E+01 
 1.00000000E+02  2.08449993E+01 
 9.00000000E+04  2.88507294E+02 
2430 6 
-2.00000000E+02 -3.22043579E+02 
-5.00000000E+01 -2.01005306E+01 
 0.00000000E+00 -1.00535603E+01 
 2.00000000E+01  1.00535603E+01 
 1.00000000E+02  2.01005306E+01 
 9.00000000E+04  2.78203522E+02 
2460 6 
-2.00000000E+02 -3.10116119E+02 
-5.00000000E+01 -1.93560600E+01 
 0.00000000E+00 -9.68120861E+00 
 2.00000000E+01  9.68120861E+00 
 1.00000000E+02  1.93560600E+01 
 9.00000000E+04  2.67899719E+02 
2490 6 
-2.00000000E+02 -2.98188599E+02 
-5.00000000E+01 -1.86116104E+01 
 0.00000000E+00 -9.30885410E+00 
 2.00000000E+01  9.30885410E+00 
 1.00000000E+02  1.86116104E+01 
 9.00000000E+04  2.57595795E+02 
2520 6 
-2.00000000E+02 -2.86261017E+02 
-5.00000000E+01 -1.78671398E+01 
 0.00000000E+00 -8.93649960E+00 
 2.00000000E+01  8.93649960E+00 
 1.00000000E+02  1.78671398E+01 
 9.00000000E+04  2.47291992E+02 
2550 6 
-2.00000000E+02 -2.74333405E+02 
-5.00000000E+01 -1.71226711E+01 
 0.00000000E+00 -8.56414509E+00 
 2.00000000E+01  8.56414509E+00 
 1.00000000E+02  1.71226711E+01 
 9.00000000E+04  2.36988205E+02 
2580 6 
-2.00000000E+02 -2.62405884E+02 
-5.00000000E+01 -1.63782196E+01 
 0.00000000E+00 -8.19179153E+00 
 2.00000000E+01  8.19179153E+00 
 1.00000000E+02  1.63782196E+01 
 9.00000000E+04  2.26684296E+02 
2610 6 
-2.00000000E+02 -2.50478409E+02 
-5.00000000E+01 -1.56337500E+01 
 0.00000000E+00 -7.81943798E+00 
 2.00000000E+01  7.81943798E+00 
 1.00000000E+02  1.56337500E+01 
 9.00000000E+04  2.16380508E+02 
2640 6 
-2.00000000E+02 -2.38550797E+02 
-5.00000000E+01 -1.48892803E+01 
 0.00000000E+00 -7.44708300E+00 
 2.00000000E+01  7.44708300E+00 
 1.00000000E+02  1.48892803E+01 
 9.00000000E+04  2.06076691E+02 
2670 6 
-2.00000000E+02 -2.26623306E+02 
-5.00000000E+01 -1.41448202E+01 
 0.00000000E+00 -7.07472992E+00 
 2.00000000E+01  7.07472992E+00 
 1.00000000E+02  1.41448202E+01 
 9.00000000E+04  1.95772797E+02 
2700 6 
-2.00000000E+02 -2.14695801E+02 
-5.00000000E+01 -1.34003601E+01 
 0.00000000E+00 -6.70237494E+00 
 2.00000000E+01  6.70237494E+00 
 1.00000000E+02  1.34003601E+01 
 9.00000000E+04  1.85468994E+02 
2730 6 
-2.00000000E+02 -2.02768097E+02 
-5.00000000E+01 -1.26558895E+01 
 0.00000000E+00 -6.33001995E+00 
 2.00000000E+01  6.33001995E+00 
 1.00000000E+02  1.26558895E+01 
 9.00000000E+04  1.75165207E+02 
2760 6 
-2.00000000E+02 -1.90840714E+02 
-5.00000000E+01 -1.19114294E+01 
 0.00000000E+00 -5.95766687E+00 
 2.00000000E+01  5.95766687E+00 
 1.00000000E+02  1.19114294E+01 
 9.00000000E+04  1.64861298E+02 
2790 6 
-2.00000000E+02 -1.78913101E+02 
-5.00000000E+01 -1.11669598E+01 
 0.00000000E+00 -5.58531189E+00 
 2.00000000E+01  5.58531189E+00 
 1.00000000E+02  1.11669598E+01 
 9.00000000E+04  1.54557510E+02 
2820 6 
-2.00000000E+02 -1.66985504E+02 
-5.00000000E+01 -1.04224997E+01 
 0.00000000E+00 -5.21295786E+00 
 2.00000000E+01  5.21295786E+00 
 1.00000000E+02  1.04224997E+01 
 9.00000000E+04  1.44253693E+02 
2850 6 
-2.00000000E+02 -1.55058105E+02 
-5.00000000E+01 -9.67803669E+00 
 0.00000000E+00 -4.84060526E+00 
 2.00000000E+01  4.84060526E+00 
 1.00000000E+02  9.67803669E+00 
 9.00000000E+04  1.33949799E+02 
2880 6 
-2.00000000E+02 -1.43130508E+02 
-5.00000000E+01 -8.93356991E+00 
 0.00000000E+00 -4.46824980E+00 
 2.00000000E+01  4.46824980E+00 
 1.00000000E+02  8.93356991E+00 
 9.00000000E+04  1.23645996E+02 
'PRIMAIRE' 96 
30 6 
 0.00000000E+00  0.00000000E+00 
 2.00000000E+00  4.46678505E+01 
 1.00000000E+01  8.93357010E+01 
 2.00000000E+01  1.78729996E+02 
 5.00000000E+01  8.93357056E+02 
 9.00000000E+04  1.78730005E+03 
60 6 
 0.00000000E+00  0.00000000E+00 
 2.00000000E+00  4.46678505E+01 
 1.00000000E+01  8.93357010E+01 
 2.00000000E+01  1.78729996E+02 
 5.00000000E+01  8.93357056E+02 
 9.00000000E+04  1.78730005E+03 
90 6 
 0.00000000E+00  0.00000000E+00 
 2.00000000E+00  4.46678505E+01 
 1.00000000E+01  8.93357010E+01 
 2.00000000E+01  1.78729996E+02 
 5.00000000E+01  8.93357056E+02 
 9.00000000E+04  1.78730005E+03 
120 6 
 0.00000000E+00  0.00000000E+00 
 2.00000000E+00  4.46678505E+01 
 1.00000000E+01  8.93357010E+01 
 2.00000000E+01  1.78729996E+02 
 5.00000000E+01  8.93357056E+02 
 9.00000000E+04  1.78730005E+03 
150 6 
 0.00000000E+00  0.00000000E+00 
 2.00000000E+00  4.46678505E+01 
 1.00000000E+01  8.93357010E+01 
 2.00000000E+01  1.78729996E+02 
 5.00000000E+01  8.93357056E+02 
 9.00000000E+04  1.78730005E+03 
180 6 
 0.00000000E+00  0.00000000E+00 
 2.00000000E+00  4.46678505E+01 
 1.00000000E+01  8.93357010E+01 
 2.00000000E+01  1.78729996E+02 
 5.00000000E+01  8.93357056E+02 
 9.00000000E+04  1.78730005E+03 
210 6 
 0.00000000E+00  0.00000000E+00 
 2.00000000E+00  4.46678505E+01 
 1.00000000E+01  8.93357010E+01 
 2.00000000E+01  1.78729996E+02 
 5.00000000E+01  8.93357056E+02 
 9.00000000E+04  1.78730005E+03 
240 6 
 0.00000000E+00  0.00000000E+00 
 2.00000000E+00  4.46678505E+01 
 1.00000000E+01  8.93357010E+01 
 2.00000000E+01  1.78729996E+02 
 5.00000000E+01  8.93357056E+02 
 9.00000000E+04  1.78730005E+03 
270 6 
 0.00000000E+00  0.00000000E+00 
 2.00000000E+00  4.46678505E+01 
 1.00000000E+01  8.93357010E+01 
 2.00000000E+01  1.78729996E+02 
 5.00000000E+01  8.93357056E+02 
 9.00000000E+04  1.78730005E+03 
300 6 
 0.00000000E+00  0.00000000E+00 
 2.00000000E+00  4.46678505E+01 
 1.00000000E+01  8.93357010E+01 
 2.00000000E+01  1.78729996E+02 
 5.00000000E+01  8.93357056E+02 
 9.00000000E+04  1.78730005E+03 
330 6 
 0.00000000E+00  0.00000000E+00 
 2.00000000E+00  4.46678505E+01 
 1.00000000E+01  8.93357010E+01 
 2.00000000E+01  1.78729996E+02 
 5.00000000E+01  8.93357056E+02 
 9.00000000E+04  1.78730005E+03 
360 6 
 0.00000000E+00  0.00000000E+00 
 2.00000000E+00  4.46678505E+01 
 1.00000000E+01  8.93357010E+01 
 2.00000000E+01  1.78729996E+02 
 5.00000000E+01  8.93357056E+02 
 9.00000000E+04  1.78730005E+03 
390 6 
 0.00000000E+00  0.00000000E+00 
 2.00000000E+00  4.46678505E+01 
 1.00000000E+01  8.93357010E+01 
 2.00000000E+01  1.78729996E+02 
 5.00000000E+01  8.93357056E+02 
 9.00000000E+04  1.78730005E+03 
420 6 
 0.00000000E+00  0.00000000E+00 
 2.00000000E+00  4.46678505E+01 
 1.00000000E+01  8.93357010E+01 
 2.00000000E+01  1.78729996E+02 
 5.00000000E+01  8.93357056E+02 
 9.00000000E+04  1.78730005E+03 
450 6 
 0.00000000E+00  0.00000000E+00 
 2.00000000E+00  4.46678505E+01 
 1.00000000E+01  8.93357010E+01 
 2.00000000E+01  1.78729996E+02 
 5.00000000E+01  8.93357056E+02 
 9.00000000E+04  1.78730005E+03 
480 6 
 0.00000000E+00  0.00000000E+00 
 2.00000000E+00  4.46678505E+01 
 1.00000000E+01  8.93357010E+01 
 2.00000000E+01  1.78729996E+02 
 5.00000000E+01  8.93357056E+02 
 9.00000000E+04  1.78730005E+03 
510 6 
 0.00000000E+00  0.00000000E+00 
 2.00000000E+00  4.46678505E+01 
 1.00000000E+01  8.93357010E+01 
 2.00000000E+01  1.78729996E+02 
 5.00000000E+01  8.93357056E+02 
 9.00000000E+04  1.78730005E+03 
540 6 
 0.00000000E+00  0.00000000E+00 
 2.00000000E+00  4.46678505E+01 
 1.00000000E+01  8.93357010E+01 
 2.00000000E+01  1.78729996E+02 
 5.00000000E+01  8.93357056E+02 
 9.00000000E+04  1.78730005E+03 
570 6 
 0.00000000E+00  0.00000000E+00 
 2.00000000E+00  4.46678505E+01 
 1.00000000E+01  8.93357010E+01 
 2.00000000E+01  1.78729996E+02 
 5.00000000E+01  8.93357056E+02 
 9.00000000E+04  1.78730005E+03 
600 6 
 0.00000000E+00  0.00000000E+00 
 2.00000000E+00  4.46678505E+01 
 1.00000000E+01  8.93357010E+01 
 2.00000000E+01  1.78729996E+02 
 5.00000000E+01  8.93357056E+02 
 9.00000000E+04  1.78730005E+03 
630 6 
 0.00000000E+00  0.00000000E+00 
 2.00000000E+00  4.46678505E+01 
 1.00000000E+01  8.93357010E+01 
 2.00000000E+01  1.78729996E+02 
 5.00000000E+01  8.93357056E+02 
 9.00000000E+04  1.78730005E+03 
660 6 
 0.00000000E+00  0.00000000E+00 
 2.00000000E+00  4.46678505E+01 
 1.00000000E+01  8.93357010E+01 
 2.00000000E+01  1.78729996E+02 
 5.00000000E+01  8.93357056E+02 
 9.00000000E+04  1.78730005E+03 
690 6 
 0.00000000E+00  0.00000000E+00 
 2.00000000E+00  4.46678505E+01 
 1.00000000E+01  8.93357010E+01 
 2.00000000E+01  1.78729996E+02 
 5.00000000E+01  8.93357056E+02 
 9.00000000E+04  1.78730005E+03 
720 6 
 0.00000000E+00  0.00000000E+00 
 2.00000000E+00  4.46678505E+01 
 1.00000000E+01  8.93357010E+01 
 2.00000000E+01  1.78729996E+02 
 5.00000000E+01  8.93357056E+02 
 9.00000000E+04  1.78730005E+03 
750 6 
 0.00000000E+00  0.00000000E+00 
 2.00000000E+00  4.46678505E+01 
 1.00000000E+01  8.93357010E+01 
 2.00000000E+01  1.78729996E+02 
 5.00000000E+01  8.93357056E+02 
 9.00000000E+04  1.78730005E+03 
780 6 
 0.00000000E+00  0.00000000E+00 
 2.00000000E+00  4.46678505E+01 
 1.00000000E+01  8.93357010E+01 
 2.00000000E+01  1.78729996E+02 
 5.00000000E+01  8.93357056E+02 
 9.00000000E+04  1.78730005E+03 
810 6 
 0.00000000E+00  0.00000000E+00 
 2.00000000E+00  4.46678505E+01 
 1.00000000E+01  8.93357010E+01 
 2.00000000E+01  1.78729996E+02 
 5.00000000E+01  8.93357056E+02 
 9.00000000E+04  1.78730005E+03 
840 6 
 0.00000000E+00  0.00000000E+00 
 2.00000000E+00  4.46678505E+01 
 1.00000000E+01  8.93357010E+01 
 2.00000000E+01  1.78729996E+02 
 5.00000000E+01  8.93357056E+02 
 9.00000000E+04  1.78730005E+03 
870 6 
 0.00000000E+00  0.00000000E+00 
 2.00000000E+00  4.46678505E+01 
 1.00000000E+01  8.93357010E+01 
 2.00000000E+01  1.78729996E+02 
 5.00000000E+01  8.93357056E+02 
 9.00000000E+04  1.78730005E+03 
900 6 
 0.00000000E+00  0.00000000E+00 
 2.00000000E+00  4.46678505E+01 
 1.00000000E+01  8.93357010E+01 
 2.00000000E+01  1.78729996E+02 
 5.00000000E+01  8.93357056E+02 
 9.00000000E+04  1.78730005E+03 
930 6 
 0.00000000E+00  0.00000000E+00 
 2.00000000E+00  4.46678505E+01 
 1.00000000E+01  8.93357010E+01 
 2.00000000E+01  1.78729996E+02 
 5.00000000E+01  8.93357056E+02 
 9.00000000E+04  1.78730005E+03 
960 6 
 0.00000000E+00  0.00000000E+00 
 2.00000000E+00  4.46678505E+01 
 1.00000000E+01  8.93357010E+01 
 2.00000000E+01  1.78729996E+02 
 5.00000000E+01  8.93357056E+02 
 9.00000000E+04  1.78730005E+03 
990 6 
 0.00000000E+00  0.00000000E+00 
 2.00000000E+00  4.46678505E+01 
 1.00000000E+01  8.93357010E+01 
 2.00000000E+01  1.78729996E+02 
 5.00000000E+01  8.93357056E+02 
 9.00000000E+04  1.78730005E+03 
1020 6 
 0.00000000E+00  0.00000000E+00 
 2.00000000E+00  4.46678505E+01 
 1.00000000E+01  8.93357010E+01 
 2.00000000E+01  1.78729996E+02 
 5.00000000E+01  8.93357056E+02 
 9.00000000E+04  1.78730005E+03 
1050 6 
 0.00000000E+00  0.00000000E+00 
 2.00000000E+00  4.46678505E+01 
 1.00000000E+01  8.93357010E+01 
 2.00000000E+01  1.78729996E+02 
 5.00000000E+01  8.93357056E+02 
 9.00000000E+04  1.78730005E+03 
1080 6 
 0.00000000E+00  0.00000000E+00 
 2.00000000E+00  4.46678505E+01 
 1.00000000E+01  8.93357010E+01 
 2.00000000E+01  1.78729996E+02 
 5.00000000E+01  8.93357056E+02 
 9.00000000E+04  1.78730005E+03 
1110 6 
 0.00000000E+00  0.00000000E+00 
 2.00000000E+00  4.46678505E+01 
 1.00000000E+01  8.93357010E+01 
 2.00000000E+01  1.78729996E+02 
 5.00000000E+01  8.93357056E+02 
 9.00000000E+04  1.78730005E+03 
1140 6 
 0.00000000E+00  0.00000000E+00 
 2.00000000E+00  4.46678505E+01 
 1.00000000E+01  8.93357010E+01 
 2.00000000E+01  1.78729996E+02 
 5.00000000E+01  8.93357056E+02 
 9.00000000E+04  1.78730005E+03 
1170 6 
 0.00000000E+00  0.00000000E+00 
 2.00000000E+00  4.46678505E+01 
 1.00000000E+01  8.93357010E+01 
 2.00000000E+01  1.78729996E+02 
 5.00000000E+01  8.93357056E+02 
 9.00000000E+04  1.78730005E+03 
1200 6 
 0.00000000E+00  0.00000000E+00 
 2.00000000E+00  4.46678505E+01 
 1.00000000E+01  8.93357010E+01 
 2.00000000E+01  1.78729996E+02 
 5.00000000E+01  8.93357056E+02 
 9.00000000E+04  1.78730005E+03 
1230 6 
 0.00000000E+00  0.00000000E+00 
 2.00000000E+00  4.46678505E+01 
 1.00000000E+01  8.93357010E+01 
 2.00000000E+01  1.78729996E+02 
 5.00000000E+01  8.93357056E+02 
 9.00000000E+04  1.78730005E+03 
1260 6 
 0.00000000E+00  0.00000000E+00 
 2.00000000E+00  4.46678505E+01 
 1.00000000E+01  8.93357010E+01 
 2.00000000E+01  1.78729996E+02 
 5.00000000E+01  8.93357056E+02 
 9.00000000E+04  1.78730005E+03 
1290 6 
 0.00000000E+00  0.00000000E+00 
 2.00000000E+00  4.46678505E+01 
 1.00000000E+01  8.93357010E+01 
 2.00000000E+01  1.78729996E+02 
 5.00000000E+01  8.93357056E+02 
 9.00000000E+04  1.78730005E+03 
1320 6 
 0.00000000E+00  0.00000000E+00 
 2.00000000E+00  4.46678505E+01 
 1.00000000E+01  8.93357010E+01 
 2.00000000E+01  1.78729996E+02 
 5.00000000E+01  8.93357056E+02 
 9.00000000E+04  1.78730005E+03 
1350 6 
 0.00000000E+00  0.00000000E+00 
 2.00000000E+00  4.46678505E+01 
 1.00000000E+01  8.93357010E+01 
 2.00000000E+01  1.78729996E+02 
 5.00000000E+01  8.93357056E+02 
 9.00000000E+04  1.78730005E+03 
1380 6 
 0.00000000E+00  0.00000000E+00 
 2.00000000E+00  4.46678505E+01 
 1.00000000E+01  8.93357010E+01 
 2.00000000E+01  1.78729996E+02 
 5.00000000E+01  8.93357056E+02 
 9.00000000E+04  1.78730005E+03 
1410 6 
 0.00000000E+00  0.00000000E+00 
 2.00000000E+00  4.46678505E+01 
 1.00000000E+01  8.93357010E+01 
 2.00000000E+01  1.78729996E+02 
 5.00000000E+01  8.93357056E+02 
 9.00000000E+04  1.78730005E+03 
1440 6 
 0.00000000E+00  0.00000000E+00 
 2.00000000E+00  4.46678505E+01 
 1.00000000E+01  8.93357010E+01 
 2.00000000E+01  1.78729996E+02 
 5.00000000E+01  8.93357056E+02 
 9.00000000E+04  1.78730005E+03 
1470 6 
 0.00000000E+00  0.00000000E+00 
 2.00000000E+00  4.39233818E+01 
 1.00000000E+01  8.78467789E+01 
 2.00000000E+01  1.75751205E+02 
 5.00000000E+01  8.78467773E+02 
 9.00000000E+04  1.75751196E+03 
1500 6 
 0.00000000E+00  0.00000000E+00 
 2.00000000E+00  4.31789322E+01 
 1.00000000E+01  8.63578262E+01 
 2.00000000E+01  1.72772293E+02 
 5.00000000E+01  8.63578369E+02 
 9.00000000E+04  1.72772302E+03 
1530 6 
 0.00000000E+00  0.00000000E+00 
 2.00000000E+00  4.24344597E+01 
 1.00000000E+01  8.48689194E+01 
 2.00000000E+01  1.69793503E+02 
 5.00000000E+01  8.48689026E+02 
 9.00000000E+04  1.69793506E+03 
1560 6 
 0.00000000E+00  0.00000000E+00 
 2.00000000E+00  4.16899910E+01 
 1.00000000E+01  8.33799896E+01 
 2.00000000E+01  1.66814697E+02 
 5.00000000E+01  8.33799866E+02 
 9.00000000E+04  1.66814697E+03 
1590 6 
 0.00000000E+00  0.00000000E+00 
 2.00000000E+00  4.09455299E+01 
 1.00000000E+01  8.18910599E+01 
 2.00000000E+01  1.63835800E+02 
 5.00000000E+01  8.18910461E+02 
 9.00000000E+04  1.63835791E+03 
1620 6 
 0.00000000E+00  0.00000000E+00 
 2.00000000E+00  4.02010689E+01 
 1.00000000E+01  8.04021301E+01 
 2.00000000E+01  1.60856995E+02 
 5.00000000E+01  8.04021301E+02 
 9.00000000E+04  1.60857007E+03 
1650 6 
 0.00000000E+00  0.00000000E+00 
 2.00000000E+00  3.94566002E+01 
 1.00000000E+01  7.89132080E+01 
 2.00000000E+01  1.57878204E+02 
 5.00000000E+01  7.89132019E+02 
 9.00000000E+04  1.57878198E+03 
1680 6 
 0.00000000E+00  0.00000000E+00 
 2.00000000E+00  3.87121429E+01 
 1.00000000E+01  7.74242706E+01 
 2.00000000E+01  1.54899307E+02 
 5.00000000E+01  7.74242554E+02 
 9.00000000E+04  1.54899292E+03 
1710 6 
 0.00000000E+00  0.00000000E+00 
 2.00000000E+00  3.79676704E+01 
 1.00000000E+01  7.59353409E+01 
 2.00000000E+01  1.51920502E+02 
 5.00000000E+01  7.59353516E+02 
 9.00000000E+04  1.51920496E+03 
1740 6 
 0.00000000E+00  0.00000000E+00 
 2.00000000E+00  3.72232018E+01 
 1.00000000E+01  7.44464188E+01 
 2.00000000E+01  1.48941696E+02 
 5.00000000E+01  7.44464172E+02 
 9.00000000E+04  1.48941711E+03 
1770 6 
 0.00000000E+00  0.00000000E+00 
 2.00000000E+00  3.64787521E+01 
 1.00000000E+01  7.29574890E+01 
 2.00000000E+01  1.45962799E+02 
 5.00000000E+01  7.29574829E+02 
 9.00000000E+04  1.45962805E+03 
1800 6 
 0.00000000E+00  0.00000000E+00 
 2.00000000E+00  3.57342796E+01 
 1.00000000E+01  7.14685593E+01 
 2.00000000E+01  1.42983994E+02 
 5.00000000E+01  7.14685608E+02 
 9.00000000E+04  1.42983997E+03 
1830 6 
 0.00000000E+00  0.00000000E+00 
 2.00000000E+00  3.49898109E+01 
 1.00000000E+01  6.99796371E+01 
 2.00000000E+01  1.40005188E+02 
 5.00000000E+01  6.99796265E+02 
 9.00000000E+04  1.40005200E+03 
1860 6 
 0.00000000E+00  0.00000000E+00 
 2.00000000E+00  3.42453613E+01 
 1.00000000E+01  6.84907074E+01 
 2.00000000E+01  1.37026306E+02 
 5.00000000E+01  6.84907043E+02 
 9.00000000E+04  1.37026306E+03 
1890 6 
 0.00000000E+00  0.00000000E+00 
 2.00000000E+00  3.35008888E+01 
 1.00000000E+01  6.70017776E+01 
 2.00000000E+01  1.34047501E+02 
 5.00000000E+01  6.70017761E+02 
 9.00000000E+04  1.34047498E+03 
1920 6 
 0.00000000E+00  0.00000000E+00 
 2.00000000E+00  3.27564201E+01 
 1.00000000E+01  6.55128479E+01 
 2.00000000E+01  1.31068695E+02 
 5.00000000E+01  6.55128296E+02 
 9.00000000E+04  1.31068701E+03 
1950 6 
 0.00000000E+00  0.00000000E+00 
 2.00000000E+00  3.20119591E+01 
 1.00000000E+01  6.40239105E+01 
 2.00000000E+01  1.28089798E+02 
 5.00000000E+01  6.40239136E+02 
 9.00000000E+04  1.28089807E+03 
1980 6 
 0.00000000E+00  0.00000000E+00 
 2.00000000E+00  3.12674904E+01 
 1.00000000E+01  6.25349808E+01 
 2.00000000E+01  1.25111000E+02 
 5.00000000E+01  6.25349854E+02 
 9.00000000E+04  1.25110999E+03 
2010 6 
 0.00000000E+00  0.00000000E+00 
 2.00000000E+00  3.05230312E+01 
 1.00000000E+01  6.10460701E+01 
 2.00000000E+01  1.22132202E+02 
 5.00000000E+01  6.10460693E+02 
 9.00000000E+04  1.22132202E+03 
2040 6 
 0.00000000E+00  0.00000000E+00 
 2.00000000E+00  2.97785702E+01 
 1.00000000E+01  5.95571289E+01 
 2.00000000E+01  1.19153305E+02 
 5.00000000E+01  5.95571289E+02 
 9.00000000E+04  1.19153296E+03 
2070 6 
 0.00000000E+00  0.00000000E+00 
 2.00000000E+00  2.90340996E+01 
 1.00000000E+01  5.80681992E+01 
 2.00000000E+01  1.16174507E+02 
 5.00000000E+01  5.80682007E+02 
 9.00000000E+04  1.16174500E+03 
2100 6 
 0.00000000E+00  0.00000000E+00 
 2.00000000E+00  2.82896309E+01 
 1.00000000E+01  5.65792809E+01 
 2.00000000E+01  1.13195702E+02 
 5.00000000E+01  5.65792786E+02 
 9.00000000E+04  1.13195703E+03 
2130 6 
 0.00000000E+00  0.00000000E+00 
 2.00000000E+00  2.75451794E+01 
 1.00000000E+01  5.50903397E+01 
 2.00000000E+01  1.10216797E+02 
 5.00000000E+01  5.50903381E+02 
 9.00000000E+04  1.10216797E+03 
2160 6 
 0.00000000E+00  0.00000000E+00 
 2.00000000E+00  2.68007107E+01 
 1.00000000E+01  5.36014214E+01 
 2.00000000E+01  1.07237999E+02 
 5.00000000E+01  5.36014221E+02 
 9.00000000E+04  1.07238000E+03 
2190 6 
 0.00000000E+00  0.00000000E+00 
 2.00000000E+00  2.60562401E+01 
 1.00000000E+01  5.21124992E+01 
 2.00000000E+01  1.04259193E+02 
 5.00000000E+01  5.21124878E+02 
 9.00000000E+04  1.04259204E+03 
2220 6 
 0.00000000E+00  0.00000000E+00 
 2.00000000E+00  2.53117905E+01 
 1.00000000E+01  5.06235733E+01 
 2.00000000E+01  1.01280296E+02 
 5.00000000E+01  5.06235504E+02 
 9.00000000E+04  1.01280298E+03 
2250 6 
 0.00000000E+00  0.00000000E+00 
 2.00000000E+00  2.45673199E+01 
 1.00000000E+01  4.91346321E+01 
 2.00000000E+01  9.83014984E+01 
 5.00000000E+01  4.91346375E+02 
 9.00000000E+04  9.83014954E+02 
2280 6 
 0.00000000E+00  0.00000000E+00 
 2.00000000E+00  2.38228493E+01 
 1.00000000E+01  4.76457100E+01 
 2.00000000E+01  9.53226700E+01 
 5.00000000E+01  4.76457092E+02 
 9.00000000E+04  9.53226685E+02 
2310 6 
 0.00000000E+00  0.00000000E+00 
 2.00000000E+00  2.30783901E+01 
 1.00000000E+01  4.61567726E+01 
 2.00000000E+01  9.23438339E+01 
 5.00000000E+01  4.61567810E+02 
 9.00000000E+04  9.23438232E+02 
2340 6 
 0.00000000E+00  0.00000000E+00 
 2.00000000E+00  2.23339291E+01 
 1.00000000E+01  4.46678505E+01 
 2.00000000E+01  8.93649979E+01 
 5.00000000E+01  4.46678528E+02 
 9.00000000E+04  8.93650024E+02 
2370 6 
 0.00000000E+00  0.00000000E+00 
 2.00000000E+00  2.15894489E+01 
 1.00000000E+01  4.31789322E+01 
 2.00000000E+01  8.63861847E+01 
 5.00000000E+01  4.31789185E+02 
 9.00000000E+04  8.63861755E+02 
2400 6 
 0.00000000E+00  0.00000000E+00 
 2.00000000E+00  2.08449993E+01 
 1.00000000E+01  4.16899910E+01 
 2.00000000E+01  8.34073334E+01 
 5.00000000E+01  4.16899902E+02 
 9.00000000E+04  8.34073181E+02 
2430 6 
 0.00000000E+00  0.00000000E+00 
 2.00000000E+00  2.01005306E+01 
 1.00000000E+01  4.02010689E+01 
 2.00000000E+01  8.04284973E+01 
 5.00000000E+01  4.02010712E+02 
 9.00000000E+04  8.04285034E+02 
2460 6 
 0.00000000E+00  0.00000000E+00 
 2.00000000E+00  1.93560600E+01 
 1.00000000E+01  3.87121429E+01 
 2.00000000E+01  7.74496536E+01 
 5.00000000E+01  3.87121399E+02 
 9.00000000E+04  7.74496704E+02 
2490 6 
 0.00000000E+00  0.00000000E+00 
 2.00000000E+00  1.86116104E+01 
 1.00000000E+01  3.72232018E+01 
 2.00000000E+01  7.44708328E+01 
 5.00000000E+01  3.72231995E+02 
 9.00000000E+04  7.44708252E+02 
2520 6 
 0.00000000E+00  0.00000000E+00 
 2.00000000E+00  1.78671398E+01 
 1.00000000E+01  3.57342796E+01 
 2.00000000E+01  7.14919968E+01 
 5.00000000E+01  3.57342804E+02 
 9.00000000E+04  7.14919983E+02 
2550 6 
 0.00000000E+00  0.00000000E+00 
 2.00000000E+00  1.71226711E+01 
 1.00000000E+01  3.42453613E+01 
 2.00000000E+01  6.85131836E+01 
 5.00000000E+01  3.42453613E+02 
 9.00000000E+04  6.85131714E+02 
2580 6 
 0.00000000E+00  0.00000000E+00 
 2.00000000E+00  1.63782196E+01 
 1.00000000E+01  3.27564201E+01 
 2.00000000E+01  6.55343170E+01 
 5.00000000E+01  3.27564087E+02 
 9.00000000E+04  6.55343323E+02 
2610 6 
 0.00000000E+00  0.00000000E+00 
 2.00000000E+00  1.56337500E+01 
 1.00000000E+01  3.12674904E+01 
 2.00000000E+01  6.25555000E+01 
 5.00000000E+01  3.12674896E+02 
 9.00000000E+04  6.25554993E+02 
2640 6 
 0.00000000E+00  0.00000000E+00 
 2.00000000E+00  1.48892803E+01 
 1.00000000E+01  2.97785702E+01 
 2.00000000E+01  5.95766678E+01 
 5.00000000E+01  2.97785706E+02 
 9.00000000E+04  5.95766724E+02 
2670 6 
 0.00000000E+00  0.00000000E+00 
 2.00000000E+00  1.41448202E+01 
 1.00000000E+01  2.82896309E+01 
 2.00000000E+01  5.65978508E+01 
 5.00000000E+01  2.82896301E+02 
 9.00000000E+04  5.65978333E+02 
2700 6 
 0.00000000E+00  0.00000000E+00 
 2.00000000E+00  1.34003601E+01 
 1.00000000E+01  2.68007107E+01 
 2.00000000E+01  5.36189995E+01 
 5.00000000E+01  2.68007111E+02 
 9.00000000E+04  5.36190002E+02 
2730 6 
 0.00000000E+00  0.00000000E+00 
 2.00000000E+00  1.26558895E+01 
 1.00000000E+01  2.53117905E+01 
 2.00000000E+01  5.06401711E+01 
 5.00000000E+01  2.53117905E+02 
 9.00000000E+04  5.06401703E+02 
2760 6 
 0.00000000E+00  0.00000000E+00 
 2.00000000E+00  1.19114294E+01 
 1.00000000E+01  2.38228493E+01 
 2.00000000E+01  4.76613274E+01 
 5.00000000E+01  2.38228500E+02 
 9.00000000E+04  4.76613312E+02 
2790 6 
 0.00000000E+00  0.00000000E+00 
 2.00000000E+00  1.11669598E+01 
 1.00000000E+01  2.23339291E+01 
 2.00000000E+01  4.46824989E+01 
 5.00000000E+01  2.23339188E+02 
 9.00000000E+04  4.46825012E+02 
2820 6 
 0.00000000E+00  0.00000000E+00 
 2.00000000E+00  1.04224997E+01 
 1.00000000E+01  2.08449993E+01 
 2.00000000E+01  4.17036705E+01 
 5.00000000E+01  2.08449997E+02 
 9.00000000E+04  4.17036682E+02 
2850 6 
 0.00000000E+00  0.00000000E+00 
 2.00000000E+00  9.67803478E+00 
 1.00000000E+01  1.93560600E+01 
 2.00000000E+01  3.87248306E+01 
 5.00000000E+01  1.93560593E+02 
 9.00000000E+04  3.87248322E+02 
2880 6 
 0.00000000E+00  0.00000000E+00 
 2.00000000E+00  8.93356991E+00 
 1.00000000E+01  1.78671398E+01 
 2.00000000E+01  3.57459984E+01 
 5.00000000E+01  1.78671402E+02 
 9.00000000E+04  3.57459991E+02 
'TELEREGLAGE' 96 
30 6 
 0.00000000E+00  0.00000000E+00 
 2.00000000E+00  4.46678505E+01 
 1.00000000E+01  8.93357010E+01 
 2.00000000E+01  1.78729996E+02 
 5.00000000E+01  8.93357056E+02 
 9.00000000E+04  1.78730005E+03 
60 6 
 0.00000000E+00  0.00000000E+00 
 2.00000000E+00  4.46678505E+01 
 1.00000000E+01  8.93357010E+01 
 2.00000000E+01  1.78729996E+02 
 5.00000000E+01  8.93357056E+02 
 9.00000000E+04  1.78730005E+03 
90 6 
 0.00000000E+00  0.00000000E+00 
 2.00000000E+00  4.46678505E+01 
 1.00000000E+01  8.93357010E+01 
 2.00000000E+01  1.78729996E+02 
 5.00000000E+01  8.93357056E+02 
 9.00000000E+04  1.78730005E+03 
120 6 
 0.00000000E+00  0.00000000E+00 
 2.00000000E+00  4.46678505E+01 
 1.00000000E+01  8.93357010E+01 
 2.00000000E+01  1.78729996E+02 
 5.00000000E+01  8.93357056E+02 
 9.00000000E+04  1.78730005E+03 
150 6 
 0.00000000E+00  0.00000000E+00 
 2.00000000E+00  4.46678505E+01 
 1.00000000E+01  8.93357010E+01 
 2.00000000E+01  1.78729996E+02 
 5.00000000E+01  8.93357056E+02 
 9.00000000E+04  1.78730005E+03 
180 6 
 0.00000000E+00  0.00000000E+00 
 2.00000000E+00  4.46678505E+01 
 1.00000000E+01  8.93357010E+01 
 2.00000000E+01  1.78729996E+02 
 5.00000000E+01  8.93357056E+02 
 9.00000000E+04  1.78730005E+03 
210 6 
 0.00000000E+00  0.00000000E+00 
 2.00000000E+00  4.46678505E+01 
 1.00000000E+01  8.93357010E+01 
 2.00000000E+01  1.78729996E+02 
 5.00000000E+01  8.93357056E+02 
 9.00000000E+04  1.78730005E+03 
240 6 
 0.00000000E+00  0.00000000E+00 
 2.00000000E+00  4.46678505E+01 
 1.00000000E+01  8.93357010E+01 
 2.00000000E+01  1.78729996E+02 
 5.00000000E+01  8.93357056E+02 
 9.00000000E+04  1.78730005E+03 
270 6 
 0.00000000E+00  0.00000000E+00 
 2.00000000E+00  4.46678505E+01 
 1.00000000E+01  8.93357010E+01 
 2.00000000E+01  1.78729996E+02 
 5.00000000E+01  8.93357056E+02 
 9.00000000E+04  1.78730005E+03 
300 6 
 0.00000000E+00  0.00000000E+00 
 2.00000000E+00  4.46678505E+01 
 1.00000000E+01  8.93357010E+01 
 2.00000000E+01  1.78729996E+02 
 5.00000000E+01  8.93357056E+02 
 9.00000000E+04  1.78730005E+03 
330 6 
 0.00000000E+00  0.00000000E+00 
 2.00000000E+00  4.46678505E+01 
 1.00000000E+01  8.93357010E+01 
 2.00000000E+01  1.78729996E+02 
 5.00000000E+01  8.93357056E+02 
 9.00000000E+04  1.78730005E+03 
360 6 
 0.00000000E+00  0.00000000E+00 
 2.00000000E+00  4.46678505E+01 
 1.00000000E+01  8.93357010E+01 
 2.00000000E+01  1.78729996E+02 
 5.00000000E+01  8.93357056E+02 
 9.00000000E+04  1.78730005E+03 
390 6 
 0.00000000E+00  0.00000000E+00 
 2.00000000E+00  4.46678505E+01 
 1.00000000E+01  8.93357010E+01 
 2.00000000E+01  1.78729996E+02 
 5.00000000E+01  8.93357056E+02 
 9.00000000E+04  1.78730005E+03 
420 6 
 0.00000000E+00  0.00000000E+00 
 2.00000000E+00  4.46678505E+01 
 1.00000000E+01  8.93357010E+01 
 2.00000000E+01  1.78729996E+02 
 5.00000000E+01  8.93357056E+02 
 9.00000000E+04  1.78730005E+03 
450 6 
 0.00000000E+00  0.00000000E+00 
 2.00000000E+00  4.46678505E+01 
 1.00000000E+01  8.93357010E+01 
 2.00000000E+01  1.78729996E+02 
 5.00000000E+01  8.93357056E+02 
 9.00000000E+04  1.78730005E+03 
480 6 
 0.00000000E+00  0.00000000E+00 
 2.00000000E+00  4.46678505E+01 
 1.00000000E+01  8.93357010E+01 
 2.00000000E+01  1.78729996E+02 
 5.00000000E+01  8.93357056E+02 
 9.00000000E+04  1.78730005E+03 
510 6 
 0.00000000E+00  0.00000000E+00 
 2.00000000E+00  4.46678505E+01 
 1.00000000E+01  8.93357010E+01 
 2.00000000E+01  1.78729996E+02 
 5.00000000E+01  8.93357056E+02 
 9.00000000E+04  1.78730005E+03 
540 6 
 0.00000000E+00  0.00000000E+00 
 2.00000000E+00  4.46678505E+01 
 1.00000000E+01  8.93357010E+01 
 2.00000000E+01  1.78729996E+02 
 5.00000000E+01  8.93357056E+02 
 9.00000000E+04  1.78730005E+03 
570 6 
 0.00000000E+00  0.00000000E+00 
 2.00000000E+00  4.46678505E+01 
 1.00000000E+01  8.93357010E+01 
 2.00000000E+01  1.78729996E+02 
 5.00000000E+01  8.93357056E+02 
 9.00000000E+04  1.78730005E+03 
600 6 
 0.00000000E+00  0.00000000E+00 
 2.00000000E+00  4.46678505E+01 
 1.00000000E+01  8.93357010E+01 
 2.00000000E+01  1.78729996E+02 
 5.00000000E+01  8.93357056E+02 
 9.00000000E+04  1.78730005E+03 
630 6 
 0.00000000E+00  0.00000000E+00 
 2.00000000E+00  4.46678505E+01 
 1.00000000E+01  8.93357010E+01 
 2.00000000E+01  1.78729996E+02 
 5.00000000E+01  8.93357056E+02 
 9.00000000E+04  1.78730005E+03 
660 6 
 0.00000000E+00  0.00000000E+00 
 2.00000000E+00  4.46678505E+01 
 1.00000000E+01  8.93357010E+01 
 2.00000000E+01  1.78729996E+02 
 5.00000000E+01  8.93357056E+02 
 9.00000000E+04  1.78730005E+03 
690 6 
 0.00000000E+00  0.00000000E+00 
 2.00000000E+00  4.46678505E+01 
 1.00000000E+01  8.93357010E+01 
 2.00000000E+01  1.78729996E+02 
 5.00000000E+01  8.93357056E+02 
 9.00000000E+04  1.78730005E+03 
720 6 
 0.00000000E+00  0.00000000E+00 
 2.00000000E+00  4.46678505E+01 
 1.00000000E+01  8.93357010E+01 
 2.00000000E+01  1.78729996E+02 
 5.00000000E+01  8.93357056E+02 
 9.00000000E+04  1.78730005E+03 
750 6 
 0.00000000E+00  0.00000000E+00 
 2.00000000E+00  4.46678505E+01 
 1.00000000E+01  8.93357010E+01 
 2.00000000E+01  1.78729996E+02 
 5.00000000E+01  8.93357056E+02 
 9.00000000E+04  1.78730005E+03 
780 6 
 0.00000000E+00  0.00000000E+00 
 2.00000000E+00  4.46678505E+01 
 1.00000000E+01  8.93357010E+01 
 2.00000000E+01  1.78729996E+02 
 5.00000000E+01  8.93357056E+02 
 9.00000000E+04  1.78730005E+03 
810 6 
 0.00000000E+00  0.00000000E+00 
 2.00000000E+00  4.46678505E+01 
 1.00000000E+01  8.93357010E+01 
 2.00000000E+01  1.78729996E+02 
 5.00000000E+01  8.93357056E+02 
 9.00000000E+04  1.78730005E+03 
840 6 
 0.00000000E+00  0.00000000E+00 
 2.00000000E+00  4.46678505E+01 
 1.00000000E+01  8.93357010E+01 
 2.00000000E+01  1.78729996E+02 
 5.00000000E+01  8.93357056E+02 
 9.00000000E+04  1.78730005E+03 
870 6 
 0.00000000E+00  0.00000000E+00 
 2.00000000E+00  4.46678505E+01 
 1.00000000E+01  8.93357010E+01 
 2.00000000E+01  1.78729996E+02 
 5.00000000E+01  8.93357056E+02 
 9.00000000E+04  1.78730005E+03 
900 6 
 0.00000000E+00  0.00000000E+00 
 2.00000000E+00  4.46678505E+01 
 1.00000000E+01  8.93357010E+01 
 2.00000000E+01  1.78729996E+02 
 5.00000000E+01  8.93357056E+02 
 9.00000000E+04  1.78730005E+03 
930 6 
 0.00000000E+00  0.00000000E+00 
 2.00000000E+00  4.46678505E+01 
 1.00000000E+01  8.93357010E+01 
 2.00000000E+01  1.78729996E+02 
 5.00000000E+01  8.93357056E+02 
 9.00000000E+04  1.78730005E+03 
960 6 
 0.00000000E+00  0.00000000E+00 
 2.00000000E+00  4.46678505E+01 
 1.00000000E+01  8.93357010E+01 
 2.00000000E+01  1.78729996E+02 
 5.00000000E+01  8.93357056E+02 
 9.00000000E+04  1.78730005E+03 
990 6 
 0.00000000E+00  0.00000000E+00 
 2.00000000E+00  4.46678505E+01 
 1.00000000E+01  8.93357010E+01 
 2.00000000E+01  1.78729996E+02 
 5.00000000E+01  8.93357056E+02 
 9.00000000E+04  1.78730005E+03 
1020 6 
 0.00000000E+00  0.00000000E+00 
 2.00000000E+00  4.46678505E+01 
 1.00000000E+01  8.93357010E+01 
 2.00000000E+01  1.78729996E+02 
 5.00000000E+01  8.93357056E+02 
 9.00000000E+04  1.78730005E+03 
1050 6 
 0.00000000E+00  0.00000000E+00 
 2.00000000E+00  4.46678505E+01 
 1.00000000E+01  8.93357010E+01 
 2.00000000E+01  1.78729996E+02 
 5.00000000E+01  8.93357056E+02 
 9.00000000E+04  1.78730005E+03 
1080 6 
 0.00000000E+00  0.00000000E+00 
 2.00000000E+00  4.46678505E+01 
 1.00000000E+01  8.93357010E+01 
 2.00000000E+01  1.78729996E+02 
 5.00000000E+01  8.93357056E+02 
 9.00000000E+04  1.78730005E+03 
1110 6 
 0.00000000E+00  0.00000000E+00 
 2.00000000E+00  4.46678505E+01 
 1.00000000E+01  8.93357010E+01 
 2.00000000E+01  1.78729996E+02 
 5.00000000E+01  8.93357056E+02 
 9.00000000E+04  1.78730005E+03 
1140 6 
 0.00000000E+00  0.00000000E+00 
 2.00000000E+00  4.46678505E+01 
 1.00000000E+01  8.93357010E+01 
 2.00000000E+01  1.78729996E+02 
 5.00000000E+01  8.93357056E+02 
 9.00000000E+04  1.78730005E+03 
1170 6 
 0.00000000E+00  0.00000000E+00 
 2.00000000E+00  4.46678505E+01 
 1.00000000E+01  8.93357010E+01 
 2.00000000E+01  1.78729996E+02 
 5.00000000E+01  8.93357056E+02 
 9.00000000E+04  1.78730005E+03 
1200 6 
 0.00000000E+00  0.00000000E+00 
 2.00000000E+00  4.46678505E+01 
 1.00000000E+01  8.93357010E+01 
 2.00000000E+01  1.78729996E+02 
 5.00000000E+01  8.93357056E+02 
 9.00000000E+04  1.78730005E+03 
1230 6 
 0.00000000E+00  0.00000000E+00 
 2.00000000E+00  4.46678505E+01 
 1.00000000E+01  8.93357010E+01 
 2.00000000E+01  1.78729996E+02 
 5.00000000E+01  8.93357056E+02 
 9.00000000E+04  1.78730005E+03 
1260 6 
 0.00000000E+00  0.00000000E+00 
 2.00000000E+00  4.46678505E+01 
 1.00000000E+01  8.93357010E+01 
 2.00000000E+01  1.78729996E+02 
 5.00000000E+01  8.93357056E+02 
 9.00000000E+04  1.78730005E+03 
1290 6 
 0.00000000E+00  0.00000000E+00 
 2.00000000E+00  4.46678505E+01 
 1.00000000E+01  8.93357010E+01 
 2.00000000E+01  1.78729996E+02 
 5.00000000E+01  8.93357056E+02 
 9.00000000E+04  1.78730005E+03 
1320 6 
 0.00000000E+00  0.00000000E+00 
 2.00000000E+00  4.46678505E+01 
 1.00000000E+01  8.93357010E+01 
 2.00000000E+01  1.78729996E+02 
 5.00000000E+01  8.93357056E+02 
 9.00000000E+04  1.78730005E+03 
1350 6 
 0.00000000E+00  0.00000000E+00 
 2.00000000E+00  4.46678505E+01 
 1.00000000E+01  8.93357010E+01 
 2.00000000E+01  1.78729996E+02 
 5.00000000E+01  8.93357056E+02 
 9.00000000E+04  1.78730005E+03 
1380 6 
 0.00000000E+00  0.00000000E+00 
 2.00000000E+00  4.46678505E+01 
 1.00000000E+01  8.93357010E+01 
 2.00000000E+01  1.78729996E+02 
 5.00000000E+01  8.93357056E+02 
 9.00000000E+04  1.78730005E+03 
1410 6 
 0.00000000E+00  0.00000000E+00 
 2.00000000E+00  4.46678505E+01 
 1.00000000E+01  8.93357010E+01 
 2.00000000E+01  1.78729996E+02 
 5.00000000E+01  8.93357056E+02 
 9.00000000E+04  1.78730005E+03 
1440 6 
 0.00000000E+00  0.00000000E+00 
 2.00000000E+00  4.46678505E+01 
 1.00000000E+01  8.93357010E+01 
 2.00000000E+01  1.78729996E+02 
 5.00000000E+01  8.93357056E+02 
 9.00000000E+04  1.78730005E+03 
1470 6 
 0.00000000E+00  0.00000000E+00 
 2.00000000E+00  4.39233818E+01 
 1.00000000E+01  8.78467789E+01 
 2.00000000E+01  1.75751205E+02 
 5.00000000E+01  8.78467773E+02 
 9.00000000E+04  1.75751196E+03 
1500 6 
 0.00000000E+00  0.00000000E+00 
 2.00000000E+00  4.31789322E+01 
 1.00000000E+01  8.63578262E+01 
 2.00000000E+01  1.72772293E+02 
 5.00000000E+01  8.63578369E+02 
 9.00000000E+04  1.72772302E+03 
1530 6 
 0.00000000E+00  0.00000000E+00 
 2.00000000E+00  4.24344597E+01 
 1.00000000E+01  8.48689194E+01 
 2.00000000E+01  1.69793503E+02 
 5.00000000E+01  8.48689026E+02 
 9.00000000E+04  1.69793506E+03 
1560 6 
 0.00000000E+00  0.00000000E+00 
 2.00000000E+00  4.16899910E+01 
 1.00000000E+01  8.33799896E+01 
 2.00000000E+01  1.66814697E+02 
 5.00000000E+01  8.33799866E+02 
 9.00000000E+04  1.66814697E+03 
1590 6 
 0.00000000E+00  0.00000000E+00 
 2.00000000E+00  4.09455299E+01 
 1.00000000E+01  8.18910599E+01 
 2.00000000E+01  1.63835800E+02 
 5.00000000E+01  8.18910461E+02 
 9.00000000E+04  1.63835791E+03 
1620 6 
 0.00000000E+00  0.00000000E+00 
 2.00000000E+00  4.02010689E+01 
 1.00000000E+01  8.04021301E+01 
 2.00000000E+01  1.60856995E+02 
 5.00000000E+01  8.04021301E+02 
 9.00000000E+04  1.60857007E+03 
1650 6 
 0.00000000E+00  0.00000000E+00 
 2.00000000E+00  3.94566002E+01 
 1.00000000E+01  7.89132080E+01 
 2.00000000E+01  1.57878204E+02 
 5.00000000E+01  7.89132019E+02 
 9.00000000E+04  1.57878198E+03 
1680 6 
 0.00000000E+00  0.00000000E+00 
 2.00000000E+00  3.87121429E+01 
 1.00000000E+01  7.74242706E+01 
 2.00000000E+01  1.54899307E+02 
 5.00000000E+01  7.74242554E+02 
 9.00000000E+04  1.54899292E+03 
1710 6 
 0.00000000E+00  0.00000000E+00 
 2.00000000E+00  3.79676704E+01 
 1.00000000E+01  7.59353409E+01 
 2.00000000E+01  1.51920502E+02 
 5.00000000E+01  7.59353516E+02 
 9.00000000E+04  1.51920496E+03 
1740 6 
 0.00000000E+00  0.00000000E+00 
 2.00000000E+00  3.72232018E+01 
 1.00000000E+01  7.44464188E+01 
 2.00000000E+01  1.48941696E+02 
 5.00000000E+01  7.44464172E+02 
 9.00000000E+04  1.48941711E+03 
1770 6 
 0.00000000E+00  0.00000000E+00 
 2.00000000E+00  3.64787521E+01 
 1.00000000E+01  7.29574890E+01 
 2.00000000E+01  1.45962799E+02 
 5.00000000E+01  7.29574829E+02 
 9.00000000E+04  1.45962805E+03 
1800 6 
 0.00000000E+00  0.00000000E+00 
 2.00000000E+00  3.57342796E+01 
 1.00000000E+01  7.14685593E+01 
 2.00000000E+01  1.42983994E+02 
 5.00000000E+01  7.14685608E+02 
 9.00000000E+04  1.42983997E+03 
1830 6 
 0.00000000E+00  0.00000000E+00 
 2.00000000E+00  3.49898109E+01 
 1.00000000E+01  6.99796371E+01 
 2.00000000E+01  1.40005188E+02 
 5.00000000E+01  6.99796265E+02 
 9.00000000E+04  1.40005200E+03 
1860 6 
 0.00000000E+00  0.00000000E+00 
 2.00000000E+00  3.42453613E+01 
 1.00000000E+01  6.84907074E+01 
 2.00000000E+01  1.37026306E+02 
 5.00000000E+01  6.84907043E+02 
 9.00000000E+04  1.37026306E+03 
1890 6 
 0.00000000E+00  0.00000000E+00 
 2.00000000E+00  3.35008888E+01 
 1.00000000E+01  6.70017776E+01 
 2.00000000E+01  1.34047501E+02 
 5.00000000E+01  6.70017761E+02 
 9.00000000E+04  1.34047498E+03 
1920 6 
 0.00000000E+00  0.00000000E+00 
 2.00000000E+00  3.27564201E+01 
 1.00000000E+01  6.55128479E+01 
 2.00000000E+01  1.31068695E+02 
 5.00000000E+01  6.55128296E+02 
 9.00000000E+04  1.31068701E+03 
1950 6 
 0.00000000E+00  0.00000000E+00 
 2.00000000E+00  3.20119591E+01 
 1.00000000E+01  6.40239105E+01 
 2.00000000E+01  1.28089798E+02 
 5.00000000E+01  6.40239136E+02 
 9.00000000E+04  1.28089807E+03 
1980 6 
 0.00000000E+00  0.00000000E+00 
 2.00000000E+00  3.12674904E+01 
 1.00000000E+01  6.25349808E+01 
 2.00000000E+01  1.25111000E+02 
 5.00000000E+01  6.25349854E+02 
 9.00000000E+04  1.25110999E+03 
2010 6 
 0.00000000E+00  0.00000000E+00 
 2.00000000E+00  3.05230312E+01 
 1.00000000E+01  6.10460701E+01 
 2.00000000E+01  1.22132202E+02 
 5.00000000E+01  6.10460693E+02 
 9.00000000E+04  1.22132202E+03 
2040 6 
 0.00000000E+00  0.00000000E+00 
 2.00000000E+00  2.97785702E+01 
 1.00000000E+01  5.95571289E+01 
 2.00000000E+01  1.19153305E+02 
 5.00000000E+01  5.95571289E+02 
 9.00000000E+04  1.19153296E+03 
2070 6 
 0.00000000E+00  0.00000000E+00 
 2.00000000E+00  2.90340996E+01 
 1.00000000E+01  5.80681992E+01 
 2.00000000E+01  1.16174507E+02 
 5.00000000E+01  5.80682007E+02 
 9.00000000E+04  1.16174500E+03 
2100 6 
 0.00000000E+00  0.00000000E+00 
 2.00000000E+00  2.82896309E+01 
 1.00000000E+01  5.65792809E+01 
 2.00000000E+01  1.13195702E+02 
 5.00000000E+01  5.65792786E+02 
 9.00000000E+04  1.13195703E+03 
2130 6 
 0.00000000E+00  0.00000000E+00 
 2.00000000E+00  2.75451794E+01 
 1.00000000E+01  5.50903397E+01 
 2.00000000E+01  1.10216797E+02 
 5.00000000E+01  5.50903381E+02 
 9.00000000E+04  1.10216797E+03 
2160 6 
 0.00000000E+00  0.00000000E+00 
 2.00000000E+00  2.68007107E+01 
 1.00000000E+01  5.36014214E+01 
 2.00000000E+01  1.07237999E+02 
 5.00000000E+01  5.36014221E+02 
 9.00000000E+04  1.07238000E+03 
2190 6 
 0.00000000E+00  0.00000000E+00 
 2.00000000E+00  2.60562401E+01 
 1.00000000E+01  5.21124992E+01 
 2.00000000E+01  1.04259193E+02 
 5.00000000E+01  5.21124878E+02 
 9.00000000E+04  1.04259204E+03 
2220 6 
 0.00000000E+00  0.00000000E+00 
 2.00000000E+00  2.53117905E+01 
 1.00000000E+01  5.06235733E+01 
 2.00000000E+01  1.01280296E+02 
 5.00000000E+01  5.06235504E+02 
 9.00000000E+04  1.01280298E+03 
2250 6 
 0.00000000E+00  0.00000000E+00 
 2.00000000E+00  2.45673199E+01 
 1.00000000E+01  4.91346321E+01 
 2.00000000E+01  9.83014984E+01 
 5.00000000E+01  4.91346375E+02 
 9.00000000E+04  9.83014954E+02 
2280 6 
 0.00000000E+00  0.00000000E+00 
 2.00000000E+00  2.38228493E+01 
 1.00000000E+01  4.76457100E+01 
 2.00000000E+01  9.53226700E+01 
 5.00000000E+01  4.76457092E+02 
 9.00000000E+04  9.53226685E+02 
2310 6 
 0.00000000E+00  0.00000000E+00 
 2.00000000E+00  2.30783901E+01 
 1.00000000E+01  4.61567726E+01 
 2.00000000E+01  9.23438339E+01 
 5.00000000E+01  4.61567810E+02 
 9.00000000E+04  9.23438232E+02 
2340 6 
 0.00000000E+00  0.00000000E+00 
 2.00000000E+00  2.23339291E+01 
 1.00000000E+01  4.46678505E+01 
 2.00000000E+01  8.93649979E+01 
 5.00000000E+01  4.46678528E+02 
 9.00000000E+04  8.93650024E+02 
2370 6 
 0.00000000E+00  0.00000000E+00 
 2.00000000E+00  2.15894489E+01 
 1.00000000E+01  4.31789322E+01 
 2.00000000E+01  8.63861847E+01 
 5.00000000E+01  4.31789185E+02 
 9.00000000E+04  8.63861755E+02 
2400 6 
 0.00000000E+00  0.00000000E+00 
 2.00000000E+00  2.08449993E+01 
 1.00000000E+01  4.16899910E+01 
 2.00000000E+01  8.34073334E+01 
 5.00000000E+01  4.16899902E+02 
 9.00000000E+04  8.34073181E+02 
2430 6 
 0.00000000E+00  0.00000000E+00 
 2.00000000E+00  2.01005306E+01 
 1.00000000E+01  4.02010689E+01 
 2.00000000E+01  8.04284973E+01 
 5.00000000E+01  4.02010712E+02 
 9.00000000E+04  8.04285034E+02 
2460 6 
 0.00000000E+00  0.00000000E+00 
 2.00000000E+00  1.93560600E+01 
 1.00000000E+01  3.87121429E+01 
 2.00000000E+01  7.74496536E+01 
 5.00000000E+01  3.87121399E+02 
 9.00000000E+04  7.74496704E+02 
2490 6 
 0.00000000E+00  0.00000000E+00 
 2.00000000E+00  1.86116104E+01 
 1.00000000E+01  3.72232018E+01 
 2.00000000E+01  7.44708328E+01 
 5.00000000E+01  3.72231995E+02 
 9.00000000E+04  7.44708252E+02 
2520 6 
 0.00000000E+00  0.00000000E+00 
 2.00000000E+00  1.78671398E+01 
 1.00000000E+01  3.57342796E+01 
 2.00000000E+01  7.14919968E+01 
 5.00000000E+01  3.57342804E+02 
 9.00000000E+04  7.14919983E+02 
2550 6 
 0.00000000E+00  0.00000000E+00 
 2.00000000E+00  1.71226711E+01 
 1.00000000E+01  3.42453613E+01 
 2.00000000E+01  6.85131836E+01 
 5.00000000E+01  3.42453613E+02 
 9.00000000E+04  6.85131714E+02 
2580 6 
 0.00000000E+00  0.00000000E+00 
 2.00000000E+00  1.63782196E+01 
 1.00000000E+01  3.27564201E+01 
 2.00000000E+01  6.55343170E+01 
 5.00000000E+01  3.27564087E+02 
 9.00000000E+04  6.55343323E+02 
2610 6 
 0.00000000E+00  0.00000000E+00 
 2.00000000E+00  1.56337500E+01 
 1.00000000E+01  3.12674904E+01 
 2.00000000E+01  6.25555000E+01 
 5.00000000E+01  3.12674896E+02 
 9.00000000E+04  6.25554993E+02 
2640 6 
 0.00000000E+00  0.00000000E+00 
 2.00000000E+00  1.48892803E+01 
 1.00000000E+01  2.97785702E+01 
 2.00000000E+01  5.95766678E+01 
 5.00000000E+01  2.97785706E+02 
 9.00000000E+04  5.95766724E+02 
2670 6 
 0.00000000E+00  0.00000000E+00 
 2.00000000E+00  1.41448202E+01 
 1.00000000E+01  2.82896309E+01 
 2.00000000E+01  5.65978508E+01 
 5.00000000E+01  2.82896301E+02 
 9.00000000E+04  5.65978333E+02 
2700 6 
 0.00000000E+00  0.00000000E+00 
 2.00000000E+00  1.34003601E+01 
 1.00000000E+01  2.68007107E+01 
 2.00000000E+01  5.36189995E+01 
 5.00000000E+01  2.68007111E+02 
 9.00000000E+04  5.36190002E+02 
2730 6 
 0.00000000E+00  0.00000000E+00 
 2.00000000E+00  1.26558895E+01 
 1.00000000E+01  2.53117905E+01 
 2.00000000E+01  5.06401711E+01 
 5.00000000E+01  2.53117905E+02 
 9.00000000E+04  5.06401703E+02 
2760 6 
 0.00000000E+00  0.00000000E+00 
 2.00000000E+00  1.19114294E+01 
 1.00000000E+01  2.38228493E+01 
 2.00000000E+01  4.76613274E+01 
 5.00000000E+01  2.38228500E+02 
 9.00000000E+04  4.76613312E+02 
2790 6 
 0.00000000E+00  0.00000000E+00 
 2.00000000E+00  1.11669598E+01 
 1.00000000E+01  2.23339291E+01 
 2.00000000E+01  4.46824989E+01 
 5.00000000E+01  2.23339188E+02 
 9.00000000E+04  4.46825012E+02 
2820 6 
 0.00000000E+00  0.00000000E+00 
 2.00000000E+00  1.04224997E+01 
 1.00000000E+01  2.08449993E+01 
 2.00000000E+01  4.17036705E+01 
 5.00000000E+01  2.08449997E+02 
 9.00000000E+04  4.17036682E+02 
2850 6 
 0.00000000E+00  0.00000000E+00 
 2.00000000E+00  9.67803478E+00 
 1.00000000E+01  1.93560600E+01 
 2.00000000E+01  3.87248306E+01 
 5.00000000E+01  1.93560593E+02 
 9.00000000E+04  3.87248322E+02 
2880 6 
 0.00000000E+00  0.00000000E+00 
 2.00000000E+00  8.93356991E+00 
 1.00000000E+01  1.78671398E+01 
 2.00000000E+01  3.57459984E+01 
 5.00000000E+01  1.78671402E+02 
 9.00000000E+04  3.57459991E+02 
'RESERVE_TERTIAIRE' 96 
30 6 
 0.00000000E+00  0.00000000E+00 
 2.00000000E+00  1.78729996E+02 
 1.00000000E+01  3.57313507E+02 
 2.00000000E+01  7.14627014E+02 
 5.00000000E+01  1.78730005E+03 
 9.00000000E+04  1.78730000E+04 
60 6 
 0.00000000E+00  0.00000000E+00 
 2.00000000E+00  1.78729996E+02 
 1.00000000E+01  3.57313507E+02 
 2.00000000E+01  7.14627014E+02 
 5.00000000E+01  1.78730005E+03 
 9.00000000E+04  1.78730000E+04 
90 6 
 0.00000000E+00  0.00000000E+00 
 2.00000000E+00  1.78729996E+02 
 1.00000000E+01  3.57313507E+02 
 2.00000000E+01  7.14627014E+02 
 5.00000000E+01  1.78730005E+03 
 9.00000000E+04  1.78730000E+04 
120 6 
 0.00000000E+00  0.00000000E+00 
 2.00000000E+00  1.78729996E+02 
 1.00000000E+01  3.57313507E+02 
 2.00000000E+01  7.14627014E+02 
 5.00000000E+01  1.78730005E+03 
 9.00000000E+04  1.78730000E+04 
150 6 
 0.00000000E+00  0.00000000E+00 
 2.00000000E+00  1.78729996E+02 
 1.00000000E+01  3.57313507E+02 
 2.00000000E+01  7.14627014E+02 
 5.00000000E+01  1.78730005E+03 
 9.00000000E+04  1.78730000E+04 
180 6 
 0.00000000E+00  0.00000000E+00 
 2.00000000E+00  1.78729996E+02 
 1.00000000E+01  3.57313507E+02 
 2.00000000E+01  7.14627014E+02 
 5.00000000E+01  1.78730005E+03 
 9.00000000E+04  1.78730000E+04 
210 6 
 0.00000000E+00  0.00000000E+00 
 2.00000000E+00  1.78729996E+02 
 1.00000000E+01  3.57313507E+02 
 2.00000000E+01  7.14627014E+02 
 5.00000000E+01  1.78730005E+03 
 9.00000000E+04  1.78730000E+04 
240 6 
 0.00000000E+00  0.00000000E+00 
 2.00000000E+00  1.78729996E+02 
 1.00000000E+01  3.57313507E+02 
 2.00000000E+01  7.14627014E+02 
 5.00000000E+01  1.78730005E+03 
 9.00000000E+04  1.78730000E+04 
270 6 
 0.00000000E+00  0.00000000E+00 
 2.00000000E+00  1.78729996E+02 
 1.00000000E+01  3.57313507E+02 
 2.00000000E+01  7.14627014E+02 
 5.00000000E+01  1.78730005E+03 
 9.00000000E+04  1.78730000E+04 
300 6 
 0.00000000E+00  0.00000000E+00 
 2.00000000E+00  1.78729996E+02 
 1.00000000E+01  3.57313507E+02 
 2.00000000E+01  7.14627014E+02 
 5.00000000E+01  1.78730005E+03 
 9.00000000E+04  1.78730000E+04 
330 6 
 0.00000000E+00  0.00000000E+00 
 2.00000000E+00  1.78729996E+02 
 1.00000000E+01  3.57313507E+02 
 2.00000000E+01  7.14627014E+02 
 5.00000000E+01  1.78730005E+03 
 9.00000000E+04  1.78730000E+04 
360 6 
 0.00000000E+00  0.00000000E+00 
 2.00000000E+00  1.78729996E+02 
 1.00000000E+01  3.57313507E+02 
 2.00000000E+01  7.14627014E+02 
 5.00000000E+01  1.78730005E+03 
 9.00000000E+04  1.78730000E+04 
390 6 
 0.00000000E+00  0.00000000E+00 
 2.00000000E+00  1.78729996E+02 
 1.00000000E+01  3.57313507E+02 
 2.00000000E+01  7.14627014E+02 
 5.00000000E+01  1.78730005E+03 
 9.00000000E+04  1.78730000E+04 
420 6 
 0.00000000E+00  0.00000000E+00 
 2.00000000E+00  1.78729996E+02 
 1.00000000E+01  3.57313507E+02 
 2.00000000E+01  7.14627014E+02 
 5.00000000E+01  1.78730005E+03 
 9.00000000E+04  1.78730000E+04 
450 6 
 0.00000000E+00  0.00000000E+00 
 2.00000000E+00  1.78729996E+02 
 1.00000000E+01  3.57313507E+02 
 2.00000000E+01  7.14627014E+02 
 5.00000000E+01  1.78730005E+03 
 9.00000000E+04  1.78730000E+04 
480 6 
 0.00000000E+00  0.00000000E+00 
 2.00000000E+00  1.78729996E+02 
 1.00000000E+01  3.57313507E+02 
 2.00000000E+01  7.14627014E+02 
 5.00000000E+01  1.78730005E+03 
 9.00000000E+04  1.78730000E+04 
510 6 
 0.00000000E+00  0.00000000E+00 
 2.00000000E+00  1.78729996E+02 
 1.00000000E+01  3.57313507E+02 
 2.00000000E+01  7.14627014E+02 
 5.00000000E+01  1.78730005E+03 
 9.00000000E+04  1.78730000E+04 
540 6 
 0.00000000E+00  0.00000000E+00 
 2.00000000E+00  1.78729996E+02 
 1.00000000E+01  3.57313507E+02 
 2.00000000E+01  7.14627014E+02 
 5.00000000E+01  1.78730005E+03 
 9.00000000E+04  1.78730000E+04 
570 6 
 0.00000000E+00  0.00000000E+00 
 2.00000000E+00  1.78729996E+02 
 1.00000000E+01  3.57313507E+02 
 2.00000000E+01  7.14627014E+02 
 5.00000000E+01  1.78730005E+03 
 9.00000000E+04  1.78730000E+04 
600 6 
 0.00000000E+00  0.00000000E+00 
 2.00000000E+00  1.78729996E+02 
 1.00000000E+01  3.57313507E+02 
 2.00000000E+01  7.14627014E+02 
 5.00000000E+01  1.78730005E+03 
 9.00000000E+04  1.78730000E+04 
630 6 
 0.00000000E+00  0.00000000E+00 
 2.00000000E+00  1.78729996E+02 
 1.00000000E+01  3.57313507E+02 
 2.00000000E+01  7.14627014E+02 
 5.00000000E+01  1.78730005E+03 
 9.00000000E+04  1.78730000E+04 
660 6 
 0.00000000E+00  0.00000000E+00 
 2.00000000E+00  1.78729996E+02 
 1.00000000E+01  3.57313507E+02 
 2.00000000E+01  7.14627014E+02 
 5.00000000E+01  1.78730005E+03 
 9.00000000E+04  1.78730000E+04 
690 6 
 0.00000000E+00  0.00000000E+00 
 2.00000000E+00  1.78729996E+02 
 1.00000000E+01  3.57313507E+02 
 2.00000000E+01  7.14627014E+02 
 5.00000000E+01  1.78730005E+03 
 9.00000000E+04  1.78730000E+04 
720 6 
 0.00000000E+00  0.00000000E+00 
 2.00000000E+00  1.78729996E+02 
 1.00000000E+01  3.57313507E+02 
 2.00000000E+01  7.14627014E+02 
 5.00000000E+01  1.78730005E+03 
 9.00000000E+04  1.78730000E+04 
750 6 
 0.00000000E+00  0.00000000E+00 
 2.00000000E+00  1.78729996E+02 
 1.00000000E+01  3.57313507E+02 
 2.00000000E+01  7.14627014E+02 
 5.00000000E+01  1.78730005E+03 
 9.00000000E+04  1.78730000E+04 
780 6 
 0.00000000E+00  0.00000000E+00 
 2.00000000E+00  1.78729996E+02 
 1.00000000E+01  3.57313507E+02 
 2.00000000E+01  7.14627014E+02 
 5.00000000E+01  1.78730005E+03 
 9.00000000E+04  1.78730000E+04 
810 6 
 0.00000000E+00  0.00000000E+00 
 2.00000000E+00  1.78729996E+02 
 1.00000000E+01  3.57313507E+02 
 2.00000000E+01  7.14627014E+02 
 5.00000000E+01  1.78730005E+03 
 9.00000000E+04  1.78730000E+04 
840 6 
 0.00000000E+00  0.00000000E+00 
 2.00000000E+00  1.78729996E+02 
 1.00000000E+01  3.57313507E+02 
 2.00000000E+01  7.14627014E+02 
 5.00000000E+01  1.78730005E+03 
 9.00000000E+04  1.78730000E+04 
870 6 
 0.00000000E+00  0.00000000E+00 
 2.00000000E+00  1.78729996E+02 
 1.00000000E+01  3.57313507E+02 
 2.00000000E+01  7.14627014E+02 
 5.00000000E+01  1.78730005E+03 
 9.00000000E+04  1.78730000E+04 
900 6 
 0.00000000E+00  0.00000000E+00 
 2.00000000E+00  1.78729996E+02 
 1.00000000E+01  3.57313507E+02 
 2.00000000E+01  7.14627014E+02 
 5.00000000E+01  1.78730005E+03 
 9.00000000E+04  1.78730000E+04 
930 6 
 0.00000000E+00  0.00000000E+00 
 2.00000000E+00  1.78729996E+02 
 1.00000000E+01  3.57313507E+02 
 2.00000000E+01  7.14627014E+02 
 5.00000000E+01  1.78730005E+03 
 9.00000000E+04  1.78730000E+04 
960 6 
 0.00000000E+00  0.00000000E+00 
 2.00000000E+00  1.78729996E+02 
 1.00000000E+01  3.57313507E+02 
 2.00000000E+01  7.14627014E+02 
 5.00000000E+01  1.78730005E+03 
 9.00000000E+04  1.78730000E+04 
990 6 
 0.00000000E+00  0.00000000E+00 
 2.00000000E+00  1.78729996E+02 
 1.00000000E+01  3.57313507E+02 
 2.00000000E+01  7.14627014E+02 
 5.00000000E+01  1.78730005E+03 
 9.00000000E+04  1.78730000E+04 
1020 6 
 0.00000000E+00  0.00000000E+00 
 2.00000000E+00  1.78729996E+02 
 1.00000000E+01  3.57313507E+02 
 2.00000000E+01  7.14627014E+02 
 5.00000000E+01  1.78730005E+03 
 9.00000000E+04  1.78730000E+04 
1050 6 
 0.00000000E+00  0.00000000E+00 
 2.00000000E+00  1.78729996E+02 
 1.00000000E+01  3.57313507E+02 
 2.00000000E+01  7.14627014E+02 
 5.00000000E+01  1.78730005E+03 
 9.00000000E+04  1.78730000E+04 
1080 6 
 0.00000000E+00  0.00000000E+00 
 2.00000000E+00  1.78729996E+02 
 1.00000000E+01  3.57313507E+02 
 2.00000000E+01  7.14627014E+02 
 5.00000000E+01  1.78730005E+03 
 9.00000000E+04  1.78730000E+04 
1110 6 
 0.00000000E+00  0.00000000E+00 
 2.00000000E+00  1.78729996E+02 
 1.00000000E+01  3.57313507E+02 
 2.00000000E+01  7.14627014E+02 
 5.00000000E+01  1.78730005E+03 
 9.00000000E+04  1.78730000E+04 
1140 6 
 0.00000000E+00  0.00000000E+00 
 2.00000000E+00  1.78729996E+02 
 1.00000000E+01  3.57313507E+02 
 2.00000000E+01  7.14627014E+02 
 5.00000000E+01  1.78730005E+03 
 9.00000000E+04  1.78730000E+04 
1170 6 
 0.00000000E+00  0.00000000E+00 
 2.00000000E+00  1.78729996E+02 
 1.00000000E+01  3.57313507E+02 
 2.00000000E+01  7.14627014E+02 
 5.00000000E+01  1.78730005E+03 
 9.00000000E+04  1.78730000E+04 
1200 6 
 0.00000000E+00  0.00000000E+00 
 2.00000000E+00  1.78729996E+02 
 1.00000000E+01  3.57313507E+02 
 2.00000000E+01  7.14627014E+02 
 5.00000000E+01  1.78730005E+03 
 9.00000000E+04  1.78730000E+04 
1230 6 
 0.00000000E+00  0.00000000E+00 
 2.00000000E+00  1.78729996E+02 
 1.00000000E+01  3.57313507E+02 
 2.00000000E+01  7.14627014E+02 
 5.00000000E+01  1.78730005E+03 
 9.00000000E+04  1.78730000E+04 
1260 6 
 0.00000000E+00  0.00000000E+00 
 2.00000000E+00  1.78729996E+02 
 1.00000000E+01  3.57313507E+02 
 2.00000000E+01  7.14627014E+02 
 5.00000000E+01  1.78730005E+03 
 9.00000000E+04  1.78730000E+04 
1290 6 
 0.00000000E+00  0.00000000E+00 
 2.00000000E+00  1.78729996E+02 
 1.00000000E+01  3.57313507E+02 
 2.00000000E+01  7.14627014E+02 
 5.00000000E+01  1.78730005E+03 
 9.00000000E+04  1.78730000E+04 
1320 6 
 0.00000000E+00  0.00000000E+00 
 2.00000000E+00  1.78729996E+02 
 1.00000000E+01  3.57313507E+02 
 2.00000000E+01  7.14627014E+02 
 5.00000000E+01  1.78730005E+03 
 9.00000000E+04  1.78730000E+04 
1350 6 
 0.00000000E+00  0.00000000E+00 
 2.00000000E+00  1.78729996E+02 
 1.00000000E+01  3.57313507E+02 
 2.00000000E+01  7.14627014E+02 
 5.00000000E+01  1.78730005E+03 
 9.00000000E+04  1.78730000E+04 
1380 6 
 0.00000000E+00  0.00000000E+00 
 2.00000000E+00  1.78729996E+02 
 1.00000000E+01  3.57313507E+02 
 2.00000000E+01  7.14627014E+02 
 5.00000000E+01  1.78730005E+03 
 9.00000000E+04  1.78730000E+04 
1410 6 
 0.00000000E+00  0.00000000E+00 
 2.00000000E+00  1.78729996E+02 
 1.00000000E+01  3.57313507E+02 
 2.00000000E+01  7.14627014E+02 
 5.00000000E+01  1.78730005E+03 
 9.00000000E+04  1.78730000E+04 
1440 6 
 0.00000000E+00  0.00000000E+00 
 2.00000000E+00  1.78729996E+02 
 1.00000000E+01  3.57313507E+02 
 2.00000000E+01  7.14627014E+02 
 5.00000000E+01  1.78730005E+03 
 9.00000000E+04  1.78730000E+04 
1470 6 
 0.00000000E+00  0.00000000E+00 
 2.00000000E+00  1.75751205E+02 
 1.00000000E+01  3.51358307E+02 
 2.00000000E+01  7.02716614E+02 
 5.00000000E+01  1.75751196E+03 
 9.00000000E+04  1.75751211E+04 
1500 6 
 0.00000000E+00  0.00000000E+00 
 2.00000000E+00  1.72772293E+02 
 1.00000000E+01  3.45402985E+02 
 2.00000000E+01  6.90806091E+02 
 5.00000000E+01  1.72772302E+03 
 9.00000000E+04  1.72772305E+04 
1530 6 
 0.00000000E+00  0.00000000E+00 
 2.00000000E+00  1.69793503E+02 
 1.00000000E+01  3.39447784E+02 
 2.00000000E+01  6.78895569E+02 
 5.00000000E+01  1.69793506E+03 
 9.00000000E+04  1.69793496E+04 
1560 6 
 0.00000000E+00  0.00000000E+00 
 2.00000000E+00  1.66814697E+02 
 1.00000000E+01  3.33492615E+02 
 2.00000000E+01  6.66985229E+02 
 5.00000000E+01  1.66814697E+03 
 9.00000000E+04  1.66814707E+04 
1590 6 
 0.00000000E+00  0.00000000E+00 
 2.00000000E+00  1.63835800E+02 
 1.00000000E+01  3.27537415E+02 
 2.00000000E+01  6.55074829E+02 
 5.00000000E+01  1.63835791E+03 
 9.00000000E+04  1.63835801E+04 
1620 6 
 0.00000000E+00  0.00000000E+00 
 2.00000000E+00  1.60856995E+02 
 1.00000000E+01  3.21582092E+02 
 2.00000000E+01  6.43164185E+02 
 5.00000000E+01  1.60857007E+03 
 9.00000000E+04  1.60857002E+04 
1650 6 
 0.00000000E+00  0.00000000E+00 
 2.00000000E+00  1.57878204E+02 
 1.00000000E+01  3.15626892E+02 
 2.00000000E+01  6.31253784E+02 
 5.00000000E+01  1.57878198E+03 
 9.00000000E+04  1.57878193E+04 
1680 6 
 0.00000000E+00  0.00000000E+00 
 2.00000000E+00  1.54899307E+02 
 1.00000000E+01  3.09671722E+02 
 2.00000000E+01  6.19343445E+02 
 5.00000000E+01  1.54899292E+03 
 9.00000000E+04  1.54899307E+04 
1710 6 
 0.00000000E+00  0.00000000E+00 
 2.00000000E+00  1.51920502E+02 
 1.00000000E+01  3.03716492E+02 
 2.00000000E+01  6.07432861E+02 
 5.00000000E+01  1.51920496E+03 
 9.00000000E+04  1.51920498E+04 
1740 6 
 0.00000000E+00  0.00000000E+00 
 2.00000000E+00  1.48941696E+02 
 1.00000000E+01  2.97761292E+02 
 2.00000000E+01  5.95522522E+02 
 5.00000000E+01  1.48941711E+03 
 9.00000000E+04  1.48941699E+04 
1770 6 
 0.00000000E+00  0.00000000E+00 
 2.00000000E+00  1.45962799E+02 
 1.00000000E+01  2.91806000E+02 
 2.00000000E+01  5.83612122E+02 
 5.00000000E+01  1.45962805E+03 
 9.00000000E+04  1.45962803E+04 
1800 6 
 0.00000000E+00  0.00000000E+00 
 2.00000000E+00  1.42983994E+02 
 1.00000000E+01  2.85850800E+02 
 2.00000000E+01  5.71701599E+02 
 5.00000000E+01  1.42983997E+03 
 9.00000000E+04  1.42984004E+04 
1830 6 
 0.00000000E+00  0.00000000E+00 
 2.00000000E+00  1.40005188E+02 
 1.00000000E+01  2.79895599E+02 
 2.00000000E+01  5.59791077E+02 
 5.00000000E+01  1.40005200E+03 
 9.00000000E+04  1.40005195E+04 
1860 6 
 0.00000000E+00  0.00000000E+00 
 2.00000000E+00  1.37026306E+02 
 1.00000000E+01  2.73940399E+02 
 2.00000000E+01  5.47880737E+02 
 5.00000000E+01  1.37026306E+03 
 9.00000000E+04  1.37026299E+04 
1890 6 
 0.00000000E+00  0.00000000E+00 
 2.00000000E+00  1.34047501E+02 
 1.00000000E+01  2.67985107E+02 
 2.00000000E+01  5.35970337E+02 
 5.00000000E+01  1.34047498E+03 
 9.00000000E+04  1.34047500E+04 
1920 6 
 0.00000000E+00  0.00000000E+00 
 2.00000000E+00  1.31068695E+02 
 1.00000000E+01  2.62029907E+02 
 2.00000000E+01  5.24059814E+02 
 5.00000000E+01  1.31068701E+03 
 9.00000000E+04  1.31068701E+04 
1950 6 
 0.00000000E+00  0.00000000E+00 
 2.00000000E+00  1.28089798E+02 
 1.00000000E+01  2.56074707E+02 
 2.00000000E+01  5.12149414E+02 
 5.00000000E+01  1.28089807E+03 
 9.00000000E+04  1.28089805E+04 
1980 6 
 0.00000000E+00  0.00000000E+00 
 2.00000000E+00  1.25111000E+02 
 1.00000000E+01  2.50119400E+02 
 2.00000000E+01  5.00238892E+02 
 5.00000000E+01  1.25110999E+03 
 9.00000000E+04  1.25110996E+04 
2010 6 
 0.00000000E+00  0.00000000E+00 
 2.00000000E+00  1.22132202E+02 
 1.00000000E+01  2.44164200E+02 
 2.00000000E+01  4.88328522E+02 
 5.00000000E+01  1.22132202E+03 
 9.00000000E+04  1.22132197E+04 
2040 6 
 0.00000000E+00  0.00000000E+00 
 2.00000000E+00  1.19153305E+02 
 1.00000000E+01  2.38209000E+02 
 2.00000000E+01  4.76417999E+02 
 5.00000000E+01  1.19153296E+03 
 9.00000000E+04  1.19153301E+04 
2070 6 
 0.00000000E+00  0.00000000E+00 
 2.00000000E+00  1.16174507E+02 
 1.00000000E+01  2.32253799E+02 
 2.00000000E+01  4.64507477E+02 
 5.00000000E+01  1.16174500E+03 
 9.00000000E+04  1.16174502E+04 
2100 6 
 0.00000000E+00  0.00000000E+00 
 2.00000000E+00  1.13195702E+02 
 1.00000000E+01  2.26298599E+02 
 2.00000000E+01  4.52597107E+02 
 5.00000000E+01  1.13195703E+03 
 9.00000000E+04  1.13195693E+04 
2130 6 
 0.00000000E+00  0.00000000E+00 
 2.00000000E+00  1.10216797E+02 
 1.00000000E+01  2.20343292E+02 
 2.00000000E+01  4.40686584E+02 
 5.00000000E+01  1.10216797E+03 
 9.00000000E+04  1.10216807E+04 
2160 6 
 0.00000000E+00  0.00000000E+00 
 2.00000000E+00  1.07237999E+02 
 1.00000000E+01  2.14388107E+02 
 2.00000000E+01  4.28776215E+02 
 5.00000000E+01  1.07238000E+03 
 9.00000000E+04  1.07237998E+04 
2190 6 
 0.00000000E+00  0.00000000E+00 
 2.00000000E+00  1.04259193E+02 
 1.00000000E+01  2.08432892E+02 
 2.00000000E+01  4.16865692E+02 
 5.00000000E+01  1.04259204E+03 
 9.00000000E+04  1.04259199E+04 
2220 6 
 0.00000000E+00  0.00000000E+00 
 2.00000000E+00  1.01280296E+02 
 1.00000000E+01  2.02477600E+02 
 2.00000000E+01  4.04955292E+02 
 5.00000000E+01  1.01280298E+03 
 9.00000000E+04  1.01280303E+04 
2250 6 
 0.00000000E+00  0.00000000E+00 
 2.00000000E+00  9.83014984E+01 
 1.00000000E+01  1.96522400E+02 
 2.00000000E+01  3.93044891E+02 
 5.00000000E+01  9.83014954E+02 
 9.00000000E+04  9.83015039E+03 
2280 6 
 0.00000000E+00  0.00000000E+00 
 2.00000000E+00  9.53226700E+01 
 1.00000000E+01  1.90567200E+02 
 2.00000000E+01  3.81134399E+02 
 5.00000000E+01  9.53226685E+02 
 9.00000000E+04  9.53226660E+03 
2310 6 
 0.00000000E+00  0.00000000E+00 
 2.00000000E+00  9.23438339E+01 
 1.00000000E+01  1.84612000E+02 
 2.00000000E+01  3.69223999E+02 
 5.00000000E+01  9.23438232E+02 
 9.00000000E+04  9.23438477E+03 
2340 6 
 0.00000000E+00  0.00000000E+00 
 2.00000000E+00  8.93649979E+01 
 1.00000000E+01  1.78656708E+02 
 2.00000000E+01  3.57313507E+02 
 5.00000000E+01  8.93650024E+02 
 9.00000000E+04  8.93650000E+03 
2370 6 
 0.00000000E+00  0.00000000E+00 
 2.00000000E+00  8.63861847E+01 
 1.00000000E+01  1.72701492E+02 
 2.00000000E+01  3.45402985E+02 
 5.00000000E+01  8.63861755E+02 
 9.00000000E+04  8.63861719E+03 
2400 6 
 0.00000000E+00  0.00000000E+00 
 2.00000000E+00  8.34073334E+01 
 1.00000000E+01  1.66746307E+02 
 2.00000000E+01  3.33492615E+02 
 5.00000000E+01  8.34073181E+02 
 9.00000000E+04  8.34073145E+03 
2430 6 
 0.00000000E+00  0.00000000E+00 
 2.00000000E+00  8.04284973E+01 
 1.00000000E+01  1.60791092E+02 
 2.00000000E+01  3.21582092E+02 
 5.00000000E+01  8.04285034E+02 
 9.00000000E+04  8.04285010E+03 
2460 6 
 0.00000000E+00  0.00000000E+00 
 2.00000000E+00  7.74496841E+01 
 1.00000000E+01  1.54835800E+02 
 2.00000000E+01  3.09671722E+02 
 5.00000000E+01  7.74496704E+02 
 9.00000000E+04  7.74496729E+03 
2490 6 
 0.00000000E+00  0.00000000E+00 
 2.00000000E+00  7.44708328E+01 
 1.00000000E+01  1.48880600E+02 
 2.00000000E+01  2.97761292E+02 
 5.00000000E+01  7.44708252E+02 
 9.00000000E+04  7.44708301E+03 
2520 6 
 0.00000000E+00  0.00000000E+00 
 2.00000000E+00  7.14919968E+01 
 1.00000000E+01  1.42925400E+02 
 2.00000000E+01  2.85850800E+02 
 5.00000000E+01  7.14919983E+02 
 9.00000000E+04  7.14920020E+03 
2550 6 
 0.00000000E+00  0.00000000E+00 
 2.00000000E+00  6.85131836E+01 
 1.00000000E+01  1.36970200E+02 
 2.00000000E+01  2.73940399E+02 
 5.00000000E+01  6.85131714E+02 
 9.00000000E+04  6.85131738E+03 
2580 6 
 0.00000000E+00  0.00000000E+00 
 2.00000000E+00  6.55343170E+01 
 1.00000000E+01  1.31014999E+02 
 2.00000000E+01  2.62029907E+02 
 5.00000000E+01  6.55343323E+02 
 9.00000000E+04  6.55343262E+03 
2610 6 
 0.00000000E+00  0.00000000E+00 
 2.00000000E+00  6.25555000E+01 
 1.00000000E+01  1.25059700E+02 
 2.00000000E+01  2.50119400E+02 
 5.00000000E+01  6.25554993E+02 
 9.00000000E+04  6.25554980E+03 
2640 6 
 0.00000000E+00  0.00000000E+00 
 2.00000000E+00  5.95766678E+01 
 1.00000000E+01  1.19104500E+02 
 2.00000000E+01  2.38209000E+02 
 5.00000000E+01  5.95766724E+02 
 9.00000000E+04  5.95766699E+03 
2670 6 
 0.00000000E+00  0.00000000E+00 
 2.00000000E+00  5.65978203E+01 
 1.00000000E+01  1.13149300E+02 
 2.00000000E+01  2.26298599E+02 
 5.00000000E+01  5.65978333E+02 
 9.00000000E+04  5.65978271E+03 
2700 6 
 0.00000000E+00  0.00000000E+00 
 2.00000000E+00  5.36189995E+01 
 1.00000000E+01  1.07194099E+02 
 2.00000000E+01  2.14388107E+02 
 5.00000000E+01  5.36190002E+02 
 9.00000000E+04  5.36189990E+03 
2730 6 
 0.00000000E+00  0.00000000E+00 
 2.00000000E+00  5.06401711E+01 
 1.00000000E+01  1.01238800E+02 
 2.00000000E+01  2.02477600E+02 
 5.00000000E+01  5.06401703E+02 
 9.00000000E+04  5.06401709E+03 
2760 6 
 0.00000000E+00  0.00000000E+00 
 2.00000000E+00  4.76613274E+01 
 1.00000000E+01  9.52835999E+01 
 2.00000000E+01  1.90567200E+02 
 5.00000000E+01  4.76613312E+02 
 9.00000000E+04  4.76613281E+03 
2790 6 
 0.00000000E+00  0.00000000E+00 
 2.00000000E+00  4.46824989E+01 
 1.00000000E+01  8.93283691E+01 
 2.00000000E+01  1.78656708E+02 
 5.00000000E+01  4.46825012E+02 
 9.00000000E+04  4.46825000E+03 
2820 6 
 0.00000000E+00  0.00000000E+00 
 2.00000000E+00  4.17036705E+01 
 1.00000000E+01  8.33731537E+01 
 2.00000000E+01  1.66746307E+02 
 5.00000000E+01  4.17036682E+02 
 9.00000000E+04  4.17036670E+03 
2850 6 
 0.00000000E+00  0.00000000E+00 
 2.00000000E+00  3.87248306E+01 
 1.00000000E+01  7.74179230E+01 
 2.00000000E+01  1.54835800E+02 
 5.00000000E+01  3.87248322E+02 
 9.00000000E+04  3.87248315E+03 
2880 6 
 0.00000000E+00  0.00000000E+00 
 2.00000000E+00  3.57459984E+01 
 1.00000000E+01  7.14626999E+01 
 2.00000000E+01  1.42925400E+02 
 5.00000000E+01  3.57459991E+02 
 9.00000000E+04  3.57460010E+03 
'FIN' 
