netcdf case94pi {

// global attributes:
		:SMS++_file_type = 1 ;

group: Block_0 {
  dimensions:
  	NumberElectricalGenerators = 1 ;
  	NumberNodes = 94 ;
  	NumberLines = 93 ;
  	TimeHorizon = 1 ;
  	NumberUnits = 1 ;
  variables:
  	uint GeneratorNode(NumberElectricalGenerators) ;
  	double ActivePowerDemand(NumberNodes, TimeHorizon) ;
  	uint StartLine(NumberLines) ;
  	uint EndLine(NumberLines) ;
  	double Susceptance(NumberLines) ;
  	double MinPowerFlow(NumberLines) ;
  	double MaxPowerFlow(NumberLines) ;

  // group attributes:
  		:type = "UCBlock" ;
  		:id = "0" ;
  data:

   GeneratorNode = 0 ;

   ActivePowerDemand =
  0,
  0.0225,
  0.2403,
  0.0243,
  0,
  0,
  0.0288,
  0,
  0,
  0,
  0,
  0,
  0,
  0.0576,
  0,
  0,
  0.0189,
  0,
  0,
  0.0558,
  0.0405,
  0,
  0.054,
  0,
  0,
  0.0468,
  0,
  0,
  0.0135,
  0.0036,
  0.018,
  0.0216,
  0.009,
  0.0648,
  0.0657,
  0.0594,
  0.0135,
  0.1611,
  0.0261,
  0.1341,
  0.0855,
  0.0414,
  0.0414,
  0.0414,
  0.0216,
  0.0252,
  0.0459,
  0.0369,
  0.0639,
  0.0684,
  0.0279,
  0.081,
  0.0693,
  0.0621,
  0.0351,
  0.2052,
  0.0315,
  0.5211,
  0.2124,
  0.0396,
  0.045,
  0.0171,
  0.0216,
  0.0351,
  0.0702,
  0.0342,
  0.0225,
  0.0459,
  0.0333,
  0.0369,
  0.045,
  0.0756,
  0.0675,
  0.0279,
  0.0387,
  0.0531,
  0.0657,
  0.063,
  0.0675,
  0.045,
  0.009,
  0.0162,
  0.0675,
  0.2961,
  0.072,
  0.0765,
  0.0909,
  0.072,
  0.063,
  0.0216,
  0.0369,
  0.0207,
  0.0171,
  0.09 ;

   StartLine = 0, 1, 2, 3, 4, 5, 6, 7, 8, 9, 10, 11, 12, 13, 14, 15, 16, 17, 
      18, 19, 20, 21, 22, 23, 24, 25, 26, 27, 28, 29, 30, 31, 4, 4, 34, 35, 
      5, 5, 38, 39, 40, 7, 42, 43, 8, 9, 46, 47, 48, 49, 9, 51, 52, 53, 54, 
      55, 56, 57, 58, 59, 60, 61, 62, 63, 64, 10, 66, 11, 12, 69, 14, 71, 15, 
      17, 18, 18, 76, 77, 78, 79, 80, 19, 82, 83, 84, 21, 23, 24, 24, 89, 90, 
      26, 27 ;

   EndLine = 1, 2, 3, 4, 5, 6, 7, 8, 9, 10, 11, 12, 13, 14, 15, 16, 17, 18, 
      19, 20, 21, 22, 23, 24, 25, 26, 27, 28, 29, 30, 31, 32, 33, 34, 35, 36, 
      37, 38, 39, 40, 41, 42, 43, 44, 45, 46, 47, 48, 49, 50, 51, 52, 53, 54, 
      55, 56, 57, 58, 59, 60, 61, 62, 63, 64, 65, 66, 67, 68, 69, 70, 71, 72, 
      73, 74, 75, 76, 77, 78, 79, 80, 81, 82, 83, 84, 85, 86, 87, 88, 89, 90, 
      91, 92, 93 ;

   Susceptance = 0, 0, 0, 0, 0, 0, 0, 0, 0, 0, 0, 0, 0, 0, 0, 0, 0, 0, 0, 0, 
      0, 0, 0, 0, 0, 0, 0, 0, 0, 0, 0, 0, 0, 0, 0, 0, 0, 0, 0, 0, 0, 0, 0, 0, 
      0, 0, 0, 0, 0, 0, 0, 0, 0, 0, 0, 0, 0, 0, 0, 0, 0, 0, 0, 0, 0, 0, 0, 0, 
      0, 0, 0, 0, 0, 0, 0, 0, 0, 0, 0, 0, 0, 0, 0, 0, 0, 0, 0, 0, 0, 0, 0, 0, 0 ;

   MinPowerFlow = -10000, -10000, -10000, -10000, -10000, -10000, -10000, 
      -10000, -10000, -10000, -10000, -10000, -10000, -10000, -10000, -10000, 
      -10000, -10000, -10000, -10000, -10000, -10000, -10000, -10000, -10000, 
      -10000, -10000, -10000, -10000, -10000, -10000, -10000, -10000, -10000, 
      -10000, -10000, -10000, -10000, -10000, -10000, -10000, -10000, -10000, 
      -10000, -10000, -10000, -10000, -10000, -10000, -10000, -10000, -10000, 
      -10000, -10000, -10000, -10000, -10000, -10000, -10000, -10000, -10000, 
      -10000, -10000, -10000, -10000, -10000, -10000, -10000, -10000, -10000, 
      -10000, -10000, -10000, -10000, -10000, -10000, -10000, -10000, -10000, 
      -10000, -10000, -10000, -10000, -10000, -10000, -10000, -10000, -10000, 
      -10000, -10000, -10000, -10000, -10000 ;

   MaxPowerFlow = 10000, 10000, 10000, 10000, 10000, 10000, 10000, 10000, 
      10000, 10000, 10000, 10000, 10000, 10000, 10000, 10000, 10000, 10000, 
      10000, 10000, 10000, 10000, 10000, 10000, 10000, 10000, 10000, 10000, 
      10000, 10000, 10000, 10000, 10000, 10000, 10000, 10000, 10000, 10000, 
      10000, 10000, 10000, 10000, 10000, 10000, 10000, 10000, 10000, 10000, 
      10000, 10000, 10000, 10000, 10000, 10000, 10000, 10000, 10000, 10000, 
      10000, 10000, 10000, 10000, 10000, 10000, 10000, 10000, 10000, 10000, 
      10000, 10000, 10000, 10000, 10000, 10000, 10000, 10000, 10000, 10000, 
      10000, 10000, 10000, 10000, 10000, 10000, 10000, 10000, 10000, 10000, 
      10000, 10000, 10000, 10000, 10000 ;

  group: UnitBlock_0 {
    variables:
    	double InitialPower ;
    	double MaxPower(TimeHorizon) ;
    	double MinPower(TimeHorizon) ;
    	double StartUpCost ;
    	double LinearTerm ;
    	double MinUpTime ;
    	double MinDownTime ;
    	double InitUpDownTime ;
    	double InertiaCommitment ;

    // group attributes:
    		:type = "ThermalUnitBlock" ;
    data:

     InitialPower = 0 ;

     MaxPower = 10 ;

     MinPower = 0 ;

     StartUpCost = 0 ;

     LinearTerm = 1 ;

     MinUpTime = 1 ;

     MinDownTime = 1 ;

     InitUpDownTime = 1 ;

     InertiaCommitment = 1 ;
    } // group UnitBlock_0
  } // group Block_0
}
