netcdf case85 {

// global attributes:
		:SMS++_file_type = 1 ;

group: Block_0 {
  dimensions:
  	NumberElectricalGenerators = 1 ;
  	NumberNodes = 85 ;
  	NumberLines = 84 ;
  	TimeHorizon = 1 ;
  	NumberUnits = 1 ;
  variables:
  	uint GeneratorNode(NumberElectricalGenerators) ;
  	double ActivePowerDemand(NumberNodes, TimeHorizon) ;
  	uint StartLine(NumberLines) ;
  	uint EndLine(NumberLines) ;
  	double Susceptance(NumberLines) ;
  	double MinPowerFlow(NumberLines) ;
  	double MaxPowerFlow(NumberLines) ;

  // group attributes:
  		:type = "UCBlock" ;
  		:id = "0" ;
  data:

   GeneratorNode = 0 ;

   ActivePowerDemand =
  0,
  0,
  0,
  0.056,
  0,
  0.03528,
  0,
  0.03528,
  0,
  0,
  0.056,
  0,
  0,
  0.03528,
  0.03528,
  0.03528,
  0.112,
  0.056,
  0.056,
  0.03528,
  0.03528,
  0.03528,
  0.056,
  0.03528,
  0.03528,
  0.056,
  0,
  0.056,
  0,
  0.03528,
  0.03528,
  0,
  0.014,
  0,
  0,
  0.03528,
  0.056,
  0.056,
  0.056,
  0.03528,
  0,
  0.03528,
  0.03528,
  0.03528,
  0.03528,
  0.03528,
  0.014,
  0,
  0,
  0.03628,
  0.056,
  0,
  0.03528,
  0.056,
  0.056,
  0.014,
  0.056,
  0,
  0.056,
  0,
  0.056,
  0.056,
  0.014,
  0,
  0,
  0.056,
  0,
  0,
  0.056,
  0,
  0.03528,
  0.056,
  0,
  0.056,
  0.03528,
  0.056,
  0.014,
  0.056,
  0.03528,
  0.056,
  0,
  0.056,
  0.03528,
  0.014,
  0.03528 ;

   StartLine = 0, 1, 2, 3, 4, 5, 6, 7, 8, 9, 10, 11, 12, 13, 1, 2, 4, 17, 18, 
      19, 20, 18, 6, 7, 24, 25, 26, 27, 28, 29, 30, 31, 32, 33, 34, 25, 26, 
      28, 31, 39, 40, 40, 33, 43, 44, 45, 34, 47, 48, 49, 47, 51, 52, 51, 48, 
      8, 56, 57, 57, 59, 60, 59, 62, 63, 64, 63, 66, 67, 68, 69, 66, 67, 72, 
      72, 69, 64, 9, 66, 11, 79, 80, 80, 82, 12 ;

   EndLine = 1, 2, 3, 4, 5, 6, 7, 8, 9, 10, 11, 12, 13, 14, 15, 16, 17, 18, 
      19, 20, 21, 22, 23, 24, 25, 26, 27, 28, 29, 30, 31, 32, 33, 34, 35, 36, 
      37, 38, 39, 40, 41, 42, 43, 44, 45, 46, 47, 48, 49, 50, 51, 52, 53, 54, 
      55, 56, 57, 58, 59, 60, 61, 62, 63, 64, 65, 66, 67, 68, 69, 70, 71, 72, 
      73, 74, 75, 76, 77, 78, 79, 80, 81, 82, 83, 84 ;

   Susceptance = 0, 0, 0, 0, 0, 0, 0, 0, 0, 0, 0, 0, 0, 0, 0, 0, 0, 0, 0, 0, 
      0, 0, 0, 0, 0, 0, 0, 0, 0, 0, 0, 0, 0, 0, 0, 0, 0, 0, 0, 0, 0, 0, 0, 0, 
      0, 0, 0, 0, 0, 0, 0, 0, 0, 0, 0, 0, 0, 0, 0, 0, 0, 0, 0, 0, 0, 0, 0, 0, 
      0, 0, 0, 0, 0, 0, 0, 0, 0, 0, 0, 0, 0, 0, 0, 0 ;

   MinPowerFlow = -10000, -10000, -10000, -10000, -10000, -10000, -10000, 
      -10000, -10000, -10000, -10000, -10000, -10000, -10000, -10000, -10000, 
      -10000, -10000, -10000, -10000, -10000, -10000, -10000, -10000, -10000, 
      -10000, -10000, -10000, -10000, -10000, -10000, -10000, -10000, -10000, 
      -10000, -10000, -10000, -10000, -10000, -10000, -10000, -10000, -10000, 
      -10000, -10000, -10000, -10000, -10000, -10000, -10000, -10000, -10000, 
      -10000, -10000, -10000, -10000, -10000, -10000, -10000, -10000, -10000, 
      -10000, -10000, -10000, -10000, -10000, -10000, -10000, -10000, -10000, 
      -10000, -10000, -10000, -10000, -10000, -10000, -10000, -10000, -10000, 
      -10000, -10000, -10000, -10000, -10000 ;

   MaxPowerFlow = 10000, 10000, 10000, 10000, 10000, 10000, 10000, 10000, 
      10000, 10000, 10000, 10000, 10000, 10000, 10000, 10000, 10000, 10000, 
      10000, 10000, 10000, 10000, 10000, 10000, 10000, 10000, 10000, 10000, 
      10000, 10000, 10000, 10000, 10000, 10000, 10000, 10000, 10000, 10000, 
      10000, 10000, 10000, 10000, 10000, 10000, 10000, 10000, 10000, 10000, 
      10000, 10000, 10000, 10000, 10000, 10000, 10000, 10000, 10000, 10000, 
      10000, 10000, 10000, 10000, 10000, 10000, 10000, 10000, 10000, 10000, 
      10000, 10000, 10000, 10000, 10000, 10000, 10000, 10000, 10000, 10000, 
      10000, 10000, 10000, 10000, 10000, 10000 ;

  group: UnitBlock_0 {
    variables:
    	double InitialPower ;
    	double MaxPower(TimeHorizon) ;
    	double MinPower(TimeHorizon) ;
    	double StartUpCost ;
    	double LinearTerm ;
    	double MinUpTime ;
    	double MinDownTime ;
    	double InitUpDownTime ;
    	double InertiaCommitment ;

    // group attributes:
    		:type = "ThermalUnitBlock" ;
    data:

     InitialPower = 0 ;

     MaxPower = 10 ;

     MinPower = 0 ;

     StartUpCost = 0 ;

     LinearTerm = 1 ;

     MinUpTime = 1 ;

     MinDownTime = 1 ;

     InitUpDownTime = 1 ;

     InertiaCommitment = 1 ;
    } // group UnitBlock_0
  } // group Block_0
}
