netcdf case74ds {

// global attributes:
		:SMS++_file_type = 1 ;

group: Block_0 {
  dimensions:
  	NumberElectricalGenerators = 1 ;
  	NumberNodes = 74 ;
  	NumberLines = 73 ;
  	TimeHorizon = 1 ;
  	NumberUnits = 1 ;
  variables:
  	string NetworkBlockClassname ;
  	uint GeneratorNode(NumberElectricalGenerators) ;
  	double ActivePowerDemand(NumberNodes, TimeHorizon) ;
  	double ReactivePowerDemand(NumberNodes, TimeHorizon) ;
  	double NodeConductance(NumberNodes) ;
  	double NodeSusceptance(NumberNodes) ;
  	double NodeMaxVoltage(NumberNodes) ;
  	double NodeMinVoltage(NumberNodes) ;
  	uint StartLine(NumberLines) ;
  	uint EndLine(NumberLines) ;
  	double LineResistance(NumberLines) ;
  	double LineReactance(NumberLines) ;
  	double LineSusceptance(NumberLines) ;
  	double LineRATEA(NumberLines) ;
  	double LineRatio(NumberLines) ;
  	double LineShiftAngle(NumberLines) ;
  	double LineMinAngle(NumberLines) ;
  	double LineMaxAngle(NumberLines) ;
  	double MinPowerFlow(NumberLines) ;
  	double MaxPowerFlow(NumberLines) ;

  // group attributes:
  		:type = "UCBlock" ;
  		:id = "0" ;
  		:baseMVA = 1. ;
  data:

   NetworkBlockClassname = "ACNetworkBlock" ;

   GeneratorNode = 0 ;

   ActivePowerDemand =
  0,
  0.193,
  0.001,
  0.003,
  0.108,
  0.005,
  0.018,
  0.016,
  0.076,
  0.052,
  0.046,
  0.123,
  0.046,
  0.007,
  0.07,
  0.07,
  0.004,
  0.049,
  0.057,
  0.118,
  0.019,
  0.014,
  0.008,
  0.21,
  0.136,
  0.189,
  0.016,
  0.074,
  0.117,
  0.006,
  0.125,
  0.017,
  0.004,
  0.019,
  0.031,
  0.04,
  0.011,
  0.217,
  0.037,
  0.114,
  0.012,
  0.055,
  0.072,
  0.04,
  0.004,
  0.041,
  0.042,
  0.049,
  0.043,
  0.061,
  0.046,
  0.01,
  0.009,
  0.065,
  0.045,
  0.076,
  0.071,
  0.394,
  0.234,
  0.227,
  0.225,
  0.192,
  0.118,
  0.418,
  0.234,
  0.221,
  0.198,
  0.249,
  0.113,
  0.096,
  0.091,
  0.116,
  0.168,
  0.116 ;

   ReactivePowerDemand =
  0,
  0.13,
  0.001,
  0.002,
  0.073,
  0.003,
  0.012,
  0.011,
  0.051,
  0.035,
  0.031,
  0.083,
  0.031,
  0.004,
  0.047,
  0.047,
  0.003,
  0.033,
  0.038,
  0.079,
  0.013,
  0.01,
  0.006,
  0.141,
  0.092,
  0.127,
  0.01,
  0.049,
  0.079,
  0.004,
  0.084,
  0.011,
  0.003,
  0.013,
  0.021,
  0.027,
  0.007,
  0.146,
  0.025,
  0.077,
  0.008,
  0.037,
  0.048,
  0.027,
  0.003,
  0.027,
  0.028,
  0.033,
  0.029,
  0.041,
  0.031,
  0.007,
  0.006,
  0.044,
  0.03,
  0.051,
  0.048,
  0.265,
  0.157,
  0.153,
  0.151,
  0.129,
  0.079,
  0.281,
  0.157,
  0.148,
  0.133,
  0.167,
  0.076,
  0.064,
  0.061,
  0.078,
  0.113,
  0.078 ;

   NodeConductance = 0, 0, 0, 0, 0, 0, 0, 0, 0, 0, 0, 0, 0, 0, 0, 0, 0, 0, 0, 
      0, 0, 0, 0, 0, 0, 0, 0, 0, 0, 0, 0, 0, 0, 0, 0, 0, 0, 0, 0, 0, 0, 0, 0, 
      0, 0, 0, 0, 0, 0, 0, 0, 0, 0, 0, 0, 0, 0, 0, 0, 0, 0, 0, 0, 0, 0, 0, 0, 
      0, 0, 0, 0, 0, 0, 0 ;

   NodeSusceptance = 0, 0, 0, 0, 0, 0, 0, 0, 0, 0, 0, 0, 0, 0, 0, 0, 0, 0, 0, 
      0, 0, 0, 0, 0, 0, 0, 0, 0, 0, 0, 0, 0, 0, 0, 0, 0, 0, 0, 0, 0, 0, 0, 0, 
      0, 0, 0, 0, 0, 0, 0, 0, 0, 0, 0, 0, 0, 0, 0, 0, 0, 0, 0, 0, 0, 0, 0, 0, 
      0, 0, 0, 0, 0, 0, 0 ;

   NodeMaxVoltage = 1, 1.1, 1.1, 1.1, 1.1, 1.1, 1.1, 1.1, 1.1, 1.1, 1.1, 1.1, 
      1.1, 1.1, 1.1, 1.1, 1.1, 1.1, 1.1, 1.1, 1.1, 1.1, 1.1, 1.1, 1.1, 1.1, 
      1.1, 1.1, 1.1, 1.1, 1.1, 1.1, 1.1, 1.1, 1.1, 1.1, 1.1, 1.1, 1.1, 1.1, 
      1.1, 1.1, 1.1, 1.1, 1.1, 1.1, 1.1, 1.1, 1.1, 1.1, 1.1, 1.1, 1.1, 1.1, 
      1.1, 1.1, 1.1, 1.1, 1.1, 1.1, 1.1, 1.1, 1.1, 1.1, 1.1, 1.1, 1.1, 1.1, 
      1.1, 1.1, 1.1, 1.1, 1.1, 1.1 ;

   NodeMinVoltage = 1, 0.9, 0.9, 0.9, 0.9, 0.9, 0.9, 0.9, 0.9, 0.9, 0.9, 0.9, 
      0.9, 0.9, 0.9, 0.9, 0.9, 0.9, 0.9, 0.9, 0.9, 0.9, 0.9, 0.9, 0.9, 0.9, 
      0.9, 0.9, 0.9, 0.9, 0.9, 0.9, 0.9, 0.9, 0.9, 0.9, 0.9, 0.9, 0.9, 0.9, 
      0.9, 0.9, 0.9, 0.9, 0.9, 0.9, 0.9, 0.9, 0.9, 0.9, 0.9, 0.9, 0.9, 0.9, 
      0.9, 0.9, 0.9, 0.9, 0.9, 0.9, 0.9, 0.9, 0.9, 0.9, 0.9, 0.9, 0.9, 0.9, 
      0.9, 0.9, 0.9, 0.9, 0.9, 0.9 ;

   StartLine = 0, 1, 2, 3, 4, 5, 6, 7, 8, 9, 10, 11, 12, 13, 14, 15, 16, 17, 
      18, 19, 20, 21, 22, 23, 24, 25, 26, 27, 28, 29, 30, 31, 32, 33, 34, 35, 
      36, 37, 38, 39, 40, 41, 42, 43, 44, 45, 46, 47, 48, 49, 50, 51, 52, 53, 
      54, 55, 0, 57, 58, 59, 60, 61, 62, 63, 64, 65, 66, 67, 68, 0, 70, 71, 72 ;

   EndLine = 1, 2, 3, 4, 5, 6, 7, 8, 9, 10, 11, 12, 13, 14, 15, 16, 17, 18, 
      19, 20, 21, 22, 23, 24, 25, 26, 27, 28, 29, 30, 31, 32, 33, 34, 35, 36, 
      37, 38, 39, 40, 41, 42, 43, 44, 45, 46, 47, 48, 49, 50, 51, 52, 53, 54, 
      55, 56, 57, 58, 59, 60, 61, 62, 63, 64, 65, 66, 67, 68, 69, 70, 71, 72, 73 ;

   LineResistance = 0.0578, 0.0564, 0.0431, 0.0431, 0.036, 0.036, 0.0289, 
      0.0289, 0.0289, 0.0289, 0.0289, 0.0289, 0.0289, 0.0289, 0.0465, 0.0465, 
      0.0465, 0.0465, 0.0403, 0.0403, 0.0403, 0.0403, 0.0507, 0.036, 0.045, 
      0.045, 0.045, 0.0289, 0.0289, 0.0431, 0.0403, 0.036, 0.0431, 0.0465, 
      0.0465, 0.0484, 0.0484, 0.0431, 0.0431, 0.036, 0.036, 0.0578, 0.0465, 
      0.0507, 0.0536, 0.0549, 0.0564, 0.0422, 0.0431, 0.0649, 0.0621, 0.0635, 
      0.0635, 0.0635, 0.0318, 0.0318, 0.201, 0.0721, 0.0721, 0.0721, 0.0721, 
      0.0721, 0.0721, 0.0721, 0.0721, 0.0721, 0.0721, 0.0721, 0.0721, 0.4741, 
      0.2371, 0.1659, 0.1071 ;

   LineReactance = 0.0438, 0.0428, 0.0327, 0.0327, 0.0273, 0.0273, 0.0219, 
      0.0219, 0.0219, 0.0219, 0.0219, 0.0219, 0.0219, 0.0219, 0.0352, 0.0352, 
      0.0352, 0.0352, 0.0305, 0.0305, 0.0305, 0.0305, 0.0384, 0.0273, 0.0341, 
      0.0341, 0.0341, 0.0219, 0.0219, 0.0327, 0.0305, 0.0273, 0.0327, 0.0352, 
      0.0352, 0.0366, 0.0366, 0.0327, 0.0327, 0.0273, 0.0273, 0.0438, 0.0352, 
      0.0384, 0.0406, 0.0417, 0.0428, 0.0319, 0.0327, 0.0492, 0.0471, 0.0481, 
      0.0481, 0.0481, 0.0241, 0.0241, 0.1523, 0.0546, 0.0546, 0.0546, 0.0546, 
      0.0546, 0.0546, 0.0546, 0.0546, 0.0546, 0.0546, 0.0546, 0.0546, 0.3593, 
      0.1797, 0.1258, 0.0812 ;

   LineSusceptance = 0, 0, 0, 0, 0, 0, 0, 0, 0, 0, 0, 0, 0, 0, 0, 0, 0, 0, 0, 
      0, 0, 0, 0, 0, 0, 0, 0, 0, 0, 0, 0, 0, 0, 0, 0, 0, 0, 0, 0, 0, 0, 0, 0, 
      0, 0, 0, 0, 0, 0, 0, 0, 0, 0, 0, 0, 0, 0, 0, 0, 0, 0, 0, 0, 0, 0, 0, 0, 
      0, 0, 0, 0, 0, 0 ;

   LineRATEA = 0, 0, 0, 0, 0, 0, 0, 0, 0, 0, 0, 0, 0, 0, 0, 0, 0, 0, 0, 0, 0, 
      0, 0, 0, 0, 0, 0, 0, 0, 0, 0, 0, 0, 0, 0, 0, 0, 0, 0, 0, 0, 0, 0, 0, 0, 
      0, 0, 0, 0, 0, 0, 0, 0, 0, 0, 0, 0, 0, 0, 0, 0, 0, 0, 0, 0, 0, 0, 0, 0, 
      0, 0, 0, 0 ;

   LineRatio = 0, 0, 0, 0, 0, 0, 0, 0, 0, 0, 0, 0, 0, 0, 0, 0, 0, 0, 0, 0, 0, 
      0, 0, 0, 0, 0, 0, 0, 0, 0, 0, 0, 0, 0, 0, 0, 0, 0, 0, 0, 0, 0, 0, 0, 0, 
      0, 0, 0, 0, 0, 0, 0, 0, 0, 0, 0, 0, 0, 0, 0, 0, 0, 0, 0, 0, 0, 0, 0, 0, 
      0, 0, 0, 0 ;

   LineShiftAngle = 0, 0, 0, 0, 0, 0, 0, 0, 0, 0, 0, 0, 0, 0, 0, 0, 0, 0, 0, 
      0, 0, 0, 0, 0, 0, 0, 0, 0, 0, 0, 0, 0, 0, 0, 0, 0, 0, 0, 0, 0, 0, 0, 0, 
      0, 0, 0, 0, 0, 0, 0, 0, 0, 0, 0, 0, 0, 0, 0, 0, 0, 0, 0, 0, 0, 0, 0, 0, 
      0, 0, 0, 0, 0, 0 ;

   LineMinAngle = -360, -360, -360, -360, -360, -360, -360, -360, -360, -360, 
      -360, -360, -360, -360, -360, -360, -360, -360, -360, -360, -360, -360, 
      -360, -360, -360, -360, -360, -360, -360, -360, -360, -360, -360, -360, 
      -360, -360, -360, -360, -360, -360, -360, -360, -360, -360, -360, -360, 
      -360, -360, -360, -360, -360, -360, -360, -360, -360, -360, -360, -360, 
      -360, -360, -360, -360, -360, -360, -360, -360, -360, -360, -360, -360, 
      -360, -360, -360 ;

   LineMaxAngle = 360, 360, 360, 360, 360, 360, 360, 360, 360, 360, 360, 360, 
      360, 360, 360, 360, 360, 360, 360, 360, 360, 360, 360, 360, 360, 360, 
      360, 360, 360, 360, 360, 360, 360, 360, 360, 360, 360, 360, 360, 360, 
      360, 360, 360, 360, 360, 360, 360, 360, 360, 360, 360, 360, 360, 360, 
      360, 360, 360, 360, 360, 360, 360, 360, 360, 360, 360, 360, 360, 360, 
      360, 360, 360, 360, 360 ;

   MinPowerFlow = -10000, -10000, -10000, -10000, -10000, -10000, -10000, 
      -10000, -10000, -10000, -10000, -10000, -10000, -10000, -10000, -10000, 
      -10000, -10000, -10000, -10000, -10000, -10000, -10000, -10000, -10000, 
      -10000, -10000, -10000, -10000, -10000, -10000, -10000, -10000, -10000, 
      -10000, -10000, -10000, -10000, -10000, -10000, -10000, -10000, -10000, 
      -10000, -10000, -10000, -10000, -10000, -10000, -10000, -10000, -10000, 
      -10000, -10000, -10000, -10000, -10000, -10000, -10000, -10000, -10000, 
      -10000, -10000, -10000, -10000, -10000, -10000, -10000, -10000, -10000, 
      -10000, -10000, -10000 ;

   MaxPowerFlow = 10000, 10000, 10000, 10000, 10000, 10000, 10000, 10000, 
      10000, 10000, 10000, 10000, 10000, 10000, 10000, 10000, 10000, 10000, 
      10000, 10000, 10000, 10000, 10000, 10000, 10000, 10000, 10000, 10000, 
      10000, 10000, 10000, 10000, 10000, 10000, 10000, 10000, 10000, 10000, 
      10000, 10000, 10000, 10000, 10000, 10000, 10000, 10000, 10000, 10000, 
      10000, 10000, 10000, 10000, 10000, 10000, 10000, 10000, 10000, 10000, 
      10000, 10000, 10000, 10000, 10000, 10000, 10000, 10000, 10000, 10000, 
      10000, 10000, 10000, 10000, 10000 ;

  group: UnitBlock_0 {
    dimensions:
    	NumberCostCoeffs = 3 ;
    variables:
    	double InitialPower ;
    	double InitialReactivePower ;
    	double MaxReactivePower(TimeHorizon) ;
    	double MinReactivePower(TimeHorizon) ;
    	double VoltageMagnitude(TimeHorizon) ;
    	double MaxPower(TimeHorizon) ;
    	double MinPower(TimeHorizon) ;
    	uint CostModel ;
    	double StartupCost ;
    	double PowerCostCoeffs(NumberCostCoeffs) ;
    	double LinearTerm ;
    	double MinUpTime ;
    	double MinDownTime ;
    	double InitUpDownTime ;
    	double InertiaCommitment ;

    // group attributes:
    		:type = "ThermalUnitBlock" ;
    data:

     InitialPower = 0 ;

     InitialReactivePower = 0 ;

     MaxReactivePower = 10 ;

     MinReactivePower = -10 ;

     VoltageMagnitude = 1 ;

     MaxPower = 10 ;

     MinPower = 0 ;

     CostModel = 1 ;

     StartupCost = 0 ;

     PowerCostCoeffs = 0, 20, 0 ;

     LinearTerm = 1 ;

     MinUpTime = 1 ;

     MinDownTime = 1 ;

     InitUpDownTime = 1 ;

     InertiaCommitment = 1 ;
    } // group UnitBlock_0
  } // group Block_0
}
