netcdf pglib_opf_case197_snem {

// global attributes:
		:SMS++_file_type = 1 ;

group: Block_0 {
  dimensions:
  	NumberElectricalGenerators = 35 ;
  	NumberNodes = 197 ;
  	NumberLines = 286 ;
  	TimeHorizon = 1 ;
  	NumberUnits = 35 ;
  variables:
  	string NetworkBlockClassname ;
  	uint GeneratorNode(NumberElectricalGenerators) ;
  	double ActivePowerDemand(NumberNodes, TimeHorizon) ;
  	double ReactivePowerDemand(NumberNodes, TimeHorizon) ;
  	double NodeConductance(NumberNodes) ;
  	double NodeSusceptance(NumberNodes) ;
  	double NodeMaxVoltage(NumberNodes) ;
  	double NodeMinVoltage(NumberNodes) ;
  	uint StartLine(NumberLines) ;
  	uint EndLine(NumberLines) ;
  	double LineResistance(NumberLines) ;
  	double LineReactance(NumberLines) ;
  	double LineSusceptance(NumberLines) ;
  	double LineRATEA(NumberLines) ;
  	double LineRatio(NumberLines) ;
  	double LineShiftAngle(NumberLines) ;
  	double LineMinAngle(NumberLines) ;
  	double LineMaxAngle(NumberLines) ;
  	double MinPowerFlow(NumberLines) ;
  	double MaxPowerFlow(NumberLines) ;

  // group attributes:
  		:type = "UCBlock" ;
  		:id = "0" ;
  		:baseMVA = "100.0" ;
  data:

   NetworkBlockClassname = "ACNetworkBlock" ;

   GeneratorNode = 1, 2, 3, 4, 5, 6, 10, 11, 12, 13, 14, 15, 16, 17, 18, 19, 
      20, 21, 22, 23, 25, 26, 27, 29, 30, 31, 35, 180, 181, 182, 183, 184, 
      185, 186, 115 ;

   ActivePowerDemand =
  -18.456624726,
  0,
  0,
  0,
  0,
  1.43784302386,
  0,
  0,
  0,
  0,
  0,
  5.34111425835,
  0,
  0,
  0,
  0,
  0,
  0,
  0,
  0,
  0,
  0,
  0,
  0,
  0,
  0,
  0,
  0,
  0,
  0,
  0,
  0,
  0,
  -7.48757228344,
  0,
  0,
  0,
  0,
  0,
  0,
  0,
  0,
  0,
  0,
  0,
  0,
  0,
  0,
  0,
  0,
  0,
  0,
  0,
  0,
  0,
  0,
  0,
  0,
  0,
  109.560738771,
  0,
  0,
  0,
  0,
  0,
  0,
  0,
  0,
  0,
  0,
  0,
  0,
  0,
  4.14840343669,
  0,
  0,
  0,
  0,
  0,
  0,
  0,
  0,
  0,
  0,
  0,
  0,
  0,
  0,
  0,
  0,
  0,
  25.5331817143,
  0,
  0,
  0,
  0,
  0.844463851361,
  0,
  1.24574926804,
  0,
  0,
  0,
  0,
  6.30917010283,
  6.3943493002,
  0,
  0,
  0,
  0,
  0,
  0,
  0,
  0,
  0,
  0,
  761.802095829,
  0,
  0,
  0,
  0,
  0,
  0,
  0,
  0,
  0.100036499291,
  19.957788692,
  14.1049076988,
  11.1868502881,
  1.23310786749,
  38.2656446436,
  15.3479710077,
  28.1220396346,
  2.29266869862,
  -5.28103313928,
  0.595466476637,
  2.86565043063,
  0.102155048288,
  14.8939685162,
  12.7940563151,
  32.8164347707,
  4.96928669102,
  11.8889887202,
  35.35571077,
  37.0487818044,
  9.25709532036,
  6.8196875433,
  0,
  1.12772044054,
  3.91795778259,
  0.098455395028,
  7.00533022556,
  4.76784311741,
  6.81737639888,
  6.35761379468,
  10.5558431011,
  7.95474462004,
  2.91458506392,
  3.20082082542,
  1.23069639581,
  1.22012735772,
  2.69741274876,
  3.66248952774,
  4.3878279769,
  11.3146026349,
  3.43738724451,
  12.7508150782,
  10.6750374615,
  29.5849414279,
  5.9921608533,
  9.06709590132,
  10.3675748841,
  0,
  16.1407656257,
  5.5121708044,
  0.268542500051,
  0,
  0,
  0,
  0,
  0,
  0,
  0,
  0,
  0,
  0,
  0,
  0,
  32.7033081653,
  49.5337823698,
  1.71129514995,
  15.7169929211,
  0,
  0,
  0,
  0,
  0,
  0 ;

   ReactivePowerDemand =
  0,
  0,
  0,
  0,
  0,
  0,
  0,
  0,
  0,
  0,
  0,
  1.84528285785,
  0,
  0,
  0,
  0,
  0,
  0,
  0,
  0,
  0,
  0,
  0,
  0,
  0,
  0,
  0,
  0,
  0,
  0,
  0,
  0,
  0,
  0,
  0,
  0,
  0,
  0,
  0,
  0,
  0,
  0,
  0,
  0,
  0,
  0,
  0,
  0,
  0,
  0,
  0,
  0,
  0,
  0,
  0,
  0,
  0,
  0,
  0,
  5.56446601437,
  0,
  0,
  0,
  0,
  0,
  0,
  0,
  0,
  0,
  0,
  0,
  0,
  0,
  1.22681196274,
  0,
  0,
  0,
  0,
  0,
  0,
  0,
  0,
  0,
  0,
  0,
  0,
  0,
  0,
  0,
  0,
  0,
  4.24297217382,
  0,
  0,
  0,
  0,
  0.811486859629,
  0,
  -0.664264286632,
  0,
  0,
  0,
  0,
  0.352394917171,
  0.321420691079,
  0,
  0,
  0,
  0,
  0,
  0,
  0,
  0,
  0,
  0,
  94.3982822715,
  0,
  0,
  0,
  0,
  0,
  0,
  0,
  0,
  -0.133309902946,
  4.78594959717,
  9.04776996574,
  5.3734801524,
  0.521934969552,
  12.0837698976,
  0.179780361418,
  17.0941187588,
  -0.219341768899,
  1.57365585479,
  0.164574361555,
  0.918062184471,
  -0.0762418273165,
  5.50440336707,
  4.23152802724,
  4.93834843893,
  2.31230359605,
  2.24300578809,
  11.4391733684,
  13.5631675561,
  1.28527849578,
  1.66570804022,
  0,
  -0.131104909686,
  1.12945814219,
  -0.159011451974,
  0.634266090953,
  -0.357622153863,
  1.52931806039,
  1.10483449831,
  3.5135687363,
  1.73341208709,
  -0.202324895334,
  -0.0306372322947,
  0.148527247898,
  0.141469365238,
  -0.518176212408,
  0.268230288469,
  1.24416995375,
  3.43865919711,
  1.20643423757,
  0.933697498767,
  2.72001893004,
  5.38569534337,
  2.30522543602,
  2.28521256108,
  -0.0485898785247,
  0,
  3.39817422641,
  -0.297153097662,
  0.319257627793,
  0,
  0,
  0,
  0,
  0,
  0,
  0,
  0,
  0,
  0,
  0,
  0,
  10.6544866268,
  16.2479222761,
  2.64945633324,
  -4.31763789598,
  0,
  0,
  0,
  0,
  0,
  0 ;

   NodeConductance = 0, 0, 0, 0, 0, 0, 0, 0, 0, 0, 0, 0, 0, 0, 0, 0, 0, 0, 0, 
      0, 0, 0, 0, 0, 0, 0, 0, 0, 0, 0, 0, 0, 0, 0, 0, 0, 0, 0, 0, 0, 0, 0, 0, 
      0, 0, 0, 0, 0, 0, 0, 0, 0, 0, 0, 0, 0, 0, 0, 0, 0, 0, 0, 0, 0, 0, 0, 0, 
      0, 0, 0, 0, 0, 0, 0, 0, 0, 0, 0, 0, 0, 0, 0, 0, 0, 0, 0, 0, 0, 0, 0, 0, 
      0, 0, 0, 0, 0, 0, 0, 0, 0, 0, 0, 0, 0, 0, 0, 0, 0, 0, 0, 0, 0, 0, 0, 0, 
      0, 0, 0, 0, 0, 0, 0, 0, 0, 0, 0, 0, 0, 0, 0, 0, 0, 0, 0, 0, 0, 0, 0, 0, 
      0, 0, 0, 0, 0, 0, 0, 0, 0, 0, 0, 0, 0, 0, 0, 0, 0, 0, 0, 0, 0, 0, 0, 0, 
      0, 0, 0, 0, 0, 0, 0, 0, 0, 0, 0, 0, 0, 0, 0, 0, 0, 0, 0, 0, 0, 0, 0, 0, 
      0, 0, 0, 0, 0, 0, 0, 0, 0, 0 ;

   NodeSusceptance = 10.7958302228, 0, 0, 0, 0, 0, 0, 0, 0, 0, 0, 0, 0, 0, 0, 
      0, 0, 0, 0, 0, 0, 0, 0, 0, 0, 0, 0, 0, 0, 0, 0, 0, 0, 0, 0, 0, 
      -5.70733361581, -6.03779546404, 0, 0, 0, 0, 0, 0, 0, 0, 0, 0, 
      30.2475361833, 0, 29.8942327662, 0, 0, 0, 0, 0, 0, 27.5769489619, 0, 0, 
      0, 0, 0, 0, 0, 0, 0, 0, 0, 0, 0, 39.4429057464, 0, 0, 0, 0, 0, 0, 0, 0, 
      0, 0, 0, 0, 0, 0, 0, 0, 0, 0, 0, 0, 0, 0, 0, 0, 0, 0, 0, 0, 0, 0, 0, 0, 
      0, 0, 0, 0, 0, 0, 0, 0, 0, 0, 0, 269.606850442, 0, 0, 0, 0, 0, 0, 0, 0, 
      0, 0, 0, 0, 0, 0, 0, 0, 0, 0, 0, 0, 0, 0, 0, 0, 0, 0, 0, 0, 0, 0, 0, 0, 
      0, 0, 0, 0, 0, 0, 0, 0, 0, 0, 0, 0, 0, 0, 0, 0, 0, 0, 0, 0, 0, 0, 0, 0, 
      0, 0, 0, 0, 0, 0, 0, 0, 0, 0, 0, 0, 0, 0, 0, 0, 0, 0, 0, 0, 0, 0, 0, 0, 0 ;

   NodeMaxVoltage = 1.1, 1.1, 1.1, 1.1, 1.1, 1.1, 1.1, 1.1, 1.1, 1.1, 1.1, 
      1.1, 1.1, 1.1, 1.1, 1.1, 1.1, 1.1, 1.1, 1.1, 1.1, 1.1, 1.1, 1.1, 1.1, 
      1.1, 1.1, 1.1, 1.1, 1.1, 1.1, 1.1, 1.1, 1.1, 1.1, 1.1, 1.1, 1.1, 1.1, 
      1.1, 1.1, 1.1, 1.1, 1.1, 1.1, 1.1, 1.1, 1.1, 1.1, 1.1, 1.1, 1.1, 1.1, 
      1.1, 1.1, 1.1, 1.1, 1.1, 1.1, 1.1, 1.1, 1.1, 1.1, 1.1, 1.1, 1.1, 1.1, 
      1.1, 1.1, 1.1, 1.1, 1.1, 1.1, 1.1, 1.1, 1.1, 1.1, 1.1, 1.1, 1.1, 1.1, 
      1.1, 1.1, 1.1, 1.1, 1.1, 1.1, 1.1, 1.1, 1.1, 1.1, 1.1, 1.1, 1.1, 1.1, 
      1.1, 1.1, 1.1, 1.1, 1.1, 1.1, 1.1, 1.1, 1.1, 1.1, 1.1, 1.1, 1.1, 1.1, 
      1.1, 1.1, 1.1, 1.1, 1.1, 1.1, 1.1, 1.1, 1.1, 1.1, 1.1, 1.1, 1.1, 1.1, 
      1.1, 1.1, 1.1, 1.1, 1.1, 1.1, 1.1, 1.1, 1.1, 1.1, 1.1, 1.1, 1.1, 1.1, 
      1.1, 1.1, 1.1, 1.1, 1.1, 1.1, 1.1, 1.1, 1.1, 1.1, 1.1, 1.1, 1.1, 1.1, 
      1.1, 1.1, 1.1, 1.1, 1.1, 1.1, 1.1, 1.1, 1.1, 1.1, 1.1, 1.1, 1.1, 1.1, 
      1.1, 1.1, 1.1, 1.1, 1.1, 1.1, 1.1, 1.1, 1.1, 1.1, 1.1, 1.1, 1.1, 1.1, 
      1.1, 1.1, 1.1, 1.1, 1.1, 1.1, 1.1, 1.1, 1.1, 1.1, 1.1, 1.1, 1.1, 1.1, 
      1.1, 1.1, 1.1, 1.1 ;

   NodeMinVoltage = 0.9, 0.9, 0.9, 0.9, 0.9, 0.9, 0.9, 0.9, 0.9, 0.9, 0.9, 
      0.9, 0.9, 0.9, 0.9, 0.9, 0.9, 0.9, 0.9, 0.9, 0.9, 0.9, 0.9, 0.9, 0.9, 
      0.9, 0.9, 0.9, 0.9, 0.9, 0.9, 0.9, 0.9, 0.9, 0.9, 0.9, 0.9, 0.9, 0.9, 
      0.9, 0.9, 0.9, 0.9, 0.9, 0.9, 0.9, 0.9, 0.9, 0.9, 0.9, 0.9, 0.9, 0.9, 
      0.9, 0.9, 0.9, 0.9, 0.9, 0.9, 0.9, 0.9, 0.9, 0.9, 0.9, 0.9, 0.9, 0.9, 
      0.9, 0.9, 0.9, 0.9, 0.9, 0.9, 0.9, 0.9, 0.9, 0.9, 0.9, 0.9, 0.9, 0.9, 
      0.9, 0.9, 0.9, 0.9, 0.9, 0.9, 0.9, 0.9, 0.9, 0.9, 0.9, 0.9, 0.9, 0.9, 
      0.9, 0.9, 0.9, 0.9, 0.9, 0.9, 0.9, 0.9, 0.9, 0.9, 0.9, 0.9, 0.9, 0.9, 
      0.9, 0.9, 0.9, 0.9, 0.9, 0.9, 0.9, 0.9, 0.9, 0.9, 0.9, 0.9, 0.9, 0.9, 
      0.9, 0.9, 0.9, 0.9, 0.9, 0.9, 0.9, 0.9, 0.9, 0.9, 0.9, 0.9, 0.9, 0.9, 
      0.9, 0.9, 0.9, 0.9, 0.9, 0.9, 0.9, 0.9, 0.9, 0.9, 0.9, 0.9, 0.9, 0.9, 
      0.9, 0.9, 0.9, 0.9, 0.9, 0.9, 0.9, 0.9, 0.9, 0.9, 0.9, 0.9, 0.9, 0.9, 
      0.9, 0.9, 0.9, 0.9, 0.9, 0.9, 0.9, 0.9, 0.9, 0.9, 0.9, 0.9, 0.9, 0.9, 
      0.9, 0.9, 0.9, 0.9, 0.9, 0.9, 0.9, 0.9, 0.9, 0.9, 0.9, 0.9, 0.9, 0.9, 
      0.9, 0.9, 0.9, 0.9 ;

   StartLine = 38, 39, 39, 40, 41, 42, 43, 44, 45, 45, 46, 46, 46, 47, 48, 
      48, 48, 49, 50, 50, 50, 50, 52, 55, 56, 57, 57, 58, 60, 60, 60, 61, 62, 
      63, 63, 63, 64, 64, 88, 65, 65, 65, 65, 68, 68, 69, 69, 69, 69, 69, 69, 
      69, 70, 70, 70, 71, 72, 72, 72, 72, 74, 75, 76, 77, 78, 78, 79, 80, 81, 
      83, 84, 67, 86, 86, 87, 89, 88, 89, 89, 89, 89, 90, 90, 92, 93, 93, 
      107, 108, 109, 110, 111, 111, 112, 114, 113, 114, 114, 114, 114, 115, 
      115, 116, 116, 116, 116, 117, 118, 118, 120, 120, 122, 122, 122, 121, 
      121, 122, 122, 167, 167, 27, 33, 34, 0, 0, 39, 39, 40, 40, 40, 40, 42, 
      43, 43, 45, 46, 46, 47, 47, 48, 48, 49, 49, 51, 51, 52, 52, 52, 53, 53, 
      54, 54, 55, 55, 57, 57, 61, 61, 62, 14, 15, 65, 65, 66, 67, 67, 68, 68, 
      70, 70, 70, 71, 71, 71, 71, 71, 71, 72, 72, 74, 75, 76, 76, 78, 78, 78, 
      78, 81, 81, 82, 83, 84, 84, 85, 67, 67, 86, 86, 86, 86, 86, 89, 89, 90, 
      90, 92, 93, 93, 94, 94, 99, 99, 86, 86, 100, 100, 101, 102, 174, 106, 
      106, 107, 108, 109, 111, 111, 112, 5, 113, 114, 114, 115, 115, 57, 57, 
      57, 57, 115, 115, 115, 116, 116, 116, 116, 116, 19, 118, 118, 118, 119, 
      119, 119, 119, 120, 120, 30, 122, 123, 123, 175, 175, 175, 175, 4, 188, 
      188, 188, 188, 188, 188, 67, 127, 128, 67, 127, 190, 69, 152, 153, 69, 
      152, 153, 154, 155, 196, 154, 155 ;

   EndLine = 41, 41, 41, 39, 42, 56, 39, 50, 50, 51, 47, 48, 99, 48, 49, 50, 
      96, 51, 52, 53, 54, 54, 53, 56, 97, 59, 98, 59, 61, 62, 94, 94, 106, 
      13, 66, 175, 88, 175, 175, 67, 175, 67, 175, 72, 88, 70, 70, 70, 71, 
      79, 80, 67, 71, 195, 67, 72, 77, 85, 101, 102, 101, 102, 77, 165, 79, 
      80, 83, 81, 83, 105, 105, 175, 90, 90, 89, 28, 89, 24, 90, 90, 92, 94, 
      94, 100, 95, 86, 111, 111, 111, 111, 114, 114, 114, 180, 114, 48, 115, 
      115, 122, 123, 123, 117, 119, 121, 121, 119, 119, 119, 121, 121, 29, 
      31, 32, 122, 122, 123, 123, 172, 172, 87, 171, 35, 36, 37, 131, 131, 
      132, 132, 133, 133, 134, 135, 136, 6, 137, 137, 138, 138, 139, 139, 
      140, 140, 141, 141, 142, 142, 142, 124, 124, 143, 143, 125, 125, 144, 
      144, 145, 145, 146, 175, 175, 20, 148, 149, 126, 126, 150, 151, 187, 
      187, 187, 129, 129, 129, 176, 177, 178, 130, 130, 156, 157, 158, 159, 
      73, 73, 160, 161, 162, 162, 163, 163, 164, 164, 165, 166, 166, 25, 26, 
      167, 167, 167, 168, 168, 91, 91, 189, 169, 169, 170, 170, 34, 171, 172, 
      172, 173, 173, 104, 103, 105, 0, 0, 1, 2, 3, 41, 41, 4, 114, 181, 50, 
      50, 11, 12, 7, 10, 8, 9, 57, 57, 58, 182, 183, 184, 185, 186, 117, 21, 
      22, 23, 69, 69, 69, 69, 72, 72, 122, 89, 90, 90, 16, 17, 18, 147, 179, 
      176, 176, 177, 177, 178, 178, 191, 191, 191, 192, 192, 192, 193, 193, 
      193, 194, 194, 194, 195, 195, 70, 196, 196 ;

   LineResistance = 0.00834450528496, 0.006612602031, 0.00550651928481, 
      0.01393972708, 0.02545334659, 0.0299991099129, 0.0446317172529, 
      0.00221781807094, 0.00979486179023, 0.022569879982, 0.0368750920058, 
      0.133172727607, 0.0125014987677, 0.100609148637, 0.00386886836307, 
      0.0548456849238, 0.0322012007642, 0.0326571041771, 0.00948450876777, 
      0.0213521373288, 0.00648433744151, 0.00693898262637, 0.0123307894492, 
      0.0301156643856, 0.0438537854483, 0.003635470736, 0.00817779703513, 
      0.0034524341182, 0.00544398463072, 0.016235662227, 0.0394408773044, 
      0.0473672257593, 0.0341895124321, 0.0507059526851, 0.0392573585555, 
      0.0300776910052, 0.0220924302279, 0.0189442508494, 0.0418895350015, 
      0.0219553756497, 0.0932669534612, 0.0219083921358, 0.0951405162859, 
      0.0113070956447, 0.0809689857371, 0.00320447570577, 0.00322901010886, 
      0.00161342752121, 0.00466756014707, 0.0160258609959, 0.01882210075, 
      0.0205710355764, 0.0035544225969, 0.00281675531511, 0.021964985167, 
      0.00231737132412, 0.0160672604064, 0.0285963948401, 0.00410662239414, 
      0.00390492976941, 0.00331615708596, 0.00310765717618, 0.210973417087, 
      0.0403146651823, 0.00558545099989, 0.00602572363934, 0.0228305687675, 
      0.0467533231498, 0.0719883445637, 0.0348107242369, 0.00326963631808, 
      0.137691854046, 0.00546403750034, 0.00364758650599, 0.00467363200054, 
      0.0084303609162, 0.0383996458529, 1.20097991941, 0.044756923605, 
      0.0424748956083, 0.149471301929, 0.00517821364049, 0.00513029103585, 
      0.107316122925, 0.000985301995251, 0.00159105404253, 0.00360884330953, 
      0.00368515181838, 0.00172089511687, 0.00516263196069, 0.00871177811824, 
      0.00802602507801, 0.00683352590427, 0.0133455107097, 0.00383756139899, 
      0.0116068776357, 0.00791666807699, 0.0082603860242, 0.01493876248, 
      0.00936215698306, 0.0095308059707, 0.00424138476648, 0.0164515101986, 
      0.00655462548103, 0.00343435743288, 0.0110675164723, 0.0132215266532, 
      0.0145171332656, 0.0131560796875, 0.0129197396137, 0.00534979214151, 
      0.0055291704363, 0.00616940694479, 0.00471877332513, 0.00464160583745, 
      0.00596531706803, 0.00619035982258, 0.0378443095275, 0.0390479045201, 
      0.00325528849623, 0.00953248890599, 0.0106288813461, 0.019511938914, 
      0.0186132788376, 0.0227478390924, 0.0222802043221, 0.0195879369143, 
      0.0135180096767, 0.0577339991314, 0.055209133621, 0.03425957737, 
      0.110024274839, 0.080509125714, 0.00732376687037, 0.0142223943406, 
      0.0141277478943, 0.0254684135815, 0.0269802282587, 0.0131461361513, 
      0.0128083302407, 0.0191450692851, 0.0198637862496, 0.01429953662, 
      0.0138235162498, 0.0196101853489, 0.0183435195747, 0.0143708840273, 
      0.0290935180671, 0.0295133979923, 0.0133025353251, 0.0134689722667, 
      0.0262331016249, 0.0276127085623, 0.0294456702587, 0.00775979971026, 
      0.011936535418, 0.0115782059556, 0.059707829617, 0.00552488081702, 
      0.00561112386908, 0.00843763616704, 0.0213060678714, 0.123067366613, 
      0.0290235147771, 0.0214868049498, 0.0281615511754, 0.0201050772011, 
      0.0067513101057, 0.00706588606525, 0.00719841202807, 0.00700402279582, 
      0.00683364557676, 0.00695451949928, 9.99999996566e-10, 
      9.9999998929e-10, 9.99999996566e-10, 0.0155874284169, 0.0153935580371, 
      0.0215926686041, 0.0225065820379, 0.0195789341514, 0.020011691177, 
      0.0160470386159, 0.0167784369264, 0.0213258953499, 0.0218493033981, 
      0.0214628861182, 0.0211668452803, 0.0404404426658, 0.0383170167085, 
      0.0539738688496, 0.0566573101837, 0.0281873795681, 0.0169546861145, 
      0.0161417475118, 9.9999998929e-10, 1.00000000384e-09, 0.00883536152431, 
      0.00922483153379, 0.00889767753646, 0.023124651936, 0.0196857482239, 
      0.00833173281042, 0.00854339669646, 0.021036196326, 0.00650618015764, 
      0.00672275358783, 0.0117018452786, 0.0174287247903, 9.9999998929e-10, 
      0.00604270965196, 0.00878024260307, 0.00894075210672, 0.0540199612628, 
      0.0593102772893, 0.00823115382865, 0.00837761643211, 0.0386733768997, 
      0.00562341231486, 0.00536058892374, 0.00175801858358, 0.0022136641459, 
      0.0055073760058, 0.00154489466324, 0.00142640542455, 0.0043065692435, 
      0.00695209905724, 0.015910460503, 0.00202715995556, 0.00192103817748, 
      0.00199538310365, 0.00412387953469, 0.0113968043285, 0.00613840206529, 
      0.012007211257, 0.0118454642114, 0.00112986682378, 0.00111854510752, 
      0.00108767747575, 0.0208781178742, 0.0199750640004, 0.011355667952, 
      0.0199433206906, 0.0195236665624, 0.0127629342931, 0.00167256115684, 
      0.00181451113989, 0.00159356017588, 0.00118715303738, 0.00110793118174, 
      0.0011796531206, 0.00111240936409, 0.00110042163172, 0.001062310409, 
      0.00555227482819, 0.00144022083352, 0.00116769434879, 0.00119610297044, 
      0.0217315496085, 0.0211141590262, 0.0215973087586, 0.0931479898343, 
      0.199884573001, 0.0252429764183, 0.025221855705, 0.0157688297999, 
      0.017654208052, 0.0202438439064, 0.0200884343519, 0.0034678246923, 
      0.0155350492854, 0.0143646938459, 0.00300336193405, 0.0169557225009, 
      0.0166495320394, 0.000493432887135, 0.0179182475745, 0.0189246408554, 
      0.000939107490119, 0.0169110752609, 0.018180937307, 0.00734912203177, 
      0.00735771486409, 0.00226681762035, 0.00798521357007, 0.00825959848793 ;

   LineReactance = 0.0371057756822, 0.017109146624, 0.0149698399927, 
      0.102926742936, 0.0721554038461, 0.0854487027202, 0.0702443516722, 
      0.0150542312874, 0.0249472030214, 0.0598841777916, 0.0712716392955, 
      0.24271488602, 0.0906216808787, 0.176248238354, 0.0103769073008, 
      0.146051026867, 0.0849837029603, 0.0841055311883, 0.050407684576, 
      0.0831676316532, 0.0344385667948, 0.0326422499585, 0.032810616942, 
      0.0796046618723, 0.117773755721, 0.00979922927223, 0.0166973252526, 
      0.00941777568866, 0.018950843333, 0.0728054892606, 0.137952632759, 
      0.159966352393, 0.134301567013, 0.686745299128, 0.058002956482, 
      0.0518558105006, 0.0648336640048, 0.057645648069, 0.11629788021, 
      0.0790700124031, 0.18336831322, 0.0856977156766, 0.176418324059, 
      0.050853422248, 0.159780265158, 0.0137512614819, 0.0138602282577, 
      0.0114039842253, 0.0220930798219, 0.0445072908171, 0.0513597795757, 
      0.0578426182695, 0.0115137614379, 0.526563840181, 0.0641314318582, 
      0.0100412761865, 0.0437558473473, 0.0732199230748, 0.0199696988206, 
      0.0187910006352, 0.0150896704316, 0.0162673099711, 0.184205018252, 
      0.662383061499, 0.0156784778318, 0.0149021955481, 0.0637682046211, 
      0.0446517925232, 0.0611633198984, 0.0508604577199, 0.0145342492605, 
      0.279441697138, 0.017164896468, 0.0286067479688, 0.0184289919588, 
      0.195196638009, 0.156477061172, 4.03610643111, 0.128900385602, 
      0.118662413239, 0.242838080968, 0.0257469512591, 0.0261527031624, 
      0.163455119482, 0.00880158392307, 0.0147080881206, 0.0272013538646, 
      0.02729184471, 0.0135833580207, 0.0401278502407, 0.0675740885568, 
      0.0674731232691, 0.0387733328807, 0.200680514427, 0.0192588914578, 
      0.140779613029, 0.0572760613928, 0.0566848080727, 0.0704094566506, 
      0.0406372266676, 0.0437176421909, 0.0205666269986, 0.0682358937425, 
      0.0304432815257, 0.0259922985119, 0.0520011691326, 0.0893400032262, 
      0.0938426300478, 0.0824582268278, 0.0796015323961, 0.182977587129, 
      0.184715234765, 0.175450423586, 0.0376735130684, 0.0377672696763, 
      0.0270741644934, 0.0279026709165, 0.0565518260573, 0.0570860607866, 
      0.177605506471, 0.0976791594336, 0.117680721349, 0.386358596284, 
      0.369193720572, 0.552189815384, 0.535390184378, 0.50262311179, 
      0.495316724224, 0.950869187511, 0.933929222836, 0.575543100686, 
      1.33068123553, 1.1480548445, 0.226450992076, 0.486981815144, 
      0.474006876834, 0.384457039646, 0.405389597159, 0.323965155563, 
      0.31119278951, 0.571359644646, 0.613492127221, 0.445263153061, 
      0.54509641662, 0.500290354249, 0.487525330807, 0.533604117352, 
      0.625318664805, 0.592716803482, 0.508686917432, 0.515581078614, 
      0.386089733051, 0.416311396601, 0.607578981626, 0.512117724958, 
      0.268125728637, 0.248462669683, 0.909811163372, 0.204241359352, 
      0.2129076695, 0.200659136226, 0.514579037362, 1.52533411147, 
      0.636134454327, 0.645020761556, 0.625461483213, 0.66240904637, 
      0.305115034068, 0.298336804449, 0.297849430831, 0.422563517086, 
      0.392629356985, 0.386758330225, 0.101220519969, 0.0966365380293, 
      0.101442471846, 0.400714549992, 0.388070154157, 0.691785922603, 
      0.665433695637, 0.545847475992, 0.511415508905, 0.382427686219, 
      0.381690919358, 0.689187095127, 0.643070689127, 0.485476874372, 
      0.474653195433, 0.796594669873, 0.869999160803, 0.996106503408, 
      1.00148666329, 0.64618776925, 0.624685969925, 0.627529661737, 
      0.1898516919, 0.175186275393, 0.504799750417, 0.496381389837, 
      0.504412578878, 0.526926245831, 0.531529377662, 0.49913859691, 
      0.505397961653, 0.466032206288, 0.499831613206, 0.528778606827, 
      0.45649309801, 0.56814754251, 0.169913077972, 0.231666899254, 
      0.501224118171, 0.494432873465, 0.91642487513, 0.900173589987, 
      0.380965848994, 0.3885621119, 0.567641261098, 0.156534653016, 
      0.162540819866, 0.106427188492, 0.104453985645, 0.190407869449, 
      0.105708358487, 0.104482101475, 0.205599865424, 0.103777769629, 
      0.333025512913, 0.0821328341872, 0.081290337552, 0.07930259815, 
      0.146799734545, 0.360638091886, 0.220063881726, 0.393723073551, 
      0.394403574318, 0.0868732566012, 0.0822550507438, 0.0789100197398, 
      0.39007711561, 0.403615404542, 0.207730050042, 0.365134074753, 
      0.37978995806, 0.290811086092, 0.0906622081921, 0.0924484662054, 
      0.0848818291226, 0.082076358131, 0.0880052972012, 0.084835830307, 
      0.0871837483794, 0.0813155810067, 0.0790253407022, 0.174721994729, 
      0.0845584900464, 0.0880918321493, 0.0839130570605, 0.334004775288, 
      0.331653592828, 0.330586237654, 1.0980800167, 1.11623031298, 
      0.575548811998, 0.612858893058, 0.54729424292, 0.632016454179, 
      0.60095791384, 0.573160319367, 0.0652470141431, 0.299212721524, 
      0.289110320124, 0.0547801196656, 0.307314050218, 0.310440787237, 
      0.0803595352979, 0.588963984822, 0.573702322003, 0.0966773860122, 
      0.551221465985, 0.552568133665, 0.400073817352, 0.445093881954, 
      0.519867410901, 0.402136619595, 0.419836017292 ;

   LineSusceptance = 0.00388866725242, 0.00165633454293, 0.00172714817226, 
      0.0123074726317, 0.00680053036105, 0.00844874817832, 0.00557138734468, 
      0.00163558931096, 0.00296859624928, 0.00660973093147, 0.0162320841232, 
      0.0159793607747, 0.0340298995427, 0.0157835522057, 0.00115304896291, 
      0.0158653891447, 0.0090492049762, 0.00955746842655, 0.00622709612376, 
      0.00938905109974, 0.00404136947009, 0.00425079271419, 0.00347130369578, 
      0.00849322719584, 0.0107526255948, 0.00132046023133, 0.0016922451392, 
      0.00106530630905, 0.00130446062224, 0.0019680678417, 0.00414441901073, 
      0.00395088193268, 0.0182315273713, 0.00135414011457, 0.00494046371803, 
      0.00394640633369, 0.0060613908166, 0.00509880770957, 0.0109106452358, 
      0.00969959060365, 0.0159926383185, 0.00959333997972, 0.0165238766949, 
      0.00663802909275, 0.0563546512737, 0.00177820065775, 0.00163753939091, 
      0.00120377232681, 0.0026082038961, 0.00487364297231, 0.00927028024764, 
      0.00568336299875, 0.00130740937202, 0.0714626713993, 0.000604994296571, 
      0.00106770930917, 0.00468396638525, 0.00825107615814, 0.00231968507522, 
      0.00242773434621, 0.00191441716685, 0.0019262018874, 0.0149285869955, 
      0.00338165668241, 0.00159407490014, 0.00166519321861, 0.0062292029036, 
      0.00376175498135, 0.00469509414377, 0.00524508606407, 0.00145874859141, 
      0.0236720724191, 0.00589143396744, 0.000414263237175, 0.00245152692877, 
      0.0023718655271, 0.0190922336807, 0.00927586424873, 0.0126673048162, 
      0.0120168671481, 0.0196033250698, 0.00295509923136, 0.00319174829688, 
      0.0146145668121, 0.0366018740284, 0.0439284534166, 0.052577014936, 
      0.0542524999439, 0.0253619957311, 0.0723725984573, 0.121383383133, 
      0.117713203229, 0.0597080006736, 0.0495893101978, 0.0348010960884, 
      0.0633475515843, 0.0898752712113, 0.0913350015336, 0.106127778136, 
      0.0710654132142, 0.0702173933262, 0.0301809285452, 0.113282979366, 
      0.0426581844655, 0.0477408341363, 0.0856549351765, 0.157666756027, 
      0.168644954841, 0.142504390296, 0.14335068766, 0.00877871706562, 
      0.00860378797939, 0.00893260457992, 0.0714420340517, 0.0658089057264, 
      0.0483460714225, 0.0490064073603, 0.00156248425743, 0.00166782256778, 
      -5e-07, -5e-07, -5e-07, -5e-07, -5e-07, -5e-07, -5e-07, -5e-07, -5e-07, 
      -5e-07, -5e-07, -5e-07, -5e-07, -5e-07, -5e-07, -5e-07, -5e-07, -5e-07, 
      -5e-07, -5e-07, -5e-07, -5e-07, -5e-07, -5e-07, -5e-07, -5e-07, -5e-07, 
      -5e-07, -5e-07, -5e-07, -5e-07, -5e-07, -5e-07, -5e-07, -5e-07, -5e-07, 
      -5e-07, -5e-07, -5e-07, 0.000999194216205, 8.82184142992e-05, -5e-07, 
      -5e-07, -5e-07, -5e-07, -5e-07, -5e-07, -5e-07, -5e-07, -5e-07, -5e-07, 
      -5e-07, -5e-07, -5e-07, -5e-07, -5e-07, -5e-07, -5e-07, -5e-07, -5e-07, 
      -5e-07, -5e-07, -5e-07, -5e-07, -5e-07, -5e-07, -5e-07, -5e-07, -5e-07, 
      -5e-07, -5e-07, -5e-07, -5e-07, -5e-07, -5e-07, -5e-07, -5e-07, -5e-07, 
      -5e-07, -5e-07, -5e-07, -5e-07, -5e-07, -5e-07, -5e-07, -5e-07, -5e-07, 
      -5e-07, -5e-07, -5e-07, -5e-07, -5e-07, -5e-07, -5e-07, -5e-07, -5e-07, 
      -5e-07, -5e-07, 0.00481907266862, -5e-07, -5e-07, -5e-07, -5e-07, 
      -5e-07, -5e-07, -5e-07, -5e-07, 0.0321572798168, -5e-07, -5e-07, 
      -5e-07, -5e-07, -5e-07, -5e-07, -5e-07, -5e-07, -5e-07, -5e-07, -5e-07, 
      -5e-07, -5e-07, -5e-07, -5e-07, -5e-07, -5e-07, 0.00362390955409, 
      -5e-07, -5e-07, -5e-07, -5e-07, -5e-07, -5e-07, -5e-07, -5e-07, -5e-07, 
      0.00849113625069, -5e-07, -5e-07, -5e-07, -5e-07, -5e-07, -5e-07, 
      -5e-07, 0.0126398233283, -5e-07, -5e-07, -5e-07, -5e-07, -5e-07, 
      -5e-07, -5e-07, 0, 0, -5e-07, 0, 0, -5e-07, 0, 0, -5e-07, 0, 0, 0, 0, 
      0.0718457190065, 0, 0 ;

   LineRATEA = 160, 115, 119, 218, 122, 122, 85, 207, 114, 117, 97, 93, 215, 
      91, 118, 117, 117, 115, 178, 148, 178, 166, 117, 117, 118, 118, 100, 
      119, 138, 161, 138, 135, 148, 46, 82, 90, 124, 127, 120, 141, 98, 148, 
      94, 161, 98, 157, 157, 212, 166, 120, 119, 121, 132, 60, 124, 157, 119, 
      115, 169, 168, 162, 177, 60, 48, 121, 112, 121, 63, 59, 82, 160, 99, 
      130, 226, 149, 162, 152, 8, 123, 121, 87, 171, 174, 84, 244, 249, 440, 
      435, 453, 448, 448, 470, 370, 158, 344, 224, 429, 416, 331, 315, 326, 
      337, 306, 328, 441, 330, 412, 401, 393, 389, 173, 171, 180, 456, 461, 
      323, 322, 17, 17, 178, 322, 268, 82, 86, 58, 59, 63, 64, 34, 34, 55, 
      24, 28, 140, 65, 67, 82, 78, 98, 102, 56, 52, 71, 58, 64, 65, 60, 51, 
      54, 63, 62, 82, 76, 52, 62, 118, 127, 35, 155, 149, 158, 62, 21, 50, 
      49, 51, 48, 104, 106, 107, 75, 81, 82, 313, 327, 312, 79, 82, 46, 48, 
      58, 62, 83, 83, 46, 50, 66, 67, 40, 37, 32, 32, 49, 51, 51, 167, 181, 
      63, 64, 63, 60, 60, 64, 63, 68, 64, 60, 70, 56, 186, 137, 64, 64, 35, 
      36, 83, 82, 56, 202, 195, 297, 303, 166, 299, 303, 154, 304, 95, 385, 
      389, 399, 216, 88, 144, 81, 81, 364, 384, 401, 81, 79, 152, 87, 84, 
      109, 349, 342, 373, 385, 359, 373, 363, 389, 400, 181, 374, 359, 377, 
      95, 96, 96, 29, 28, 55, 52, 58, 50, 53, 56, 484, 106, 110, 576, 103, 
      102, 394, 54, 56, 327, 58, 58, 79, 71, 61, 79, 76 ;

   LineRatio = 0, 0, 0, 0, 0, 0, 0, 0, 0, 0, 0, 0, 0, 0, 0, 0, 0, 0, 0, 0, 0, 
      0, 0, 0, 0, 0, 0, 0, 0, 0, 0, 0, 0, 1, 0, 0, 0, 0, 0, 0, 0, 0, 0, 0, 0, 
      0, 0, 0, 0, 0, 0, 0, 0, 0.9877, 0, 0, 0, 0, 0, 0, 0, 0, 0, 0.975, 0, 0, 
      0, 0, 0, 0, 0, 0, 0, 0, 0, 1.04545454545, 0, 1.03147, 0, 0, 0, 0, 0, 0, 
      0, 0, 0, 0, 0, 0, 0, 0, 0, 1.0681, 0, 1.01131, 0, 0, 0, 0, 0, 0, 0, 0, 
      0, 0, 0, 0, 0, 0, 1.0681, 1.0681, 1.0681, 0, 0, 0, 0, 0, 0, 
      0.95652173913, 1.01449275362, 0.959595959596, 0.975, 0.975, 0.9875, 
      0.9875, 1.01154, 1.0116, 1.0454, 1.0454, 1, 0.976, 1, 1.0773, 1, 1, 
      0.9875, 0.975, 1.01362, 1.01362, 1.0125, 1.0125, 0.98636, 0.98636, 
      0.975, 0.975, 0.975, 1, 0.975, 0.9625, 0.9625, 0.9625, 0.9625, 1.02556, 
      1.02556, 1, 1, 1.0495, 1, 1, 1.04545, 0.964, 1, 1, 1, 1.01222, 1.01222, 
      1.0125, 1.0125, 1.0125, 0.97724, 0.97724, 0.97724, 0.97578, 0.97578, 
      0.97578, 1, 1, 1, 1, 1, 1, 0.93172, 0.93172, 1, 0.98778, 1, 1, 0.9625, 
      0.975, 1, 1, 0.975, 1, 1, 0.98818, 0.98818, 1.01278, 1.01278, 1.01278, 
      1.02306, 1.014, 1, 0.84152, 0.9885, 0.9661, 0.9661, 1, 1, 1, 1, 
      0.98722, 1, 1, 0.9887, 1, 1, 1.05042016807, 1.0375, 1.0375, 1.0909, 
      1.0909, 1.0909, 1.0136, 1.0136, 1, 0.936241924913, 1.0681, 1.0225, 
      1.0225, 0.9885, 0.9885, 1.04545454545, 1.02099090909, 1.04545454545, 
      1.04545454545, 1, 1, 1, 1.04545, 1.04545, 1.04345, 1.04545, 1.04545, 
      0.956525897939, 1.0909, 1.0909, 1.0909, 1, 1.0111, 1.0111, 1, 1.03393, 
      1.03393, 0.936241924913, 1.01133, 1.01132, 1.01132, 1.0454, 1.0454, 
      1.0454, 1, 1, 1.04545454545, 1.04545454545, 1.04545454545, 
      1.04545454545, 1.04545454545, 1.04545454545, 1.0105, 1, 1, 1.0105, 1, 
      1, 0.98778, 1, 1, 0.97556, 1, 1, 1, 1, 1.01245317404, 1, 1 ;

   LineShiftAngle = 0, 0, 0, 0, 0, 0, 0, 0, 0, 0, 0, 0, 0, 0, 0, 0, 0, 0, 0, 
      0, 0, 0, 0, 0, 0, 0, 0, 0, 0, 0, 0, 0, 0, 0, 0, 0, 0, 0, 0, 0, 0, 0, 0, 
      0, 0, 0, 0, 0, 0, 0, 0, 0, 0, 0, 0, 0, 0, 0, 0, 0, 0, 0, 0, 0, 0, 0, 0, 
      0, 0, 0, 0, 0, 0, 0, 0, 0, 0, 0, 0, 0, 0, 0, 0, 0, 0, 0, 0, 0, 0, 0, 0, 
      0, 0, 0, 0, 0, 0, 0, 0, 0, 0, 0, 0, 0, 0, 0, 0, 0, 0, 0, 0, 0, 0, 0, 0, 
      0, 0, 0, 0, 0, 0, 0, 0, 0, 0, 0, 0, 0, 0, 0, 0, 0, 0, 0, 0, 0, 0, 0, 0, 
      0, 0, 0, 0, 0, 0, 0, 0, 0, 0, 0, 0, 0, 0, 0, 0, 0, 0, 0, 0, 0, 0, 0, 0, 
      0, 0, 0, 0, 0, 0, 0, 0, 0, 0, 0, 0, 0, 0, 0, 0, 0, 0, 0, 0, 0, 0, 0, 0, 
      0, 0, 0, 0, 0, 0, 0, 0, 0, 0, 0, 0, 0, 0, 0, 0, 0, 0, 0, 0, 0, 0, 0, 0, 
      0, 0, 0, 0, 0, 0, 0, 0, 0, 0, 0, 0, 0, 0, 0, 0, 0, 0, 0, 0, 0, 0, 0, 0, 
      0, 0, 0, 0, 0, 0, 0, 0, 0, 0, 0, 0, 0, 0, 0, 0, 0, 0, 0, 0, 0, 0, 0, 0, 
      0, 0, 0, 0, 0, 0, 0, 0, 0, 0, 0, 0, 0, 0, 0, 0, 0, 0, 0, 0, 0, 0, 0, 0, 
      0, 0, 0 ;

   LineMinAngle = -30, -30, -30, -30, -30, -30, -30, -30, -30, -30, -30, -30, 
      -30, -30, -30, -30, -30, -30, -30, -30, -30, -30, -30, -30, -30, -30, 
      -30, -30, -30, -30, -30, -30, -30, -30, -30, -30, -30, -30, -30, -30, 
      -30, -30, -30, -30, -30, -30, -30, -30, -30, -30, -30, -30, -30, -30, 
      -30, -30, -30, -30, -30, -30, -30, -30, -30, -30, -30, -30, -30, -30, 
      -30, -30, -30, -30, -30, -30, -30, -30, -30, -30, -30, -30, -30, -30, 
      -30, -30, -30, -30, -30, -30, -30, -30, -30, -30, -30, -30, -30, -30, 
      -30, -30, -30, -30, -30, -30, -30, -30, -30, -30, -30, -30, -30, -30, 
      -30, -30, -30, -30, -30, -30, -30, -30, -30, -30, -30, -30, -30, -30, 
      -30, -30, -30, -30, -30, -30, -30, -30, -30, -30, -30, -30, -30, -30, 
      -30, -30, -30, -30, -30, -30, -30, -30, -30, -30, -30, -30, -30, -30, 
      -30, -30, -30, -30, -30, -30, -30, -30, -30, -30, -30, -30, -30, -30, 
      -30, -30, -30, -30, -30, -30, -30, -30, -30, -30, -30, -30, -30, -30, 
      -30, -30, -30, -30, -30, -30, -30, -30, -30, -30, -30, -30, -30, -30, 
      -30, -30, -30, -30, -30, -30, -30, -30, -30, -30, -30, -30, -30, -30, 
      -30, -30, -30, -30, -30, -30, -30, -30, -30, -30, -30, -30, -30, -30, 
      -30, -30, -30, -30, -30, -30, -30, -30, -30, -30, -30, -30, -30, -30, 
      -30, -30, -30, -30, -30, -30, -30, -30, -30, -30, -30, -30, -30, -30, 
      -30, -30, -30, -30, -30, -30, -30, -30, -30, -30, -30, -30, -30, -30, 
      -30, -30, -30, -30, -30, -30, -30, -30, -30, -30, -30, -30, -30, -30, 
      -30, -30, -30, -30, -30, -30, -30, -30 ;

   LineMaxAngle = 30, 30, 30, 30, 30, 30, 30, 30, 30, 30, 30, 30, 30, 30, 30, 
      30, 30, 30, 30, 30, 30, 30, 30, 30, 30, 30, 30, 30, 30, 30, 30, 30, 30, 
      30, 30, 30, 30, 30, 30, 30, 30, 30, 30, 30, 30, 30, 30, 30, 30, 30, 30, 
      30, 30, 30, 30, 30, 30, 30, 30, 30, 30, 30, 30, 30, 30, 30, 30, 30, 30, 
      30, 30, 30, 30, 30, 30, 30, 30, 30, 30, 30, 30, 30, 30, 30, 30, 30, 30, 
      30, 30, 30, 30, 30, 30, 30, 30, 30, 30, 30, 30, 30, 30, 30, 30, 30, 30, 
      30, 30, 30, 30, 30, 30, 30, 30, 30, 30, 30, 30, 30, 30, 30, 30, 30, 30, 
      30, 30, 30, 30, 30, 30, 30, 30, 30, 30, 30, 30, 30, 30, 30, 30, 30, 30, 
      30, 30, 30, 30, 30, 30, 30, 30, 30, 30, 30, 30, 30, 30, 30, 30, 30, 30, 
      30, 30, 30, 30, 30, 30, 30, 30, 30, 30, 30, 30, 30, 30, 30, 30, 30, 30, 
      30, 30, 30, 30, 30, 30, 30, 30, 30, 30, 30, 30, 30, 30, 30, 30, 30, 30, 
      30, 30, 30, 30, 30, 30, 30, 30, 30, 30, 30, 30, 30, 30, 30, 30, 30, 30, 
      30, 30, 30, 30, 30, 30, 30, 30, 30, 30, 30, 30, 30, 30, 30, 30, 30, 30, 
      30, 30, 30, 30, 30, 30, 30, 30, 30, 30, 30, 30, 30, 30, 30, 30, 30, 30, 
      30, 30, 30, 30, 30, 30, 30, 30, 30, 30, 30, 30, 30, 30, 30, 30, 30, 30, 
      30, 30, 30, 30, 30, 30, 30, 30, 30, 30, 30, 30, 30, 30, 30, 30, 30, 30, 30 ;

   MinPowerFlow = -10000, -10000, -10000, -10000, -10000, -10000, -10000, 
      -10000, -10000, -10000, -10000, -10000, -10000, -10000, -10000, -10000, 
      -10000, -10000, -10000, -10000, -10000, -10000, -10000, -10000, -10000, 
      -10000, -10000, -10000, -10000, -10000, -10000, -10000, -10000, -10000, 
      -10000, -10000, -10000, -10000, -10000, -10000, -10000, -10000, -10000, 
      -10000, -10000, -10000, -10000, -10000, -10000, -10000, -10000, -10000, 
      -10000, -10000, -10000, -10000, -10000, -10000, -10000, -10000, -10000, 
      -10000, -10000, -10000, -10000, -10000, -10000, -10000, -10000, -10000, 
      -10000, -10000, -10000, -10000, -10000, -10000, -10000, -10000, -10000, 
      -10000, -10000, -10000, -10000, -10000, -10000, -10000, -10000, -10000, 
      -10000, -10000, -10000, -10000, -10000, -10000, -10000, -10000, -10000, 
      -10000, -10000, -10000, -10000, -10000, -10000, -10000, -10000, -10000, 
      -10000, -10000, -10000, -10000, -10000, -10000, -10000, -10000, -10000, 
      -10000, -10000, -10000, -10000, -10000, -10000, -10000, -10000, -10000, 
      -10000, -10000, -10000, -10000, -10000, -10000, -10000, -10000, -10000, 
      -10000, -10000, -10000, -10000, -10000, -10000, -10000, -10000, -10000, 
      -10000, -10000, -10000, -10000, -10000, -10000, -10000, -10000, -10000, 
      -10000, -10000, -10000, -10000, -10000, -10000, -10000, -10000, -10000, 
      -10000, -10000, -10000, -10000, -10000, -10000, -10000, -10000, -10000, 
      -10000, -10000, -10000, -10000, -10000, -10000, -10000, -10000, -10000, 
      -10000, -10000, -10000, -10000, -10000, -10000, -10000, -10000, -10000, 
      -10000, -10000, -10000, -10000, -10000, -10000, -10000, -10000, -10000, 
      -10000, -10000, -10000, -10000, -10000, -10000, -10000, -10000, -10000, 
      -10000, -10000, -10000, -10000, -10000, -10000, -10000, -10000, -10000, 
      -10000, -10000, -10000, -10000, -10000, -10000, -10000, -10000, -10000, 
      -10000, -10000, -10000, -10000, -10000, -10000, -10000, -10000, -10000, 
      -10000, -10000, -10000, -10000, -10000, -10000, -10000, -10000, -10000, 
      -10000, -10000, -10000, -10000, -10000, -10000, -10000, -10000, -10000, 
      -10000, -10000, -10000, -10000, -10000, -10000, -10000, -10000, -10000, 
      -10000, -10000, -10000, -10000, -10000, -10000, -10000, -10000, -10000, 
      -10000, -10000, -10000, -10000, -10000, -10000, -10000, -10000, -10000, 
      -10000, -10000, -10000, -10000, -10000, -10000, -10000, -10000, -10000 ;

   MaxPowerFlow = 10000, 10000, 10000, 10000, 10000, 10000, 10000, 10000, 
      10000, 10000, 10000, 10000, 10000, 10000, 10000, 10000, 10000, 10000, 
      10000, 10000, 10000, 10000, 10000, 10000, 10000, 10000, 10000, 10000, 
      10000, 10000, 10000, 10000, 10000, 10000, 10000, 10000, 10000, 10000, 
      10000, 10000, 10000, 10000, 10000, 10000, 10000, 10000, 10000, 10000, 
      10000, 10000, 10000, 10000, 10000, 10000, 10000, 10000, 10000, 10000, 
      10000, 10000, 10000, 10000, 10000, 10000, 10000, 10000, 10000, 10000, 
      10000, 10000, 10000, 10000, 10000, 10000, 10000, 10000, 10000, 10000, 
      10000, 10000, 10000, 10000, 10000, 10000, 10000, 10000, 10000, 10000, 
      10000, 10000, 10000, 10000, 10000, 10000, 10000, 10000, 10000, 10000, 
      10000, 10000, 10000, 10000, 10000, 10000, 10000, 10000, 10000, 10000, 
      10000, 10000, 10000, 10000, 10000, 10000, 10000, 10000, 10000, 10000, 
      10000, 10000, 10000, 10000, 10000, 10000, 10000, 10000, 10000, 10000, 
      10000, 10000, 10000, 10000, 10000, 10000, 10000, 10000, 10000, 10000, 
      10000, 10000, 10000, 10000, 10000, 10000, 10000, 10000, 10000, 10000, 
      10000, 10000, 10000, 10000, 10000, 10000, 10000, 10000, 10000, 10000, 
      10000, 10000, 10000, 10000, 10000, 10000, 10000, 10000, 10000, 10000, 
      10000, 10000, 10000, 10000, 10000, 10000, 10000, 10000, 10000, 10000, 
      10000, 10000, 10000, 10000, 10000, 10000, 10000, 10000, 10000, 10000, 
      10000, 10000, 10000, 10000, 10000, 10000, 10000, 10000, 10000, 10000, 
      10000, 10000, 10000, 10000, 10000, 10000, 10000, 10000, 10000, 10000, 
      10000, 10000, 10000, 10000, 10000, 10000, 10000, 10000, 10000, 10000, 
      10000, 10000, 10000, 10000, 10000, 10000, 10000, 10000, 10000, 10000, 
      10000, 10000, 10000, 10000, 10000, 10000, 10000, 10000, 10000, 10000, 
      10000, 10000, 10000, 10000, 10000, 10000, 10000, 10000, 10000, 10000, 
      10000, 10000, 10000, 10000, 10000, 10000, 10000, 10000, 10000, 10000, 
      10000, 10000, 10000, 10000, 10000, 10000, 10000, 10000, 10000, 10000, 
      10000, 10000, 10000, 10000, 10000, 10000, 10000, 10000, 10000, 10000, 
      10000, 10000, 10000, 10000, 10000, 10000, 10000, 10000 ;

  group: UnitBlock_0 {
    dimensions:
    	NumberCostCoeffs = 3 ;
    variables:
    	double InitialPower ;
    	double InitialReactivePower ;
    	double MaxReactivePower(TimeHorizon) ;
    	double MinReactivePower(TimeHorizon) ;
    	double VoltageMagnitude(TimeHorizon) ;
    	double MaxPower(TimeHorizon) ;
    	double MinPower(TimeHorizon) ;
    	uint CostModel ;
    	double StartUpCost ;
    	double PowerCostCoeffs(NumberCostCoeffs) ;
    	double LinearTerm ;
    	double MinUpTime ;
    	double MinDownTime ;
    	double InitUpDownTime ;
    	double InertiaCommitment ;

    // group attributes:
    		:type = "ThermalUnitBlock" ;
    data:

     InitialPower = 75 ;

     InitialReactivePower = 10 ;

     MaxReactivePower = 110 ;

     MinReactivePower = -90 ;

     VoltageMagnitude = 1 ;

     MaxPower = 150 ;

     MinPower = 0 ;

     CostModel = 1 ;

     StartUpCost = 0 ;

     PowerCostCoeffs = 0, 0.001, 0 ;

     LinearTerm = 1 ;

     MinUpTime = 1 ;

     MinDownTime = 1 ;

     InitUpDownTime = 1 ;

     InertiaCommitment = 1 ;
    } // group UnitBlock_0

  group: UnitBlock_1 {
    dimensions:
    	NumberCostCoeffs = 3 ;
    variables:
    	double InitialPower ;
    	double InitialReactivePower ;
    	double MaxReactivePower(TimeHorizon) ;
    	double MinReactivePower(TimeHorizon) ;
    	double VoltageMagnitude(TimeHorizon) ;
    	double MaxPower(TimeHorizon) ;
    	double MinPower(TimeHorizon) ;
    	uint CostModel ;
    	double StartUpCost ;
    	double PowerCostCoeffs(NumberCostCoeffs) ;
    	double LinearTerm ;
    	double MinUpTime ;
    	double MinDownTime ;
    	double InitUpDownTime ;
    	double InertiaCommitment ;

    // group attributes:
    		:type = "ThermalUnitBlock" ;
    data:

     InitialPower = 75 ;

     InitialReactivePower = 5 ;

     MaxReactivePower = 120 ;

     MinReactivePower = -110 ;

     VoltageMagnitude = 1 ;

     MaxPower = 150 ;

     MinPower = 0 ;

     CostModel = 1 ;

     StartUpCost = 0 ;

     PowerCostCoeffs = 0, 0.001, 0 ;

     LinearTerm = 1 ;

     MinUpTime = 1 ;

     MinDownTime = 1 ;

     InitUpDownTime = 1 ;

     InertiaCommitment = 1 ;
    } // group UnitBlock_1

  group: UnitBlock_2 {
    dimensions:
    	NumberCostCoeffs = 3 ;
    variables:
    	double InitialPower ;
    	double InitialReactivePower ;
    	double MaxReactivePower(TimeHorizon) ;
    	double MinReactivePower(TimeHorizon) ;
    	double VoltageMagnitude(TimeHorizon) ;
    	double MaxPower(TimeHorizon) ;
    	double MinPower(TimeHorizon) ;
    	uint CostModel ;
    	double StartUpCost ;
    	double PowerCostCoeffs(NumberCostCoeffs) ;
    	double LinearTerm ;
    	double MinUpTime ;
    	double MinDownTime ;
    	double InitUpDownTime ;
    	double InertiaCommitment ;

    // group attributes:
    		:type = "ThermalUnitBlock" ;
    data:

     InitialPower = 50 ;

     InitialReactivePower = 10 ;

     MaxReactivePower = 60 ;

     MinReactivePower = -40 ;

     VoltageMagnitude = 1 ;

     MaxPower = 100 ;

     MinPower = 0 ;

     CostModel = 1 ;

     StartUpCost = 0 ;

     PowerCostCoeffs = 0, 0.001, 0 ;

     LinearTerm = 1 ;

     MinUpTime = 1 ;

     MinDownTime = 1 ;

     InitUpDownTime = 1 ;

     InertiaCommitment = 1 ;
    } // group UnitBlock_2

  group: UnitBlock_3 {
    dimensions:
    	NumberCostCoeffs = 3 ;
    variables:
    	double InitialPower ;
    	double InitialReactivePower ;
    	double MaxReactivePower(TimeHorizon) ;
    	double MinReactivePower(TimeHorizon) ;
    	double VoltageMagnitude(TimeHorizon) ;
    	double MaxPower(TimeHorizon) ;
    	double MinPower(TimeHorizon) ;
    	uint CostModel ;
    	double StartUpCost ;
    	double PowerCostCoeffs(NumberCostCoeffs) ;
    	double LinearTerm ;
    	double MinUpTime ;
    	double MinDownTime ;
    	double InitUpDownTime ;
    	double InertiaCommitment ;

    // group attributes:
    		:type = "ThermalUnitBlock" ;
    data:

     InitialPower = 30 ;

     InitialReactivePower = 0 ;

     MaxReactivePower = 20 ;

     MinReactivePower = -20 ;

     VoltageMagnitude = 1 ;

     MaxPower = 60 ;

     MinPower = 0 ;

     CostModel = 1 ;

     StartUpCost = 0 ;

     PowerCostCoeffs = 0, 0.001, 0 ;

     LinearTerm = 1 ;

     MinUpTime = 1 ;

     MinDownTime = 1 ;

     InitUpDownTime = 1 ;

     InertiaCommitment = 1 ;
    } // group UnitBlock_3

  group: UnitBlock_4 {
    dimensions:
    	NumberCostCoeffs = 3 ;
    variables:
    	double InitialPower ;
    	double InitialReactivePower ;
    	double MaxReactivePower(TimeHorizon) ;
    	double MinReactivePower(TimeHorizon) ;
    	double VoltageMagnitude(TimeHorizon) ;
    	double MaxPower(TimeHorizon) ;
    	double MinPower(TimeHorizon) ;
    	uint CostModel ;
    	double StartUpCost ;
    	double PowerCostCoeffs(NumberCostCoeffs) ;
    	double LinearTerm ;
    	double MinUpTime ;
    	double MinDownTime ;
    	double InitUpDownTime ;
    	double InertiaCommitment ;

    // group attributes:
    		:type = "ThermalUnitBlock" ;
    data:

     InitialPower = 65 ;

     InitialReactivePower = 5 ;

     MaxReactivePower = 90 ;

     MinReactivePower = -80 ;

     VoltageMagnitude = 1 ;

     MaxPower = 130 ;

     MinPower = 0 ;

     CostModel = 1 ;

     StartUpCost = 0 ;

     PowerCostCoeffs = 0, 0.001, 0 ;

     LinearTerm = 1 ;

     MinUpTime = 1 ;

     MinDownTime = 1 ;

     InitUpDownTime = 1 ;

     InertiaCommitment = 1 ;
    } // group UnitBlock_4

  group: UnitBlock_5 {
    dimensions:
    	NumberCostCoeffs = 3 ;
    variables:
    	double InitialPower ;
    	double InitialReactivePower ;
    	double MaxReactivePower(TimeHorizon) ;
    	double MinReactivePower(TimeHorizon) ;
    	double VoltageMagnitude(TimeHorizon) ;
    	double MaxPower(TimeHorizon) ;
    	double MinPower(TimeHorizon) ;
    	uint CostModel ;
    	double StartUpCost ;
    	double PowerCostCoeffs(NumberCostCoeffs) ;
    	double LinearTerm ;
    	double MinUpTime ;
    	double MinDownTime ;
    	double InitUpDownTime ;
    	double InertiaCommitment ;

    // group attributes:
    		:type = "ThermalUnitBlock" ;
    data:

     InitialPower = 20 ;

     InitialReactivePower = 0 ;

     MaxReactivePower = 20 ;

     MinReactivePower = -20 ;

     VoltageMagnitude = 1 ;

     MaxPower = 40 ;

     MinPower = 0 ;

     CostModel = 1 ;

     StartUpCost = 0 ;

     PowerCostCoeffs = 0, 0.001, 0 ;

     LinearTerm = 1 ;

     MinUpTime = 1 ;

     MinDownTime = 1 ;

     InitUpDownTime = 1 ;

     InertiaCommitment = 1 ;
    } // group UnitBlock_5

  group: UnitBlock_6 {
    dimensions:
    	NumberCostCoeffs = 3 ;
    variables:
    	double InitialPower ;
    	double InitialReactivePower ;
    	double MaxReactivePower(TimeHorizon) ;
    	double MinReactivePower(TimeHorizon) ;
    	double VoltageMagnitude(TimeHorizon) ;
    	double MaxPower(TimeHorizon) ;
    	double MinPower(TimeHorizon) ;
    	uint CostModel ;
    	double StartUpCost ;
    	double PowerCostCoeffs(NumberCostCoeffs) ;
    	double LinearTerm ;
    	double MinUpTime ;
    	double MinDownTime ;
    	double InitUpDownTime ;
    	double InertiaCommitment ;

    // group attributes:
    		:type = "ThermalUnitBlock" ;
    data:

     InitialPower = 40 ;

     InitialReactivePower = 10 ;

     MaxReactivePower = 50 ;

     MinReactivePower = -30 ;

     VoltageMagnitude = 1 ;

     MaxPower = 80 ;

     MinPower = 0 ;

     CostModel = 1 ;

     StartUpCost = 0 ;

     PowerCostCoeffs = 0, 0.001, 0 ;

     LinearTerm = 1 ;

     MinUpTime = 1 ;

     MinDownTime = 1 ;

     InitUpDownTime = 1 ;

     InertiaCommitment = 1 ;
    } // group UnitBlock_6

  group: UnitBlock_7 {
    dimensions:
    	NumberCostCoeffs = 3 ;
    variables:
    	double InitialPower ;
    	double InitialReactivePower ;
    	double MaxReactivePower(TimeHorizon) ;
    	double MinReactivePower(TimeHorizon) ;
    	double VoltageMagnitude(TimeHorizon) ;
    	double MaxPower(TimeHorizon) ;
    	double MinPower(TimeHorizon) ;
    	uint CostModel ;
    	double StartUpCost ;
    	double PowerCostCoeffs(NumberCostCoeffs) ;
    	double LinearTerm ;
    	double MinUpTime ;
    	double MinDownTime ;
    	double InitUpDownTime ;
    	double InertiaCommitment ;

    // group attributes:
    		:type = "ThermalUnitBlock" ;
    data:

     InitialPower = 100 ;

     InitialReactivePower = 40 ;

     MaxReactivePower = 120 ;

     MinReactivePower = -40 ;

     VoltageMagnitude = 1 ;

     MaxPower = 200 ;

     MinPower = 0 ;

     CostModel = 1 ;

     StartUpCost = 100 ;

     PowerCostCoeffs = 0, 12.021005, 0 ;

     LinearTerm = 1 ;

     MinUpTime = 1 ;

     MinDownTime = 1 ;

     InitUpDownTime = 1 ;

     InertiaCommitment = 1 ;
    } // group UnitBlock_7

  group: UnitBlock_8 {
    dimensions:
    	NumberCostCoeffs = 3 ;
    variables:
    	double InitialPower ;
    	double InitialReactivePower ;
    	double MaxReactivePower(TimeHorizon) ;
    	double MinReactivePower(TimeHorizon) ;
    	double VoltageMagnitude(TimeHorizon) ;
    	double MaxPower(TimeHorizon) ;
    	double MinPower(TimeHorizon) ;
    	uint CostModel ;
    	double StartUpCost ;
    	double PowerCostCoeffs(NumberCostCoeffs) ;
    	double LinearTerm ;
    	double MinUpTime ;
    	double MinDownTime ;
    	double InitUpDownTime ;
    	double InertiaCommitment ;

    // group attributes:
    		:type = "ThermalUnitBlock" ;
    data:

     InitialPower = 50 ;

     InitialReactivePower = 25 ;

     MaxReactivePower = 70 ;

     MinReactivePower = -20 ;

     VoltageMagnitude = 1 ;

     MaxPower = 100 ;

     MinPower = 0 ;

     CostModel = 1 ;

     StartUpCost = 0 ;

     PowerCostCoeffs = 0, 0.001, 0 ;

     LinearTerm = 1 ;

     MinUpTime = 1 ;

     MinDownTime = 1 ;

     InitUpDownTime = 1 ;

     InertiaCommitment = 1 ;
    } // group UnitBlock_8

  group: UnitBlock_9 {
    dimensions:
    	NumberCostCoeffs = 3 ;
    variables:
    	double InitialPower ;
    	double InitialReactivePower ;
    	double MaxReactivePower(TimeHorizon) ;
    	double MinReactivePower(TimeHorizon) ;
    	double VoltageMagnitude(TimeHorizon) ;
    	double MaxPower(TimeHorizon) ;
    	double MinPower(TimeHorizon) ;
    	uint CostModel ;
    	double StartUpCost ;
    	double PowerCostCoeffs(NumberCostCoeffs) ;
    	double LinearTerm ;
    	double MinUpTime ;
    	double MinDownTime ;
    	double InitUpDownTime ;
    	double InertiaCommitment ;

    // group attributes:
    		:type = "ThermalUnitBlock" ;
    data:

     InitialPower = 10 ;

     InitialReactivePower = 5 ;

     MaxReactivePower = 20 ;

     MinReactivePower = -10 ;

     VoltageMagnitude = 1 ;

     MaxPower = 20 ;

     MinPower = 0 ;

     CostModel = 1 ;

     StartUpCost = 0 ;

     PowerCostCoeffs = 0, 0.001, 0 ;

     LinearTerm = 1 ;

     MinUpTime = 1 ;

     MinDownTime = 1 ;

     InitUpDownTime = 1 ;

     InertiaCommitment = 1 ;
    } // group UnitBlock_9

  group: UnitBlock_10 {
    dimensions:
    	NumberCostCoeffs = 3 ;
    variables:
    	double InitialPower ;
    	double InitialReactivePower ;
    	double MaxReactivePower(TimeHorizon) ;
    	double MinReactivePower(TimeHorizon) ;
    	double VoltageMagnitude(TimeHorizon) ;
    	double MaxPower(TimeHorizon) ;
    	double MinPower(TimeHorizon) ;
    	uint CostModel ;
    	double StartUpCost ;
    	double PowerCostCoeffs(NumberCostCoeffs) ;
    	double LinearTerm ;
    	double MinUpTime ;
    	double MinDownTime ;
    	double InitUpDownTime ;
    	double InertiaCommitment ;

    // group attributes:
    		:type = "ThermalUnitBlock" ;
    data:

     InitialPower = 25 ;

     InitialReactivePower = 0 ;

     MaxReactivePower = 20 ;

     MinReactivePower = -20 ;

     VoltageMagnitude = 1 ;

     MaxPower = 50 ;

     MinPower = 0 ;

     CostModel = 1 ;

     StartUpCost = 0 ;

     PowerCostCoeffs = 0, 0.001, 0 ;

     LinearTerm = 1 ;

     MinUpTime = 1 ;

     MinDownTime = 1 ;

     InitUpDownTime = 1 ;

     InertiaCommitment = 1 ;
    } // group UnitBlock_10

  group: UnitBlock_11 {
    dimensions:
    	NumberCostCoeffs = 3 ;
    variables:
    	double InitialPower ;
    	double InitialReactivePower ;
    	double MaxReactivePower(TimeHorizon) ;
    	double MinReactivePower(TimeHorizon) ;
    	double VoltageMagnitude(TimeHorizon) ;
    	double MaxPower(TimeHorizon) ;
    	double MinPower(TimeHorizon) ;
    	uint CostModel ;
    	double StartUpCost ;
    	double PowerCostCoeffs(NumberCostCoeffs) ;
    	double LinearTerm ;
    	double MinUpTime ;
    	double MinDownTime ;
    	double InitUpDownTime ;
    	double InertiaCommitment ;

    // group attributes:
    		:type = "ThermalUnitBlock" ;
    data:

     InitialPower = 25 ;

     InitialReactivePower = 0 ;

     MaxReactivePower = 20 ;

     MinReactivePower = -20 ;

     VoltageMagnitude = 1 ;

     MaxPower = 50 ;

     MinPower = 0 ;

     CostModel = 1 ;

     StartUpCost = 0 ;

     PowerCostCoeffs = 0, 0.001, 0 ;

     LinearTerm = 1 ;

     MinUpTime = 1 ;

     MinDownTime = 1 ;

     InitUpDownTime = 1 ;

     InertiaCommitment = 1 ;
    } // group UnitBlock_11

  group: UnitBlock_12 {
    dimensions:
    	NumberCostCoeffs = 3 ;
    variables:
    	double InitialPower ;
    	double InitialReactivePower ;
    	double MaxReactivePower(TimeHorizon) ;
    	double MinReactivePower(TimeHorizon) ;
    	double VoltageMagnitude(TimeHorizon) ;
    	double MaxPower(TimeHorizon) ;
    	double MinPower(TimeHorizon) ;
    	uint CostModel ;
    	double StartUpCost ;
    	double PowerCostCoeffs(NumberCostCoeffs) ;
    	double LinearTerm ;
    	double MinUpTime ;
    	double MinDownTime ;
    	double InitUpDownTime ;
    	double InertiaCommitment ;

    // group attributes:
    		:type = "ThermalUnitBlock" ;
    data:

     InitialPower = 20 ;

     InitialReactivePower = 5 ;

     MaxReactivePower = 20 ;

     MinReactivePower = -10 ;

     VoltageMagnitude = 1 ;

     MaxPower = 40 ;

     MinPower = 0 ;

     CostModel = 1 ;

     StartUpCost = 0 ;

     PowerCostCoeffs = 0, 0.001, 0 ;

     LinearTerm = 1 ;

     MinUpTime = 1 ;

     MinDownTime = 1 ;

     InitUpDownTime = 1 ;

     InertiaCommitment = 1 ;
    } // group UnitBlock_12

  group: UnitBlock_13 {
    dimensions:
    	NumberCostCoeffs = 3 ;
    variables:
    	double InitialPower ;
    	double InitialReactivePower ;
    	double MaxReactivePower(TimeHorizon) ;
    	double MinReactivePower(TimeHorizon) ;
    	double VoltageMagnitude(TimeHorizon) ;
    	double MaxPower(TimeHorizon) ;
    	double MinPower(TimeHorizon) ;
    	uint CostModel ;
    	double StartUpCost ;
    	double PowerCostCoeffs(NumberCostCoeffs) ;
    	double LinearTerm ;
    	double MinUpTime ;
    	double MinDownTime ;
    	double InitUpDownTime ;
    	double InertiaCommitment ;

    // group attributes:
    		:type = "ThermalUnitBlock" ;
    data:

     InitialPower = 20 ;

     InitialReactivePower = 5 ;

     MaxReactivePower = 20 ;

     MinReactivePower = -10 ;

     VoltageMagnitude = 1 ;

     MaxPower = 40 ;

     MinPower = 0 ;

     CostModel = 1 ;

     StartUpCost = 0 ;

     PowerCostCoeffs = 0, 0.001, 0 ;

     LinearTerm = 1 ;

     MinUpTime = 1 ;

     MinDownTime = 1 ;

     InitUpDownTime = 1 ;

     InertiaCommitment = 1 ;
    } // group UnitBlock_13

  group: UnitBlock_14 {
    dimensions:
    	NumberCostCoeffs = 3 ;
    variables:
    	double InitialPower ;
    	double InitialReactivePower ;
    	double MaxReactivePower(TimeHorizon) ;
    	double MinReactivePower(TimeHorizon) ;
    	double VoltageMagnitude(TimeHorizon) ;
    	double MaxPower(TimeHorizon) ;
    	double MinPower(TimeHorizon) ;
    	uint CostModel ;
    	double StartUpCost ;
    	double PowerCostCoeffs(NumberCostCoeffs) ;
    	double LinearTerm ;
    	double MinUpTime ;
    	double MinDownTime ;
    	double InitUpDownTime ;
    	double InertiaCommitment ;

    // group attributes:
    		:type = "ThermalUnitBlock" ;
    data:

     InitialPower = 20 ;

     InitialReactivePower = 5 ;

     MaxReactivePower = 20 ;

     MinReactivePower = -10 ;

     VoltageMagnitude = 1 ;

     MaxPower = 40 ;

     MinPower = 0 ;

     CostModel = 1 ;

     StartUpCost = 0 ;

     PowerCostCoeffs = 0, 0.001, 0 ;

     LinearTerm = 1 ;

     MinUpTime = 1 ;

     MinDownTime = 1 ;

     InitUpDownTime = 1 ;

     InertiaCommitment = 1 ;
    } // group UnitBlock_14

  group: UnitBlock_15 {
    dimensions:
    	NumberCostCoeffs = 3 ;
    variables:
    	double InitialPower ;
    	double InitialReactivePower ;
    	double MaxReactivePower(TimeHorizon) ;
    	double MinReactivePower(TimeHorizon) ;
    	double VoltageMagnitude(TimeHorizon) ;
    	double MaxPower(TimeHorizon) ;
    	double MinPower(TimeHorizon) ;
    	uint CostModel ;
    	double StartUpCost ;
    	double PowerCostCoeffs(NumberCostCoeffs) ;
    	double LinearTerm ;
    	double MinUpTime ;
    	double MinDownTime ;
    	double InitUpDownTime ;
    	double InertiaCommitment ;

    // group attributes:
    		:type = "ThermalUnitBlock" ;
    data:

     InitialPower = 20 ;

     InitialReactivePower = 10 ;

     MaxReactivePower = 30 ;

     MinReactivePower = -10 ;

     VoltageMagnitude = 1 ;

     MaxPower = 40 ;

     MinPower = 0 ;

     CostModel = 1 ;

     StartUpCost = 0 ;

     PowerCostCoeffs = 0, 0.001, 0 ;

     LinearTerm = 1 ;

     MinUpTime = 1 ;

     MinDownTime = 1 ;

     InitUpDownTime = 1 ;

     InertiaCommitment = 1 ;
    } // group UnitBlock_15

  group: UnitBlock_16 {
    dimensions:
    	NumberCostCoeffs = 3 ;
    variables:
    	double InitialPower ;
    	double InitialReactivePower ;
    	double MaxReactivePower(TimeHorizon) ;
    	double MinReactivePower(TimeHorizon) ;
    	double VoltageMagnitude(TimeHorizon) ;
    	double MaxPower(TimeHorizon) ;
    	double MinPower(TimeHorizon) ;
    	uint CostModel ;
    	double StartUpCost ;
    	double PowerCostCoeffs(NumberCostCoeffs) ;
    	double LinearTerm ;
    	double MinUpTime ;
    	double MinDownTime ;
    	double InitUpDownTime ;
    	double InertiaCommitment ;

    // group attributes:
    		:type = "ThermalUnitBlock" ;
    data:

     InitialPower = 30 ;

     InitialReactivePower = 10 ;

     MaxReactivePower = 40 ;

     MinReactivePower = -20 ;

     VoltageMagnitude = 1 ;

     MaxPower = 60 ;

     MinPower = 0 ;

     CostModel = 1 ;

     StartUpCost = 0 ;

     PowerCostCoeffs = 0, 0.001, 0 ;

     LinearTerm = 1 ;

     MinUpTime = 1 ;

     MinDownTime = 1 ;

     InitUpDownTime = 1 ;

     InertiaCommitment = 1 ;
    } // group UnitBlock_16

  group: UnitBlock_17 {
    dimensions:
    	NumberCostCoeffs = 3 ;
    variables:
    	double InitialPower ;
    	double InitialReactivePower ;
    	double MaxReactivePower(TimeHorizon) ;
    	double MinReactivePower(TimeHorizon) ;
    	double VoltageMagnitude(TimeHorizon) ;
    	double MaxPower(TimeHorizon) ;
    	double MinPower(TimeHorizon) ;
    	uint CostModel ;
    	double StartUpCost ;
    	double PowerCostCoeffs(NumberCostCoeffs) ;
    	double LinearTerm ;
    	double MinUpTime ;
    	double MinDownTime ;
    	double InitUpDownTime ;
    	double InertiaCommitment ;

    // group attributes:
    		:type = "ThermalUnitBlock" ;
    data:

     InitialPower = 85 ;

     InitialReactivePower = 10 ;

     MaxReactivePower = 70 ;

     MinReactivePower = -50 ;

     VoltageMagnitude = 1 ;

     MaxPower = 170 ;

     MinPower = 0 ;

     CostModel = 1 ;

     StartUpCost = 0 ;

     PowerCostCoeffs = 0, 0.001, 0 ;

     LinearTerm = 1 ;

     MinUpTime = 1 ;

     MinDownTime = 1 ;

     InitUpDownTime = 1 ;

     InertiaCommitment = 1 ;
    } // group UnitBlock_17

  group: UnitBlock_18 {
    dimensions:
    	NumberCostCoeffs = 3 ;
    variables:
    	double InitialPower ;
    	double InitialReactivePower ;
    	double MaxReactivePower(TimeHorizon) ;
    	double MinReactivePower(TimeHorizon) ;
    	double VoltageMagnitude(TimeHorizon) ;
    	double MaxPower(TimeHorizon) ;
    	double MinPower(TimeHorizon) ;
    	uint CostModel ;
    	double StartUpCost ;
    	double PowerCostCoeffs(NumberCostCoeffs) ;
    	double LinearTerm ;
    	double MinUpTime ;
    	double MinDownTime ;
    	double InitUpDownTime ;
    	double InertiaCommitment ;

    // group attributes:
    		:type = "ThermalUnitBlock" ;
    data:

     InitialPower = 90 ;

     InitialReactivePower = 5 ;

     MaxReactivePower = 80 ;

     MinReactivePower = -70 ;

     VoltageMagnitude = 1 ;

     MaxPower = 180 ;

     MinPower = 0 ;

     CostModel = 1 ;

     StartUpCost = 0 ;

     PowerCostCoeffs = 0, 0.001, 0 ;

     LinearTerm = 1 ;

     MinUpTime = 1 ;

     MinDownTime = 1 ;

     InitUpDownTime = 1 ;

     InertiaCommitment = 1 ;
    } // group UnitBlock_18

  group: UnitBlock_19 {
    dimensions:
    	NumberCostCoeffs = 3 ;
    variables:
    	double InitialPower ;
    	double InitialReactivePower ;
    	double MaxReactivePower(TimeHorizon) ;
    	double MinReactivePower(TimeHorizon) ;
    	double VoltageMagnitude(TimeHorizon) ;
    	double MaxPower(TimeHorizon) ;
    	double MinPower(TimeHorizon) ;
    	uint CostModel ;
    	double StartUpCost ;
    	double PowerCostCoeffs(NumberCostCoeffs) ;
    	double LinearTerm ;
    	double MinUpTime ;
    	double MinDownTime ;
    	double InitUpDownTime ;
    	double InertiaCommitment ;

    // group attributes:
    		:type = "ThermalUnitBlock" ;
    data:

     InitialPower = 85 ;

     InitialReactivePower = 10 ;

     MaxReactivePower = 80 ;

     MinReactivePower = -60 ;

     VoltageMagnitude = 1 ;

     MaxPower = 170 ;

     MinPower = 0 ;

     CostModel = 1 ;

     StartUpCost = 0 ;

     PowerCostCoeffs = 0, 0.001, 0 ;

     LinearTerm = 1 ;

     MinUpTime = 1 ;

     MinDownTime = 1 ;

     InitUpDownTime = 1 ;

     InertiaCommitment = 1 ;
    } // group UnitBlock_19

  group: UnitBlock_20 {
    dimensions:
    	NumberCostCoeffs = 3 ;
    variables:
    	double InitialPower ;
    	double InitialReactivePower ;
    	double MaxReactivePower(TimeHorizon) ;
    	double MinReactivePower(TimeHorizon) ;
    	double VoltageMagnitude(TimeHorizon) ;
    	double MaxPower(TimeHorizon) ;
    	double MinPower(TimeHorizon) ;
    	uint CostModel ;
    	double StartUpCost ;
    	double PowerCostCoeffs(NumberCostCoeffs) ;
    	double LinearTerm ;
    	double MinUpTime ;
    	double MinDownTime ;
    	double InitUpDownTime ;
    	double InertiaCommitment ;

    // group attributes:
    		:type = "ThermalUnitBlock" ;
    data:

     InitialPower = 20 ;

     InitialReactivePower = 5 ;

     MaxReactivePower = 40 ;

     MinReactivePower = -30 ;

     VoltageMagnitude = 1 ;

     MaxPower = 40 ;

     MinPower = 0 ;

     CostModel = 1 ;

     StartUpCost = 0 ;

     PowerCostCoeffs = 0, 0.001, 0 ;

     LinearTerm = 1 ;

     MinUpTime = 1 ;

     MinDownTime = 1 ;

     InitUpDownTime = 1 ;

     InertiaCommitment = 1 ;
    } // group UnitBlock_20

  group: UnitBlock_21 {
    dimensions:
    	NumberCostCoeffs = 3 ;
    variables:
    	double InitialPower ;
    	double InitialReactivePower ;
    	double MaxReactivePower(TimeHorizon) ;
    	double MinReactivePower(TimeHorizon) ;
    	double VoltageMagnitude(TimeHorizon) ;
    	double MaxPower(TimeHorizon) ;
    	double MinPower(TimeHorizon) ;
    	uint CostModel ;
    	double StartUpCost ;
    	double PowerCostCoeffs(NumberCostCoeffs) ;
    	double LinearTerm ;
    	double MinUpTime ;
    	double MinDownTime ;
    	double InitUpDownTime ;
    	double InertiaCommitment ;

    // group attributes:
    		:type = "ThermalUnitBlock" ;
    data:

     InitialPower = 20 ;

     InitialReactivePower = 5 ;

     MaxReactivePower = 20 ;

     MinReactivePower = -10 ;

     VoltageMagnitude = 1 ;

     MaxPower = 40 ;

     MinPower = 0 ;

     CostModel = 1 ;

     StartUpCost = 100 ;

     PowerCostCoeffs = 0, 12.021005, 0 ;

     LinearTerm = 1 ;

     MinUpTime = 1 ;

     MinDownTime = 1 ;

     InitUpDownTime = 1 ;

     InertiaCommitment = 1 ;
    } // group UnitBlock_21

  group: UnitBlock_22 {
    dimensions:
    	NumberCostCoeffs = 3 ;
    variables:
    	double InitialPower ;
    	double InitialReactivePower ;
    	double MaxReactivePower(TimeHorizon) ;
    	double MinReactivePower(TimeHorizon) ;
    	double VoltageMagnitude(TimeHorizon) ;
    	double MaxPower(TimeHorizon) ;
    	double MinPower(TimeHorizon) ;
    	uint CostModel ;
    	double StartUpCost ;
    	double PowerCostCoeffs(NumberCostCoeffs) ;
    	double LinearTerm ;
    	double MinUpTime ;
    	double MinDownTime ;
    	double InitUpDownTime ;
    	double InertiaCommitment ;

    // group attributes:
    		:type = "ThermalUnitBlock" ;
    data:

     InitialPower = 35 ;

     InitialReactivePower = 10 ;

     MaxReactivePower = 70 ;

     MinReactivePower = -50 ;

     VoltageMagnitude = 1 ;

     MaxPower = 70 ;

     MinPower = 0 ;

     CostModel = 1 ;

     StartUpCost = 0 ;

     PowerCostCoeffs = 0, 0.001, 0 ;

     LinearTerm = 1 ;

     MinUpTime = 1 ;

     MinDownTime = 1 ;

     InitUpDownTime = 1 ;

     InertiaCommitment = 1 ;
    } // group UnitBlock_22

  group: UnitBlock_23 {
    dimensions:
    	NumberCostCoeffs = 3 ;
    variables:
    	double InitialPower ;
    	double InitialReactivePower ;
    	double MaxReactivePower(TimeHorizon) ;
    	double MinReactivePower(TimeHorizon) ;
    	double VoltageMagnitude(TimeHorizon) ;
    	double MaxPower(TimeHorizon) ;
    	double MinPower(TimeHorizon) ;
    	uint CostModel ;
    	double StartUpCost ;
    	double PowerCostCoeffs(NumberCostCoeffs) ;
    	double LinearTerm ;
    	double MinUpTime ;
    	double MinDownTime ;
    	double InitUpDownTime ;
    	double InertiaCommitment ;

    // group attributes:
    		:type = "ThermalUnitBlock" ;
    data:

     InitialPower = 35 ;

     InitialReactivePower = 15 ;

     MaxReactivePower = 70 ;

     MinReactivePower = -40 ;

     VoltageMagnitude = 1 ;

     MaxPower = 70 ;

     MinPower = 0 ;

     CostModel = 1 ;

     StartUpCost = 0 ;

     PowerCostCoeffs = 0, 0.001, 0 ;

     LinearTerm = 1 ;

     MinUpTime = 1 ;

     MinDownTime = 1 ;

     InitUpDownTime = 1 ;

     InertiaCommitment = 1 ;
    } // group UnitBlock_23

  group: UnitBlock_24 {
    dimensions:
    	NumberCostCoeffs = 3 ;
    variables:
    	double InitialPower ;
    	double InitialReactivePower ;
    	double MaxReactivePower(TimeHorizon) ;
    	double MinReactivePower(TimeHorizon) ;
    	double VoltageMagnitude(TimeHorizon) ;
    	double MaxPower(TimeHorizon) ;
    	double MinPower(TimeHorizon) ;
    	uint CostModel ;
    	double StartUpCost ;
    	double PowerCostCoeffs(NumberCostCoeffs) ;
    	double LinearTerm ;
    	double MinUpTime ;
    	double MinDownTime ;
    	double InitUpDownTime ;
    	double InertiaCommitment ;

    // group attributes:
    		:type = "ThermalUnitBlock" ;
    data:

     InitialPower = 35 ;

     InitialReactivePower = 15 ;

     MaxReactivePower = 70 ;

     MinReactivePower = -40 ;

     VoltageMagnitude = 1 ;

     MaxPower = 70 ;

     MinPower = 0 ;

     CostModel = 1 ;

     StartUpCost = 0 ;

     PowerCostCoeffs = 0, 0.001, 0 ;

     LinearTerm = 1 ;

     MinUpTime = 1 ;

     MinDownTime = 1 ;

     InitUpDownTime = 1 ;

     InertiaCommitment = 1 ;
    } // group UnitBlock_24

  group: UnitBlock_25 {
    dimensions:
    	NumberCostCoeffs = 3 ;
    variables:
    	double InitialPower ;
    	double InitialReactivePower ;
    	double MaxReactivePower(TimeHorizon) ;
    	double MinReactivePower(TimeHorizon) ;
    	double VoltageMagnitude(TimeHorizon) ;
    	double MaxPower(TimeHorizon) ;
    	double MinPower(TimeHorizon) ;
    	uint CostModel ;
    	double StartUpCost ;
    	double PowerCostCoeffs(NumberCostCoeffs) ;
    	double LinearTerm ;
    	double MinUpTime ;
    	double MinDownTime ;
    	double InitUpDownTime ;
    	double InertiaCommitment ;

    // group attributes:
    		:type = "ThermalUnitBlock" ;
    data:

     InitialPower = 35 ;

     InitialReactivePower = 15 ;

     MaxReactivePower = 70 ;

     MinReactivePower = -40 ;

     VoltageMagnitude = 1 ;

     MaxPower = 70 ;

     MinPower = 0 ;

     CostModel = 1 ;

     StartUpCost = 0 ;

     PowerCostCoeffs = 0, 0.001, 0 ;

     LinearTerm = 1 ;

     MinUpTime = 1 ;

     MinDownTime = 1 ;

     InitUpDownTime = 1 ;

     InertiaCommitment = 1 ;
    } // group UnitBlock_25

  group: UnitBlock_26 {
    dimensions:
    	NumberCostCoeffs = 3 ;
    variables:
    	double InitialPower ;
    	double InitialReactivePower ;
    	double MaxReactivePower(TimeHorizon) ;
    	double MinReactivePower(TimeHorizon) ;
    	double VoltageMagnitude(TimeHorizon) ;
    	double MaxPower(TimeHorizon) ;
    	double MinPower(TimeHorizon) ;
    	uint CostModel ;
    	double StartUpCost ;
    	double PowerCostCoeffs(NumberCostCoeffs) ;
    	double LinearTerm ;
    	double MinUpTime ;
    	double MinDownTime ;
    	double InitUpDownTime ;
    	double InertiaCommitment ;

    // group attributes:
    		:type = "ThermalUnitBlock" ;
    data:

     InitialPower = 45 ;

     InitialReactivePower = -5 ;

     MaxReactivePower = 10 ;

     MinReactivePower = -20 ;

     VoltageMagnitude = 1 ;

     MaxPower = 90 ;

     MinPower = 0 ;

     CostModel = 1 ;

     StartUpCost = 0 ;

     PowerCostCoeffs = 0, 0.001, 0 ;

     LinearTerm = 1 ;

     MinUpTime = 1 ;

     MinDownTime = 1 ;

     InitUpDownTime = 1 ;

     InertiaCommitment = 1 ;
    } // group UnitBlock_26

  group: UnitBlock_27 {
    dimensions:
    	NumberCostCoeffs = 3 ;
    variables:
    	double InitialPower ;
    	double InitialReactivePower ;
    	double MaxReactivePower(TimeHorizon) ;
    	double MinReactivePower(TimeHorizon) ;
    	double VoltageMagnitude(TimeHorizon) ;
    	double MaxPower(TimeHorizon) ;
    	double MinPower(TimeHorizon) ;
    	uint CostModel ;
    	double StartUpCost ;
    	double PowerCostCoeffs(NumberCostCoeffs) ;
    	double LinearTerm ;
    	double MinUpTime ;
    	double MinDownTime ;
    	double InitUpDownTime ;
    	double InertiaCommitment ;

    // group attributes:
    		:type = "ThermalUnitBlock" ;
    data:

     InitialPower = 35 ;

     InitialReactivePower = 5 ;

     MaxReactivePower = 30 ;

     MinReactivePower = -20 ;

     VoltageMagnitude = 1 ;

     MaxPower = 70 ;

     MinPower = 0 ;

     CostModel = 1 ;

     StartUpCost = 0 ;

     PowerCostCoeffs = 0, 0.001, 0 ;

     LinearTerm = 1 ;

     MinUpTime = 1 ;

     MinDownTime = 1 ;

     InitUpDownTime = 1 ;

     InertiaCommitment = 1 ;
    } // group UnitBlock_27

  group: UnitBlock_28 {
    dimensions:
    	NumberCostCoeffs = 3 ;
    variables:
    	double InitialPower ;
    	double InitialReactivePower ;
    	double MaxReactivePower(TimeHorizon) ;
    	double MinReactivePower(TimeHorizon) ;
    	double VoltageMagnitude(TimeHorizon) ;
    	double MaxPower(TimeHorizon) ;
    	double MinPower(TimeHorizon) ;
    	uint CostModel ;
    	double StartUpCost ;
    	double PowerCostCoeffs(NumberCostCoeffs) ;
    	double LinearTerm ;
    	double MinUpTime ;
    	double MinDownTime ;
    	double InitUpDownTime ;
    	double InertiaCommitment ;

    // group attributes:
    		:type = "ThermalUnitBlock" ;
    data:

     InitialPower = 20 ;

     InitialReactivePower = 5 ;

     MaxReactivePower = 20 ;

     MinReactivePower = -10 ;

     VoltageMagnitude = 1 ;

     MaxPower = 40 ;

     MinPower = 0 ;

     CostModel = 1 ;

     StartUpCost = 0 ;

     PowerCostCoeffs = 0, 0.001, 0 ;

     LinearTerm = 1 ;

     MinUpTime = 1 ;

     MinDownTime = 1 ;

     InitUpDownTime = 1 ;

     InertiaCommitment = 1 ;
    } // group UnitBlock_28

  group: UnitBlock_29 {
    dimensions:
    	NumberCostCoeffs = 3 ;
    variables:
    	double InitialPower ;
    	double InitialReactivePower ;
    	double MaxReactivePower(TimeHorizon) ;
    	double MinReactivePower(TimeHorizon) ;
    	double VoltageMagnitude(TimeHorizon) ;
    	double MaxPower(TimeHorizon) ;
    	double MinPower(TimeHorizon) ;
    	uint CostModel ;
    	double StartUpCost ;
    	double PowerCostCoeffs(NumberCostCoeffs) ;
    	double LinearTerm ;
    	double MinUpTime ;
    	double MinDownTime ;
    	double InitUpDownTime ;
    	double InertiaCommitment ;

    // group attributes:
    		:type = "ThermalUnitBlock" ;
    data:

     InitialPower = 20 ;

     InitialReactivePower = 0 ;

     MaxReactivePower = 20 ;

     MinReactivePower = -20 ;

     VoltageMagnitude = 1 ;

     MaxPower = 40 ;

     MinPower = 0 ;

     CostModel = 1 ;

     StartUpCost = 100 ;

     PowerCostCoeffs = 0, 12.021005, 0 ;

     LinearTerm = 1 ;

     MinUpTime = 1 ;

     MinDownTime = 1 ;

     InitUpDownTime = 1 ;

     InertiaCommitment = 1 ;
    } // group UnitBlock_29

  group: UnitBlock_30 {
    dimensions:
    	NumberCostCoeffs = 3 ;
    variables:
    	double InitialPower ;
    	double InitialReactivePower ;
    	double MaxReactivePower(TimeHorizon) ;
    	double MinReactivePower(TimeHorizon) ;
    	double VoltageMagnitude(TimeHorizon) ;
    	double MaxPower(TimeHorizon) ;
    	double MinPower(TimeHorizon) ;
    	uint CostModel ;
    	double StartUpCost ;
    	double PowerCostCoeffs(NumberCostCoeffs) ;
    	double LinearTerm ;
    	double MinUpTime ;
    	double MinDownTime ;
    	double InitUpDownTime ;
    	double InertiaCommitment ;

    // group attributes:
    		:type = "ThermalUnitBlock" ;
    data:

     InitialPower = 20 ;

     InitialReactivePower = -5 ;

     MaxReactivePower = 10 ;

     MinReactivePower = -20 ;

     VoltageMagnitude = 1 ;

     MaxPower = 40 ;

     MinPower = 0 ;

     CostModel = 1 ;

     StartUpCost = 0 ;

     PowerCostCoeffs = 0, 0.001, 0 ;

     LinearTerm = 1 ;

     MinUpTime = 1 ;

     MinDownTime = 1 ;

     InitUpDownTime = 1 ;

     InertiaCommitment = 1 ;
    } // group UnitBlock_30

  group: UnitBlock_31 {
    dimensions:
    	NumberCostCoeffs = 3 ;
    variables:
    	double InitialPower ;
    	double InitialReactivePower ;
    	double MaxReactivePower(TimeHorizon) ;
    	double MinReactivePower(TimeHorizon) ;
    	double VoltageMagnitude(TimeHorizon) ;
    	double MaxPower(TimeHorizon) ;
    	double MinPower(TimeHorizon) ;
    	uint CostModel ;
    	double StartUpCost ;
    	double PowerCostCoeffs(NumberCostCoeffs) ;
    	double LinearTerm ;
    	double MinUpTime ;
    	double MinDownTime ;
    	double InitUpDownTime ;
    	double InertiaCommitment ;

    // group attributes:
    		:type = "ThermalUnitBlock" ;
    data:

     InitialPower = 10 ;

     InitialReactivePower = 0 ;

     MaxReactivePower = 10 ;

     MinReactivePower = -10 ;

     VoltageMagnitude = 1 ;

     MaxPower = 20 ;

     MinPower = 0 ;

     CostModel = 1 ;

     StartUpCost = 0 ;

     PowerCostCoeffs = 0, 0.001, 0 ;

     LinearTerm = 1 ;

     MinUpTime = 1 ;

     MinDownTime = 1 ;

     InitUpDownTime = 1 ;

     InertiaCommitment = 1 ;
    } // group UnitBlock_31

  group: UnitBlock_32 {
    dimensions:
    	NumberCostCoeffs = 3 ;
    variables:
    	double InitialPower ;
    	double InitialReactivePower ;
    	double MaxReactivePower(TimeHorizon) ;
    	double MinReactivePower(TimeHorizon) ;
    	double VoltageMagnitude(TimeHorizon) ;
    	double MaxPower(TimeHorizon) ;
    	double MinPower(TimeHorizon) ;
    	uint CostModel ;
    	double StartUpCost ;
    	double PowerCostCoeffs(NumberCostCoeffs) ;
    	double LinearTerm ;
    	double MinUpTime ;
    	double MinDownTime ;
    	double InitUpDownTime ;
    	double InertiaCommitment ;

    // group attributes:
    		:type = "ThermalUnitBlock" ;
    data:

     InitialPower = 20 ;

     InitialReactivePower = 5 ;

     MaxReactivePower = 20 ;

     MinReactivePower = -10 ;

     VoltageMagnitude = 1 ;

     MaxPower = 40 ;

     MinPower = 0 ;

     CostModel = 1 ;

     StartUpCost = 0 ;

     PowerCostCoeffs = 0, 0.001, 0 ;

     LinearTerm = 1 ;

     MinUpTime = 1 ;

     MinDownTime = 1 ;

     InitUpDownTime = 1 ;

     InertiaCommitment = 1 ;
    } // group UnitBlock_32

  group: UnitBlock_33 {
    dimensions:
    	NumberCostCoeffs = 3 ;
    variables:
    	double InitialPower ;
    	double InitialReactivePower ;
    	double MaxReactivePower(TimeHorizon) ;
    	double MinReactivePower(TimeHorizon) ;
    	double VoltageMagnitude(TimeHorizon) ;
    	double MaxPower(TimeHorizon) ;
    	double MinPower(TimeHorizon) ;
    	uint CostModel ;
    	double StartUpCost ;
    	double PowerCostCoeffs(NumberCostCoeffs) ;
    	double LinearTerm ;
    	double MinUpTime ;
    	double MinDownTime ;
    	double InitUpDownTime ;
    	double InertiaCommitment ;

    // group attributes:
    		:type = "ThermalUnitBlock" ;
    data:

     InitialPower = 20 ;

     InitialReactivePower = 5 ;

     MaxReactivePower = 20 ;

     MinReactivePower = -10 ;

     VoltageMagnitude = 1 ;

     MaxPower = 40 ;

     MinPower = 0 ;

     CostModel = 1 ;

     StartUpCost = 0 ;

     PowerCostCoeffs = 0, 0.001, 0 ;

     LinearTerm = 1 ;

     MinUpTime = 1 ;

     MinDownTime = 1 ;

     InitUpDownTime = 1 ;

     InertiaCommitment = 1 ;
    } // group UnitBlock_33

  group: UnitBlock_34 {
    dimensions:
    	NumberCostCoeffs = 3 ;
    variables:
    	double InitialPower ;
    	double InitialReactivePower ;
    	double MaxReactivePower(TimeHorizon) ;
    	double MinReactivePower(TimeHorizon) ;
    	double VoltageMagnitude(TimeHorizon) ;
    	double MaxPower(TimeHorizon) ;
    	double MinPower(TimeHorizon) ;
    	uint CostModel ;
    	double StartUpCost ;
    	double PowerCostCoeffs(NumberCostCoeffs) ;
    	double LinearTerm ;
    	double MinUpTime ;
    	double MinDownTime ;
    	double InitUpDownTime ;
    	double InertiaCommitment ;

    // group attributes:
    		:type = "ThermalUnitBlock" ;
    data:

     InitialPower = 275 ;

     InitialReactivePower = 5 ;

     MaxReactivePower = 550 ;

     MinReactivePower = -540 ;

     VoltageMagnitude = 1 ;

     MaxPower = 550 ;

     MinPower = 0 ;

     CostModel = 1 ;

     StartUpCost = 100 ;

     PowerCostCoeffs = 0, 9.921005, 0 ;

     LinearTerm = 1 ;

     MinUpTime = 1 ;

     MinDownTime = 1 ;

     InitUpDownTime = 1 ;

     InertiaCommitment = 1 ;
    } // group UnitBlock_34
  } // group Block_0
}
