netcdf pglib_opf_case179_goc {

// global attributes:
		:SMS++_file_type = 1 ;

group: Block_0 {
  dimensions:
  	NumberElectricalGenerators = 29 ;
  	NumberNodes = 179 ;
  	NumberLines = 263 ;
  	TimeHorizon = 1 ;
  	NumberUnits = 29 ;
  variables:
  	string NetworkBlockClassname ;
  	uint GeneratorNode(NumberElectricalGenerators) ;
  	double ActivePowerDemand(NumberNodes, TimeHorizon) ;
  	double ReactivePowerDemand(NumberNodes, TimeHorizon) ;
  	double NodeConductance(NumberNodes) ;
  	double NodeSusceptance(NumberNodes) ;
  	double NodeMaxVoltage(NumberNodes) ;
  	double NodeMinVoltage(NumberNodes) ;
  	uint StartLine(NumberLines) ;
  	uint EndLine(NumberLines) ;
  	double LineResistance(NumberLines) ;
  	double LineReactance(NumberLines) ;
  	double LineSusceptance(NumberLines) ;
  	double LineRATEA(NumberLines) ;
  	double LineRatio(NumberLines) ;
  	double LineShiftAngle(NumberLines) ;
  	double LineMinAngle(NumberLines) ;
  	double LineMaxAngle(NumberLines) ;
  	double MinPowerFlow(NumberLines) ;
  	double MaxPowerFlow(NumberLines) ;

  // group attributes:
  		:type = "UCBlock" ;
  		:id = "0" ;
  		:baseMVA = "100.0" ;
  data:

   NetworkBlockClassname = "ACNetworkBlock" ;

   GeneratorNode = 2, 4, 7, 9, 11, 13, 16, 28, 33, 34, 38, 41, 43, 45, 63, 
      68, 75, 77, 101, 110, 114, 116, 136, 138, 142, 146, 147, 157, 160 ;

   ActivePowerDemand =
  926.77,
  0,
  46.71,
  1271.04,
  48.57,
  0,
  113.45,
  50,
  67.39,
  47.87,
  41.43,
  48.55,
  0,
  46.55,
  434.68,
  459.25,
  51.79,
  327.45,
  0,
  0,
  0,
  0,
  0,
  0,
  0,
  0,
  0,
  0,
  49.3,
  2376.39,
  0,
  0,
  1692.19,
  45.09,
  51.16,
  -843.68,
  0,
  0,
  51.45,
  69.79,
  0,
  49.01,
  1098.25,
  52.83,
  -35.89,
  53.25,
  55.04,
  0,
  172.41,
  115.98,
  0,
  0,
  74.1,
  427.39,
  0,
  62.17,
  59.47,
  480.82,
  -1459.73,
  185.63,
  96.01,
  -69.23,
  0,
  46.97,
  774.37,
  78.5,
  -35.37,
  -23.29,
  51.91,
  1486.08,
  0,
  -781.91,
  0,
  1223.08,
  1617.77,
  54.24,
  1780.83,
  53.91,
  2289.75,
  0,
  -30.36,
  -185.65,
  0,
  307.42,
  0,
  0,
  0,
  0,
  0,
  0,
  0,
  0,
  0,
  0,
  0,
  0,
  0,
  0,
  -19.81,
  107.66,
  23.75,
  54.62,
  167.6,
  14.28,
  3.78,
  131.26,
  28.61,
  427.13,
  19.35,
  -99.3,
  54.11,
  75.99,
  0,
  -0.38,
  51.07,
  438.16,
  54.76,
  2650.16,
  0,
  0,
  0,
  0,
  0,
  0,
  0,
  0,
  0,
  0,
  0,
  0,
  0,
  0,
  0,
  0,
  414.72,
  95.26,
  46.32,
  471.17,
  48.52,
  1730.28,
  107.93,
  174.36,
  45.88,
  1540.95,
  0,
  0,
  53.68,
  49.94,
  1578.86,
  559.23,
  191.17,
  0,
  511.38,
  210.22,
  16.91,
  79.39,
  53.01,
  53.7,
  -29.29,
  137.66,
  47.79,
  0,
  15.05,
  73.31,
  171.78,
  95.68,
  0,
  0,
  0,
  0,
  0,
  0,
  0,
  0,
  0,
  0,
  0,
  0,
  0 ;

   ReactivePowerDemand =
  -54.77,
  0,
  0,
  -122.37,
  0,
  0,
  -54.21,
  0,
  22.91,
  0,
  65.76,
  0,
  0,
  0,
  215.2,
  4.79,
  0,
  -64.08,
  0,
  0,
  0,
  0,
  0,
  0,
  0,
  0,
  0,
  0,
  0,
  1052.35,
  0,
  0,
  703.18,
  0,
  0,
  1045.02,
  0,
  0,
  0,
  28,
  0,
  0,
  902.5,
  0,
  -17.32,
  0,
  24.01,
  0,
  62.09,
  -58.77,
  0,
  0,
  29.03,
  126.16,
  0,
  24.03,
  25.47,
  -6.57,
  1687.42,
  75.27,
  18.56,
  30.32,
  0,
  0,
  298.97,
  31.52,
  174.17,
  20.73,
  0,
  1816.85,
  0,
  -53.83,
  0,
  413.7,
  1164.73,
  0,
  538.1,
  0,
  396.38,
  0,
  -92.62,
  -127.12,
  0,
  -452.74,
  0,
  0,
  0,
  0,
  0,
  0,
  0,
  0,
  0,
  0,
  0,
  0,
  0,
  0,
  21.24,
  -82.5,
  26.25,
  0,
  -8.03,
  -0.11,
  0,
  13.82,
  -310.03,
  35.78,
  21.06,
  63.54,
  0,
  0,
  0,
  115.26,
  0,
  54.83,
  0,
  3818.43,
  0,
  0,
  0,
  0,
  0,
  0,
  0,
  0,
  0,
  0,
  0,
  0,
  0,
  0,
  0,
  0,
  17.91,
  17.51,
  0,
  -10.81,
  0,
  609.69,
  -26.18,
  60.86,
  0,
  1238.88,
  0,
  0,
  0,
  0,
  75.65,
  78.48,
  45.01,
  0,
  -10.66,
  74.94,
  12.04,
  -8.29,
  41.07,
  0,
  11.72,
  104.12,
  0,
  0,
  12.06,
  70,
  -39.78,
  75.76,
  0,
  0,
  0,
  0,
  0,
  0,
  0,
  0,
  0,
  0,
  0,
  0,
  0 ;

   NodeConductance = 0, 0, 0, 0, 0, 0, 0, 0, 0, 0, 0, 0, 0, 0, 0, 0, 0, 0, 0, 
      0, 0, 0, 0, 0, 0, 0, 0, 0, 0, 0, 0, 0, 0, 0, 0, 0, 0, 0, 0, 0, 0, 0, 0, 
      0, 0, 0, 0, 0, 0, 0, 0, 0, 0, 0, 0, 0, 0, 0, 0, 0, 0, 0, 0, 0, 0, 0, 0, 
      0, 0, 0, 0, 0, 0, 0, 0, 0, 0, 0, 0, 0, 0, 0, 0, 0, 0, 0, 0, 0, 0, 0, 0, 
      0, 0, 0, 0, 0, 0, 0, 0, 0, 0, 0, 0, 0, 0, 0, 0, 0, 0, 0, 0, 0, 0, 0, 0, 
      0, 0, 0, 0, 0, 0, 0, 0, 0, 0, 0, 0, 0, 0, 0, 0, 0, 0, 0, 0, 0, 0, 0, 0, 
      0, 0, 0, 0, 0, 0, 0, 0, 0, 0, 0, 0, 0, 0, 0, 0, 0, 0, 0, 0, 0, 0, 0, 0, 
      0, 0, 0, 0, 0, 0, 0, 0, 0, 0, 0, 0, 0, 0, 0, 0 ;

   NodeSusceptance = 0, 0, 0, 0, 0, -113, -155, 0, 0, 0, -190, 0, -391, 0, 
      -146, 390, 0, -427, 0, 0, 0, 0, 0, 0, 0, 0, 0, 0, 0, 0, 0, 0, 0, 0, 0, 
      912, 0, 0, 0, 0, 0, 0, 430, 0, 0, 0, 0, -80, 0, 0, 0, 0, 0, 0, 0, 0, 0, 
      0, 2146, 0, 0, -108, 0, 0, 0, 0, 576.85, 0, 0, 792, 462, 0, 0, 0, 
      1019.35, 0, 550, 0, 1200, -220, -674, -110, -220, -870, 0, 0, 0, 0, 0, 
      0, 0, 0, 0, 0, 0, 0, 0, 0, 0, 0, 0, 0, -91, 0, 0, 0, -327, -130, 0, 0, 
      0, -128, -91, -91, 0, -32, 0, 1500, 0, 0, 0, 0, 0, 0, 0, 0, 0, 0, 0, 0, 
      0, 0, 0, 0, 0, 0, 0, -319, 0, 0, 0, 0, 0, 400, 0, -196, 0, 0, 0, 0, 0, 
      0, -190, -60, 0, 0, -220, 0, 0, 0, 0, 0, -18, 0, -50, 0, 0, 0, 0, 0, 0, 
      0, 0, 0, 0, 0, 0, 0, -220 ;

   NodeMaxVoltage = 1.108, 1.108, 1.108, 1.108, 1.108, 1.108, 1.108, 1.108, 
      1.108, 1.108, 1.108, 1.108, 1.108, 1.108, 1.108, 1.108, 1.108, 1.108, 
      1.108, 1.108, 1.108, 1.108, 1.108, 1.108, 1.108, 1.108, 1.108, 1.108, 
      1.108, 1.108, 1.108, 1.108, 1.108, 1.108, 1.108, 1.108, 1.108, 1.108, 
      1.108, 1.108, 1.108, 1.108, 1.108, 1.108, 1.108, 1.108, 1.108, 1.108, 
      1.108, 1.108, 1.108, 1.108, 1.108, 1.108, 1.108, 1.108, 1.108, 1.108, 
      1.108, 1.108, 1.108, 1.108, 1.108, 1.108, 1.108, 1.108, 1.108, 1.108, 
      1.108, 1.108, 1.108, 1.108, 1.108, 1.108, 1.108, 1.108, 1.108, 1.108, 
      1.108, 1.108, 1.108, 1.108, 1.108, 1.108, 1.108, 1.108, 1.108, 1.108, 
      1.108, 1.108, 1.108, 1.108, 1.108, 1.108, 1.108, 1.108, 1.108, 1.108, 
      1.108, 1.108, 1.108, 1.108, 1.108, 1.108, 1.108, 1.108, 1.108, 1.108, 
      1.108, 1.108, 1.108, 1.108, 1.108, 1.108, 1.108, 1.108, 1.108, 1.108, 
      1.108, 1.108, 1.108, 1.108, 1.108, 1.108, 1.108, 1.108, 1.108, 1.108, 
      1.108, 1.108, 1.108, 1.108, 1.108, 1.108, 1.108, 1.108, 1.108, 1.108, 
      1.108, 1.108, 1.108, 1.108, 1.108, 1.108, 1.108, 1.108, 1.108, 1.108, 
      1.108, 1.108, 1.108, 1.108, 1.108, 1.108, 1.108, 1.108, 1.108, 1.108, 
      1.108, 1.108, 1.108, 1.108, 1.108, 1.108, 1.108, 1.108, 1.108, 1.108, 
      1.108, 1.108, 1.108, 1.108, 1.108, 1.108, 1.108, 1.108, 1.108, 1.108, 
      1.108 ;

   NodeMinVoltage = 0.898, 0.898, 0.898, 0.898, 0.898, 0.898, 0.898, 0.898, 
      0.898, 0.898, 0.898, 0.898, 0.898, 0.898, 0.898, 0.898, 0.898, 0.898, 
      0.898, 0.898, 0.898, 0.898, 0.898, 0.898, 0.898, 0.898, 0.898, 0.898, 
      0.898, 0.898, 0.898, 0.898, 0.898, 0.898, 0.898, 0.898, 0.898, 0.898, 
      0.898, 0.898, 0.898, 0.898, 0.898, 0.898, 0.898, 0.898, 0.898, 0.898, 
      0.898, 0.898, 0.898, 0.898, 0.898, 0.898, 0.898, 0.898, 0.898, 0.898, 
      0.898, 0.898, 0.898, 0.898, 0.898, 0.898, 0.898, 0.898, 0.898, 0.898, 
      0.898, 0.898, 0.898, 0.898, 0.898, 0.898, 0.898, 0.898, 0.898, 0.898, 
      0.898, 0.898, 0.898, 0.898, 0.898, 0.898, 0.898, 0.898, 0.898, 0.898, 
      0.898, 0.898, 0.898, 0.898, 0.898, 0.898, 0.898, 0.898, 0.898, 0.898, 
      0.898, 0.898, 0.898, 0.898, 0.898, 0.898, 0.898, 0.898, 0.898, 0.898, 
      0.898, 0.898, 0.898, 0.898, 0.898, 0.898, 0.898, 0.898, 0.898, 0.898, 
      0.898, 0.898, 0.898, 0.898, 0.898, 0.898, 0.898, 0.898, 0.898, 0.898, 
      0.898, 0.898, 0.898, 0.898, 0.898, 0.898, 0.898, 0.898, 0.898, 0.898, 
      0.898, 0.898, 0.898, 0.898, 0.898, 0.898, 0.898, 0.898, 0.898, 0.898, 
      0.898, 0.898, 0.898, 0.898, 0.898, 0.898, 0.898, 0.898, 0.898, 0.898, 
      0.898, 0.898, 0.898, 0.898, 0.898, 0.898, 0.898, 0.898, 0.898, 0.898, 
      0.898, 0.898, 0.898, 0.898, 0.898, 0.898, 0.898, 0.898, 0.898, 0.898, 
      0.898 ;

   StartLine = 0, 0, 1, 3, 3, 15, 3, 5, 5, 5, 6, 6, 6, 6, 161, 10, 10, 10, 
      10, 19, 12, 12, 27, 14, 14, 14, 14, 14, 15, 21, 23, 18, 20, 22, 24, 25, 
      26, 29, 29, 29, 30, 31, 32, 83, 35, 35, 35, 35, 36, 37, 37, 37, 37, 37, 
      53, 39, 40, 48, 48, 55, 40, 42, 42, 42, 46, 46, 47, 46, 46, 46, 46, 46, 
      46, 46, 46, 46, 46, 46, 62, 48, 48, 50, 51, 52, 52, 50, 51, 55, 55, 54, 
      54, 53, 53, 60, 55, 58, 135, 148, 148, 62, 137, 137, 140, 64, 76, 66, 
      67, 67, 66, 66, 66, 67, 67, 67, 67, 70, 73, 76, 73, 73, 74, 76, 76, 80, 
      80, 80, 78, 78, 78, 79, 79, 80, 80, 80, 81, 92, 96, 81, 81, 81, 82, 97, 
      154, 86, 88, 178, 85, 87, 89, 90, 91, 93, 94, 95, 99, 98, 99, 99, 99, 
      99, 99, 99, 100, 102, 100, 100, 105, 132, 102, 103, 104, 105, 108, 107, 
      107, 131, 133, 106, 106, 106, 109, 171, 110, 111, 112, 112, 167, 169, 
      123, 125, 113, 113, 114, 115, 116, 121, 127, 129, 117, 117, 118, 119, 
      120, 122, 124, 126, 128, 130, 134, 135, 135, 136, 137, 145, 138, 139, 
      140, 140, 140, 140, 140, 140, 144, 152, 142, 143, 143, 145, 147, 148, 
      148, 149, 151, 151, 151, 173, 175, 177, 154, 153, 153, 153, 153, 153, 
      153, 154, 154, 155, 156, 156, 156, 156, 156, 158, 158, 159, 162, 166, 
      168, 170, 172, 174, 176 ;

   EndLine = 1, 2, 6, 4, 9, 3, 158, 6, 6, 26, 7, 8, 8, 15, 6, 11, 18, 20, 
      137, 12, 22, 24, 12, 13, 17, 17, 134, 134, 16, 17, 17, 19, 21, 23, 25, 
      137, 27, 28, 30, 78, 31, 32, 33, 34, 36, 54, 62, 62, 46, 38, 44, 46, 
      57, 58, 39, 56, 41, 40, 40, 40, 56, 43, 158, 158, 44, 45, 46, 53, 53, 
      57, 57, 57, 57, 58, 58, 58, 60, 60, 47, 55, 56, 49, 49, 49, 49, 61, 61, 
      52, 52, 53, 53, 56, 56, 53, 56, 59, 59, 59, 59, 61, 62, 62, 62, 63, 64, 
      65, 66, 66, 68, 69, 69, 70, 70, 74, 74, 69, 71, 72, 74, 76, 75, 74, 74, 
      74, 74, 74, 76, 76, 77, 97, 178, 85, 89, 93, 87, 81, 81, 166, 168, 170, 
      83, 82, 83, 84, 84, 84, 86, 88, 90, 91, 92, 94, 95, 96, 98, 115, 103, 
      104, 111, 111, 111, 115, 101, 100, 106, 106, 102, 102, 133, 115, 115, 
      106, 105, 106, 106, 106, 106, 172, 174, 176, 118, 109, 111, 112, 122, 
      124, 112, 112, 113, 113, 126, 128, 115, 117, 117, 117, 117, 117, 130, 
      132, 119, 120, 121, 123, 125, 127, 129, 131, 150, 141, 148, 137, 140, 
      137, 139, 141, 143, 143, 145, 149, 151, 151, 141, 141, 143, 144, 149, 
      146, 148, 152, 152, 150, 152, 152, 152, 151, 151, 151, 153, 156, 156, 
      158, 158, 163, 165, 155, 165, 159, 157, 162, 163, 164, 164, 164, 164, 
      160, 161, 167, 169, 171, 173, 175, 177 ;

   LineResistance = 0, 0, 0.00179, 0, 0, 0.00977, 0.00811, 0, 0, 0, 0, 
      0.00028, 0.00029, 0.0005, 0.0048, 0, 0, 0, 0.0028, 0, 0, 0, 0, 6e-05, 
      0.0004, 0.0004, 0.00259, 0.00259, 0, 0, 0, 0.00077, 0.00241, 0.00179, 
      0.00207, 0, 0.00177, 0, 0.0035, 0.00083, 0, 0.002, 0, 0, 0.00074, 
      0.00082, 0, 0, 0.00013, 0.0005, 0.00221, 0.0029, 0.00309, 0.00226, 
      0.00047, 0.00035, 0.00058, 0.0022, 0.00238, 0.00201, 0.00281, 0, 
      0.0018, 0.0018, 0.00029, 0.00499, 0.00026, 0.00229, 0.00229, 0.00141, 
      0.00141, 0.00161, 0.00161, 0.00027, 0.00027, 0.00027, 0.00138, 0.00138, 
      0.00083, 0.00037, 0.00055, 0.00059, 0.00059, 0.0003, 0.0003, 0.0107, 
      0.0107, 0.00073, 0.00073, 0.00013, 0.00013, 0.00119, 0.00119, 0.00128, 
      0.0011, 0, 0.0014, 0.00065, 0.00065, 0.0002, 0.00179, 0.00179, 0.0002, 
      0, 0.0007, 0.00089, 0.0002, 9e-05, 0, 6e-05, 6e-05, 1e-05, 1e-05, 
      0.00023, 0.0002, 0, 0.00179, 0.00113, 0.00196, 0.00142, 0, 0.0012, 
      0.0003, 0.00063, 0.00109, 0.00108, 0.0002, 0.0002, 0, 0.00264, 0, 
      0.00041, 0.00066, 0.00066, 0.00072, 0.00078, 0.00074, 0, 0, 0, 0, 0, 
      0.0062, 0.0006, 0.00012, 0.00122, 0, 0, 0, 0.00074, 0, 0, 0.00074, 0, 
      0.02482, 0.0148, 0.01382, 0.01668, 0.01113, 0.0105, 0.01105, 0.03903, 
      0, 0.00079, 0.00087, 0.00087, 0.00083, 0.00093, 0.00072, 0.03058, 
      0.02235, 0.00153, 0.00053, 0, 0, 2e-05, 2e-05, 0, 0, 0, 0, 0, 0, 
      0.0001, 2e-05, 2e-05, 0, 0, 1e-05, 1e-05, 1e-05, 1e-05, 0, 0.0002, 0, 
      0, 1e-05, 1e-05, 1e-05, 1e-05, 0.00076, 0, 0.00082, 0.0014, 0.0014, 
      0.00154, 0.00095, 0.00165, 0.00042, 0.0019, 0.00845, 0, 0.00193, 
      0.00056, 0, 0.0011, 0.00028, 0.00035, 0.0019, 0.0006, 0.00044, 0.00044, 
      0.00138, 0.0032, 0, 0, 0.00021, 0, 0, 0.00285, 0.00138, 0.0004, 0, 0, 
      0, 0, 0, 0, 0.0024, 0.0052, 0.0049, 0.0017, 0.0021, 0.0012, 0.0008, 
      0.0003, 0.0016, 0.0108, 0.0002, 0.0096, 0.0034, 0.0034, 0.0034, 0.0038, 
      0.0032, 0.0005, 0, 0.00103, 0.00107, 0.00103, 0.00123, 0.00123, 0.00112 ;

   LineReactance = 0.0146, 0.0173, 0.01988, 0.01238, 0.015, 0.11, 0.1369, 
      0.011, 0.011, 0.00408, 0.0059, 0.0138, 0.0139, 0.0053, 0.0436, 0.00666, 
      0.00634, 0.01188, 0.0211, 0.00634, 0.00826, 0.01795, 0.00612, 0.00495, 
      0.0096, 0.0096, 0.02967, 0.02967, 0.006, 0.01188, 0.00826, 0.01804, 
      0.05865, 0.04244, 0.04959, 0.01795, 0.04189, 0.0015, 0.07, 0.0239, 
      0.01, 0.02, 0.002, 0.0046, 0.01861, 0.01668, 0.00159, 0.00159, 0.00693, 
      0.0238, 0.03346, 0.038, 0.04677, 0.03422, 0.00723, 0.00536, 0.02535, 
      0.03422, 0.03669, 0.03074, 0.04296, 0.0052, 0.0245, 0.0245, 0.00434, 
      0.11473, 0.01386, 0.01583, 0.01583, 0.00967, 0.00967, 0.00971, 0.00971, 
      0.00393, 0.00393, 0.00393, 0.01116, 0.01116, 0.01884, 0.00366, 0.00586, 
      0.01491, 0.01491, 0.0133, 0.0134, 0.07905, 0.07905, 0.01025, 0.01025, 
      0.01386, 0.01386, 0.01244, 0.01244, 0.00979, 0.01189, 0.00115, 0.0264, 
      0.01187, 0.01187, 0.02338, 0.02524, 0.02524, 0.0041, 0.005, 0.074, 
      0.0299, 0.01181, 0.00735, 0.01034, 0.00131, 0.00116, 0.0003, 0.0003, 
      0.00451, 0.00446, 0.00221, 0.01405, 0.02069, 0.03304, 0.02258, 0.00375, 
      0.02316, 0.02, 0.01412, 0.02408, 0.02409, 0.0082, 0.0082, 0.0025, 
      0.05356, 0.02667, 0.00737, 0.01266, 0.01266, 0.01382, 0.01502, 0.01413, 
      0.0072, 0.00864, 0.01, 0.0072, 0.02667, 0.0673, 0.01036, 0.00238, 
      0.02373, 0.01263, 0.00858, 0.01263, 0.01428, 0.01263, 0.01263, 0.01428, 
      0.01263, 0.16938, 0.10101, 0.09268, 0.11381, 0.06678, 0.0654, 0.06642, 
      0.27403, 0.0098, 0.01937, 0.02087, 0.02087, 0.01985, 0.03644, 0.016, 
      0.2046, 0.16106, 0.0147, 0.01297, 0.0174, 0.0119, 0.01331, 0.00998, 
      0.00935, 0.00944, 0.00935, 0.01, 0.01, 0.02281, 0.0174, 0.00998, 
      0.00998, 0.0072, 0.0072, 0.00666, 0.00666, 0.0112, 0.0072, 0.01815, 
      0.0125, 0.00448, 0.01, 0.0112, 0.0036, 0.00755, 0.01098, 0.01952, 0.01, 
      0.02119, 0.02338, 0.02338, 0.03409, 0.02102, 0.05719, 0.00905, 0.0258, 
      0.07034, 0.01512, 0.02779, 0.01415, 0.00365, 0.0127, 0.00753, 0.0075, 
      0.031, 0.0128, 0.01125, 0.01125, 0.05399, 0.0395, 0.00516, 0.005, 
      0.00457, 0.0098, 0.01026, 0.03649, 0.03399, 0.0093, 0.01149, 0.01149, 
      0.01149, 0.00935, 0.00935, 0.0084, 0.0332, 0.0602, 0.0537, 0.0225, 
      0.0238, 0.0172, 0.0106, 0.0181, 0.0226, 0.0965, 0.0058, 0.0878, 0.0392, 
      0.0374, 0.0372, 0.034, 0.0349, 0.0141, 0.0195, 0.02338, 0.0247, 0.0323, 
      0.02659, 0.02662, 0.02517 ;

   LineSusceptance = 0, 0, 2.576, 0, 0, 2, 2.4348, 0, 0, 0, 0, 0, 0, 0.0882, 
      0.7078, 0, 0, 0, 1.0194, 0, 0, 0, 0, 0, 0.9038, 0.9038, 2.153, 2.153, 
      0, 0, 0, 1.39842, 4.8656, 3.3922, 3.9516, 0, 3.3446, 0, 4.606, 3.3, 0, 
      0.8, 0, 0, 1.40264, 1.18802, 0.12002, 0.12002, 0, 0, 0.07338, 0.0824, 
      0.1008, 0.07506, 0.01624, 0.01204, 0, 0.07716, 0.08284, 0.06886, 
      0.09648, 0, 0.4392, 0.4392, 0.0095, 0, 0, 0.0306, 0.0306, 0.0194, 
      0.0194, 0.01928, 0.01928, 0.00918, 0.00918, 0.00918, 0.0247, 0.0247, 
      1.66668, 0.0083, 0.01246, 0, 0, 0, 0, 0.3667, 0.3667, 0.02558, 0.02558, 
      0, 0, 0.02798, 0.02798, 0.0212, 0.02514, 0, 0.102, 0.04672, 0.04672, 0, 
      0.53546, 0.53546, 0.2962, 0, 4.87, 0, 0, 0, 0, 0.00378, 0.00332, 
      0.01434, 0.01844, 0.3332, 0.305, 0, 3.68, 1.85526, 1.88, 1.88, 0, 
      1.7152, 3.6, 1.09756, 1.55542, 1.55348, 1.3, 1.3, 0, 5.29066, 0, 
      0.72694, 0.95976, 0.95976, 1.27572, 1.1381, 1.06634, 0, 0, 0, 0, 0, 
      1.1156, 1.01456, 0.21926, 2.2071, 0, 0, 0, 1.0822, 0, 0, 1.0822, 0, 
      0.20232, 0.12066, 0.1106, 0.13608, 0.07286, 0.0686, 0.0716, 0.31072, 0, 
      1.3285, 1.4571, 1.4571, 0, 1.3895, 1.0879, 0.24472, 0.18342, 0, 0, 0, 
      0, 0, 0, 0, 0, 0, 0, 0, 0, 0, 0, 0, 0, 0, 0, 0, 0, 0, 0, 0, 0, 0, 0, 0, 
      0, 0, 1.8245, 0, 1.9842, 1.475, 1.475, 2.3114, 1.4252, 2.4774, 0.66794, 
      0.0984, 0.15954, 0, 4.6712, 1.0429, 0, 0.048, 0.51736, 0.5536, 4.1402, 
      0.9462, 0.8292, 0.8292, 0.15252, 0.144, 0, 0, 0.32336, 0, 0, 0.12656, 
      0.11252, 0.6856, 0, 0, 0, 0, 0, 0, 0.5849, 1.01, 0.8843, 0.3992, 
      0.3845, 0.2987, 0.2039, 0, 0.381, 0.3296, 0, 1.4265, 0.6524, 0.6208, 
      0.6182, 0.5824, 0.5722, 0, 0, 1.5804, 1.527, 2.796, 1.98702, 1.9888, 
      1.83586 ;

   LineRATEA = 2196, 1853, 1606, 2589, 2137, 291, 234, 2914, 2914, 5501.81, 
      5432, 2322, 2306, 2202.27, 731, 4813, 5055, 2698, 1506, 5055, 3880, 
      1786, 5237, 6474, 3336, 3336, 1077, 1077, 5342, 2698, 3880, 1775, 546, 
      755, 646, 1786, 765, 21366, 458, 1341, 3205, 855.66, 16025, 6968, 1721, 
      1920, 5755.18, 5757.14, 4624, 1347, 892.46, 841, 684, 832.1, 754.41, 
      822.58, 1264, 761.15, 872, 768.89, 745, 6164, 1305, 1305, 841.15, 280, 
      2312, 855.66, 905.33, 772.89, 912.29, 763.48, 911.69, 837.06, 783.45, 
      804.85, 758.56, 759.88, 1700, 880.09, 835.5, 2148, 2148, 2410, 2392, 
      402, 402, 765.61, 898.03, 2313, 2313, 856.67, 852.17, 868.54, 908.69, 
      27869, 848.66, 913.99, 773.57, 1371, 1267, 1267, 5830.69, 6410, 434, 
      1072, 2714, 4361, 3100, 828.29, 776.56, 5711.04, 5829.8, 5923.31, 
      6169.99, 14502, 2263, 1547, 969, 1417, 8547, 1382, 1603, 2268, 1330, 
      1330, 3908, 3908, 12820, 598, 1202, 4342, 2529, 2529, 2316, 2131, 2266, 
      4452, 3710, 3205, 4452, 1202, 475, 3089, 5500.98, 1349, 2538, 3736, 
      2538, 2242, 2538, 2538, 2242, 2538, 188, 314, 343, 279, 474, 484, 476, 
      116, 3271, 1654, 1535, 1535, 1614, 880, 2002, 155, 198, 2169, 2469, 
      1842, 2694, 2408, 3212, 3428, 3395, 3428, 3205, 3205, 1406, 1842, 3212, 
      3212, 4452, 4452, 4813, 4813, 2862, 4452, 1766, 2564, 7154, 3205, 2862, 
      5209.14, 4245, 2919, 1641, 3205, 1512, 1369, 1369, 940, 1524, 561, 
      3538, 911.65, 453, 2120, 1151, 2264, 8781, 859.21, 4254, 4269, 1032, 
      2502, 2847, 2847, 594, 754.67, 6211, 6410, 5370.29, 3271, 3124, 876, 
      873.01, 3443, 2790, 2790, 2790, 3428, 3428, 3816, 963, 531, 595, 1421, 
      1342, 1859, 2253.37, 1771, 1415, 331, 5523, 363, 815, 854, 858, 937, 
      915, 2272, 1644, 1370, 1297, 992, 1204, 1203, 1273 ;

   LineRatio = 0, 0.9545, 0, 0, 0, 0, 0, 1.063, 1.063, 0, 0, 0, 0, 0, 0, 
      1.08, 0, 0, 0, 0, 0, 0, 0, 1.1061, 0, 0, 0, 0, 1.0435, 0, 0, 0, 0, 0, 
      0, 0, 0, 1.05, 0, 0, 1.1, 0, 0, 0, 0, 0, 0, 0, 1.05, 0, 0, 0, 0, 0, 0, 
      0, 1.0491, 0, 0, 0, 0, 1.025, 0, 0, 0, 1.0478, 1.05, 0, 0, 0, 0, 0, 0, 
      0, 0, 0, 0, 0, 0, 0, 0, 1.0017, 1.0017, 0, 0, 0, 0, 0, 0, 1.0106, 
      1.0106, 0, 0, 0, 0, 1.0133, 0, 0, 0, 0.9789, 0, 0, 0, 1.09, 0, 0.9873, 
      1.0238, 1.0238, 1.0455, 0, 0, 0, 0, 0, 0, 1.0234, 0, 0, 0, 0, 1.0977, 
      0, 0, 0, 0, 0, 0, 0, 1.066, 0, 0, 0, 0, 0, 0, 0, 0, 0, 0, 0, 1.05, 0, 
      0, 0, 0, 0, 0, 0, 0, 0, 0, 0, 0, 0, 0, 0, 0, 0, 0, 0, 0, 0, 1.05, 0, 0, 
      0, 0, 0, 0, 0, 0, 0, 0, 1.119, 1.119, 0, 0, 0, 0, 0, 0, 0, 0.9174, 
      1.119, 0, 0, 0, 0, 0, 0, 0, 0, 0.9091, 1.119, 0.9452, 0, 0, 0, 0, 0, 0, 
      0, 0, 0, 0, 0, 0, 0, 0, 0, 0, 0.996, 0, 0, 0.9787, 0, 0, 0, 0, 0, 0, 0, 
      0, 0, 0.9843, 0, 0, 1.05, 0.9871, 0, 0, 0, 1.0631, 1.0631, 1.0631, 0, 
      0, 0, 0, 0, 0, 0, 0, 0, 0, 0, 0, 0, 0.9855, 0, 0, 0, 0, 0, 0, 1.0588, 
      0, 0, 0, 0, 0, 0, 0 ;

   LineShiftAngle = 0, 0, 0, 0, 0, 0, 0, 0, 0, 0, 0, 0, 0, 0, 0, 0, 0, 0, 0, 
      0, 0, 0, 0, 0, 0, 0, 0, 0, 0, 0, 0, 0, 0, 0, 0, 0, 0, 0, 0, 0, 0, 0, 0, 
      0, 0, 0, 0, 0, 0, 0, 0, 0, 0, 0, 0, 0, 0, 0, 0, 0, 0, 0, 0, 0, 0, 0, 0, 
      0, 0, 0, 0, 0, 0, 0, 0, 0, 0, 0, 0, 0, 0, 0, 0, 0, 0, 0, 0, 0, 0, 0, 0, 
      0, 0, 0, 0, 0, 0, 0, 0, 0, 0, 0, 0, 0, 0, 0, 0, 0, 0, 0, 0, 0, 0, 0, 0, 
      0, 0, 0, 0, 0, 0, 0, 0, 0, 0, 0, 0, 0, 0, 0, 0, 0, 0, 0, 0, 0, 0, 0, 0, 
      0, 0, 0, 0, 0, 0, 0, 0, 0, 0, 0, 0, 0, 0, 0, 0, 0, 0, 0, 0, 0, 0, 0, 0, 
      0, 0, 0, 0, 0, 0, 0, 0, 0, 0, 0, 0, 0, 0, 0, 0, 0, 0, 0, 0, 0, 0, 0, 0, 
      0, 0, 0, 0, 0, 0, 0, 0, 0, 0, 0, 0, 0, 0, 0, 0, 0, 0, 0, 0, 0, 0, 0, 0, 
      0, 0, 0, 0, 0, 0, 0, 0, 0, 0, 0, 0, 0, 0, 0, 0, 0, 0, 0, 0, 0, 0, 0, 0, 
      0, 0, 0, 0, 0, 0, 0, 0, 0, 0, 0, 0, 0, 0, 0, 0, 0, 0, 0, 0, 0, 0, 0, 0, 
      0, 0, 0, 0 ;

   LineMinAngle = -30, -30, -30, -30, -30, -30, -30, -30, -30, -30, -30, -30, 
      -30, -30, -30, -30, -30, -30, -30, -30, -30, -30, -30, -30, -30, -30, 
      -30, -30, -30, -30, -30, -30, -30, -30, -30, -30, -30, -30, -30, -30, 
      -30, -30, -30, -30, -30, -30, -30, -30, -30, -30, -30, -30, -30, -30, 
      -30, -30, -30, -30, -30, -30, -30, -30, -30, -30, -30, -30, -30, -30, 
      -30, -30, -30, -30, -30, -30, -30, -30, -30, -30, -30, -30, -30, -30, 
      -30, -30, -30, -30, -30, -30, -30, -30, -30, -30, -30, -30, -30, -30, 
      -30, -30, -30, -30, -30, -30, -30, -30, -30, -30, -30, -30, -30, -30, 
      -30, -30, -30, -30, -30, -30, -30, -30, -30, -30, -30, -30, -30, -30, 
      -30, -30, -30, -30, -30, -30, -30, -30, -30, -30, -30, -30, -30, -30, 
      -30, -30, -30, -30, -30, -30, -30, -30, -30, -30, -30, -30, -30, -30, 
      -30, -30, -30, -30, -30, -30, -30, -30, -30, -30, -30, -30, -30, -30, 
      -30, -30, -30, -30, -30, -30, -30, -30, -30, -30, -30, -30, -30, -30, 
      -30, -30, -30, -30, -30, -30, -30, -30, -30, -30, -30, -30, -30, -30, 
      -30, -30, -30, -30, -30, -30, -30, -30, -30, -30, -30, -30, -30, -30, 
      -30, -30, -30, -30, -30, -30, -30, -30, -30, -30, -30, -30, -30, -30, 
      -30, -30, -30, -30, -30, -30, -30, -30, -30, -30, -30, -30, -30, -30, 
      -30, -30, -30, -30, -30, -30, -30, -30, -30, -30, -30, -30, -30, -30, 
      -30, -30, -30, -30, -30, -30, -30, -30, -30, -30, -30, -30, -30 ;

   LineMaxAngle = 30, 30, 30, 30, 30, 30, 30, 30, 30, 30, 30, 30, 30, 30, 30, 
      30, 30, 30, 30, 30, 30, 30, 30, 30, 30, 30, 30, 30, 30, 30, 30, 30, 30, 
      30, 30, 30, 30, 30, 30, 30, 30, 30, 30, 30, 30, 30, 30, 30, 30, 30, 30, 
      30, 30, 30, 30, 30, 30, 30, 30, 30, 30, 30, 30, 30, 30, 30, 30, 30, 30, 
      30, 30, 30, 30, 30, 30, 30, 30, 30, 30, 30, 30, 30, 30, 30, 30, 30, 30, 
      30, 30, 30, 30, 30, 30, 30, 30, 30, 30, 30, 30, 30, 30, 30, 30, 30, 30, 
      30, 30, 30, 30, 30, 30, 30, 30, 30, 30, 30, 30, 30, 30, 30, 30, 30, 30, 
      30, 30, 30, 30, 30, 30, 30, 30, 30, 30, 30, 30, 30, 30, 30, 30, 30, 30, 
      30, 30, 30, 30, 30, 30, 30, 30, 30, 30, 30, 30, 30, 30, 30, 30, 30, 30, 
      30, 30, 30, 30, 30, 30, 30, 30, 30, 30, 30, 30, 30, 30, 30, 30, 30, 30, 
      30, 30, 30, 30, 30, 30, 30, 30, 30, 30, 30, 30, 30, 30, 30, 30, 30, 30, 
      30, 30, 30, 30, 30, 30, 30, 30, 30, 30, 30, 30, 30, 30, 30, 30, 30, 30, 
      30, 30, 30, 30, 30, 30, 30, 30, 30, 30, 30, 30, 30, 30, 30, 30, 30, 30, 
      30, 30, 30, 30, 30, 30, 30, 30, 30, 30, 30, 30, 30, 30, 30, 30, 30, 30, 
      30, 30, 30, 30, 30, 30, 30, 30, 30, 30, 30, 30, 30, 30 ;

   MinPowerFlow = -10000, -10000, -10000, -10000, -10000, -10000, -10000, 
      -10000, -10000, -10000, -10000, -10000, -10000, -10000, -10000, -10000, 
      -10000, -10000, -10000, -10000, -10000, -10000, -10000, -10000, -10000, 
      -10000, -10000, -10000, -10000, -10000, -10000, -10000, -10000, -10000, 
      -10000, -10000, -10000, -10000, -10000, -10000, -10000, -10000, -10000, 
      -10000, -10000, -10000, -10000, -10000, -10000, -10000, -10000, -10000, 
      -10000, -10000, -10000, -10000, -10000, -10000, -10000, -10000, -10000, 
      -10000, -10000, -10000, -10000, -10000, -10000, -10000, -10000, -10000, 
      -10000, -10000, -10000, -10000, -10000, -10000, -10000, -10000, -10000, 
      -10000, -10000, -10000, -10000, -10000, -10000, -10000, -10000, -10000, 
      -10000, -10000, -10000, -10000, -10000, -10000, -10000, -10000, -10000, 
      -10000, -10000, -10000, -10000, -10000, -10000, -10000, -10000, -10000, 
      -10000, -10000, -10000, -10000, -10000, -10000, -10000, -10000, -10000, 
      -10000, -10000, -10000, -10000, -10000, -10000, -10000, -10000, -10000, 
      -10000, -10000, -10000, -10000, -10000, -10000, -10000, -10000, -10000, 
      -10000, -10000, -10000, -10000, -10000, -10000, -10000, -10000, -10000, 
      -10000, -10000, -10000, -10000, -10000, -10000, -10000, -10000, -10000, 
      -10000, -10000, -10000, -10000, -10000, -10000, -10000, -10000, -10000, 
      -10000, -10000, -10000, -10000, -10000, -10000, -10000, -10000, -10000, 
      -10000, -10000, -10000, -10000, -10000, -10000, -10000, -10000, -10000, 
      -10000, -10000, -10000, -10000, -10000, -10000, -10000, -10000, -10000, 
      -10000, -10000, -10000, -10000, -10000, -10000, -10000, -10000, -10000, 
      -10000, -10000, -10000, -10000, -10000, -10000, -10000, -10000, -10000, 
      -10000, -10000, -10000, -10000, -10000, -10000, -10000, -10000, -10000, 
      -10000, -10000, -10000, -10000, -10000, -10000, -10000, -10000, -10000, 
      -10000, -10000, -10000, -10000, -10000, -10000, -10000, -10000, -10000, 
      -10000, -10000, -10000, -10000, -10000, -10000, -10000, -10000, -10000, 
      -10000, -10000, -10000, -10000, -10000, -10000, -10000, -10000, -10000, 
      -10000, -10000, -10000, -10000, -10000, -10000, -10000, -10000, -10000, 
      -10000, -10000, -10000, -10000 ;

   MaxPowerFlow = 10000, 10000, 10000, 10000, 10000, 10000, 10000, 10000, 
      10000, 10000, 10000, 10000, 10000, 10000, 10000, 10000, 10000, 10000, 
      10000, 10000, 10000, 10000, 10000, 10000, 10000, 10000, 10000, 10000, 
      10000, 10000, 10000, 10000, 10000, 10000, 10000, 10000, 10000, 10000, 
      10000, 10000, 10000, 10000, 10000, 10000, 10000, 10000, 10000, 10000, 
      10000, 10000, 10000, 10000, 10000, 10000, 10000, 10000, 10000, 10000, 
      10000, 10000, 10000, 10000, 10000, 10000, 10000, 10000, 10000, 10000, 
      10000, 10000, 10000, 10000, 10000, 10000, 10000, 10000, 10000, 10000, 
      10000, 10000, 10000, 10000, 10000, 10000, 10000, 10000, 10000, 10000, 
      10000, 10000, 10000, 10000, 10000, 10000, 10000, 10000, 10000, 10000, 
      10000, 10000, 10000, 10000, 10000, 10000, 10000, 10000, 10000, 10000, 
      10000, 10000, 10000, 10000, 10000, 10000, 10000, 10000, 10000, 10000, 
      10000, 10000, 10000, 10000, 10000, 10000, 10000, 10000, 10000, 10000, 
      10000, 10000, 10000, 10000, 10000, 10000, 10000, 10000, 10000, 10000, 
      10000, 10000, 10000, 10000, 10000, 10000, 10000, 10000, 10000, 10000, 
      10000, 10000, 10000, 10000, 10000, 10000, 10000, 10000, 10000, 10000, 
      10000, 10000, 10000, 10000, 10000, 10000, 10000, 10000, 10000, 10000, 
      10000, 10000, 10000, 10000, 10000, 10000, 10000, 10000, 10000, 10000, 
      10000, 10000, 10000, 10000, 10000, 10000, 10000, 10000, 10000, 10000, 
      10000, 10000, 10000, 10000, 10000, 10000, 10000, 10000, 10000, 10000, 
      10000, 10000, 10000, 10000, 10000, 10000, 10000, 10000, 10000, 10000, 
      10000, 10000, 10000, 10000, 10000, 10000, 10000, 10000, 10000, 10000, 
      10000, 10000, 10000, 10000, 10000, 10000, 10000, 10000, 10000, 10000, 
      10000, 10000, 10000, 10000, 10000, 10000, 10000, 10000, 10000, 10000, 
      10000, 10000, 10000, 10000, 10000, 10000, 10000, 10000, 10000, 10000, 
      10000, 10000, 10000, 10000, 10000, 10000, 10000, 10000, 10000, 10000, 
      10000, 10000, 10000, 10000, 10000 ;

  group: UnitBlock_0 {
    dimensions:
    	NumberCostCoeffs = 3 ;
    variables:
    	double InitialPower ;
    	double InitialReactivePower ;
    	double MaxReactivePower(TimeHorizon) ;
    	double MinReactivePower(TimeHorizon) ;
    	double VoltageMagnitude(TimeHorizon) ;
    	double MaxPower(TimeHorizon) ;
    	double MinPower(TimeHorizon) ;
    	uint CostModel ;
    	double StartUpCost ;
    	double PowerCostCoeffs(NumberCostCoeffs) ;
    	double LinearTerm ;
    	double MinUpTime ;
    	double MinDownTime ;
    	double InitUpDownTime ;
    	double InertiaCommitment ;

    // group attributes:
    		:type = "ThermalUnitBlock" ;
    data:

     InitialPower = 994.085 ;

     InitialReactivePower = -7.94 ;

     MaxReactivePower = 320.28 ;

     MinReactivePower = -336.16 ;

     VoltageMagnitude = 1.003 ;

     MaxPower = 1683.12 ;

     MinPower = 305.05 ;

     CostModel = 1 ;

     StartUpCost = 0 ;

     PowerCostCoeffs = 0, 27.125018, 0 ;

     LinearTerm = 1 ;

     MinUpTime = 1 ;

     MinDownTime = 1 ;

     InitUpDownTime = 1 ;

     InertiaCommitment = 1 ;
    } // group UnitBlock_0

  group: UnitBlock_1 {
    dimensions:
    	NumberCostCoeffs = 3 ;
    variables:
    	double InitialPower ;
    	double InitialReactivePower ;
    	double MaxReactivePower(TimeHorizon) ;
    	double MinReactivePower(TimeHorizon) ;
    	double VoltageMagnitude(TimeHorizon) ;
    	double MaxPower(TimeHorizon) ;
    	double MinPower(TimeHorizon) ;
    	uint CostModel ;
    	double StartUpCost ;
    	double PowerCostCoeffs(NumberCostCoeffs) ;
    	double LinearTerm ;
    	double MinUpTime ;
    	double MinDownTime ;
    	double InitUpDownTime ;
    	double InertiaCommitment ;

    // group attributes:
    		:type = "ThermalUnitBlock" ;
    data:

     InitialPower = 1084.63 ;

     InitialReactivePower = -30.87 ;

     MaxReactivePower = 378.83 ;

     MinReactivePower = -440.57 ;

     VoltageMagnitude = 1.003 ;

     MaxPower = 1938.18 ;

     MinPower = 231.08 ;

     CostModel = 1 ;

     StartUpCost = 0 ;

     PowerCostCoeffs = 0, 25.767823, 0 ;

     LinearTerm = 1 ;

     MinUpTime = 1 ;

     MinDownTime = 1 ;

     InitUpDownTime = 1 ;

     InertiaCommitment = 1 ;
    } // group UnitBlock_1

  group: UnitBlock_2 {
    dimensions:
    	NumberCostCoeffs = 3 ;
    variables:
    	double InitialPower ;
    	double InitialReactivePower ;
    	double MaxReactivePower(TimeHorizon) ;
    	double MinReactivePower(TimeHorizon) ;
    	double VoltageMagnitude(TimeHorizon) ;
    	double MaxPower(TimeHorizon) ;
    	double MinPower(TimeHorizon) ;
    	uint CostModel ;
    	double StartUpCost ;
    	double PowerCostCoeffs(NumberCostCoeffs) ;
    	double LinearTerm ;
    	double MinUpTime ;
    	double MinDownTime ;
    	double InitUpDownTime ;
    	double InertiaCommitment ;

    // group attributes:
    		:type = "ThermalUnitBlock" ;
    data:

     InitialPower = 2652.8 ;

     InitialReactivePower = 141.81 ;

     MaxReactivePower = 701.97 ;

     MinReactivePower = -418.35 ;

     VoltageMagnitude = 1.003 ;

     MaxPower = 4498.26 ;

     MinPower = 807.34 ;

     CostModel = 1 ;

     StartUpCost = 0 ;

     PowerCostCoeffs = 0, 33.458506, 0 ;

     LinearTerm = 1 ;

     MinUpTime = 1 ;

     MinDownTime = 1 ;

     InitUpDownTime = 1 ;

     InertiaCommitment = 1 ;
    } // group UnitBlock_2

  group: UnitBlock_3 {
    dimensions:
    	NumberCostCoeffs = 3 ;
    variables:
    	double InitialPower ;
    	double InitialReactivePower ;
    	double MaxReactivePower(TimeHorizon) ;
    	double MinReactivePower(TimeHorizon) ;
    	double VoltageMagnitude(TimeHorizon) ;
    	double MaxPower(TimeHorizon) ;
    	double MinPower(TimeHorizon) ;
    	uint CostModel ;
    	double StartUpCost ;
    	double PowerCostCoeffs(NumberCostCoeffs) ;
    	double LinearTerm ;
    	double MinUpTime ;
    	double MinDownTime ;
    	double InitUpDownTime ;
    	double InertiaCommitment ;

    // group attributes:
    		:type = "ThermalUnitBlock" ;
    data:

     InitialPower = 2402.61 ;

     InitialReactivePower = -17.94 ;

     MaxReactivePower = 899.03 ;

     MinReactivePower = -934.91 ;

     VoltageMagnitude = 1.003 ;

     MaxPower = 3956.96 ;

     MinPower = 848.26 ;

     CostModel = 1 ;

     StartUpCost = 0 ;

     PowerCostCoeffs = 0, 6.580729, 0 ;

     LinearTerm = 1 ;

     MinUpTime = 1 ;

     MinDownTime = 1 ;

     InitUpDownTime = 1 ;

     InertiaCommitment = 1 ;
    } // group UnitBlock_3

  group: UnitBlock_4 {
    dimensions:
    	NumberCostCoeffs = 3 ;
    variables:
    	double InitialPower ;
    	double InitialReactivePower ;
    	double MaxReactivePower(TimeHorizon) ;
    	double MinReactivePower(TimeHorizon) ;
    	double VoltageMagnitude(TimeHorizon) ;
    	double MaxPower(TimeHorizon) ;
    	double MinPower(TimeHorizon) ;
    	uint CostModel ;
    	double StartUpCost ;
    	double PowerCostCoeffs(NumberCostCoeffs) ;
    	double LinearTerm ;
    	double MinUpTime ;
    	double MinDownTime ;
    	double InitUpDownTime ;
    	double InertiaCommitment ;

    // group attributes:
    		:type = "ThermalUnitBlock" ;
    data:

     InitialPower = 1929.025 ;

     InitialReactivePower = 207.49 ;

     MaxReactivePower = 697.21 ;

     MinReactivePower = -282.23 ;

     VoltageMagnitude = 1.003 ;

     MaxPower = 3299.94 ;

     MinPower = 558.11 ;

     CostModel = 1 ;

     StartUpCost = 0 ;

     PowerCostCoeffs = 0, 31.784817, 0 ;

     LinearTerm = 1 ;

     MinUpTime = 1 ;

     MinDownTime = 1 ;

     InitUpDownTime = 1 ;

     InertiaCommitment = 1 ;
    } // group UnitBlock_4

  group: UnitBlock_5 {
    dimensions:
    	NumberCostCoeffs = 3 ;
    variables:
    	double InitialPower ;
    	double InitialReactivePower ;
    	double MaxReactivePower(TimeHorizon) ;
    	double MinReactivePower(TimeHorizon) ;
    	double VoltageMagnitude(TimeHorizon) ;
    	double MaxPower(TimeHorizon) ;
    	double MinPower(TimeHorizon) ;
    	uint CostModel ;
    	double StartUpCost ;
    	double PowerCostCoeffs(NumberCostCoeffs) ;
    	double LinearTerm ;
    	double MinUpTime ;
    	double MinDownTime ;
    	double InitUpDownTime ;
    	double InertiaCommitment ;

    // group attributes:
    		:type = "ThermalUnitBlock" ;
    data:

     InitialPower = 3479.425 ;

     InitialReactivePower = 361.045 ;

     MaxReactivePower = 1405.28 ;

     MinReactivePower = -683.19 ;

     VoltageMagnitude = 1.003 ;

     MaxPower = 5393.53 ;

     MinPower = 1565.32 ;

     CostModel = 1 ;

     StartUpCost = 0 ;

     PowerCostCoeffs = 0, 27.844304, 0 ;

     LinearTerm = 1 ;

     MinUpTime = 1 ;

     MinDownTime = 1 ;

     InitUpDownTime = 1 ;

     InertiaCommitment = 1 ;
    } // group UnitBlock_5

  group: UnitBlock_6 {
    dimensions:
    	NumberCostCoeffs = 3 ;
    variables:
    	double InitialPower ;
    	double InitialReactivePower ;
    	double MaxReactivePower(TimeHorizon) ;
    	double MinReactivePower(TimeHorizon) ;
    	double VoltageMagnitude(TimeHorizon) ;
    	double MaxPower(TimeHorizon) ;
    	double MinPower(TimeHorizon) ;
    	uint CostModel ;
    	double StartUpCost ;
    	double PowerCostCoeffs(NumberCostCoeffs) ;
    	double LinearTerm ;
    	double MinUpTime ;
    	double MinDownTime ;
    	double InitUpDownTime ;
    	double InertiaCommitment ;

    // group attributes:
    		:type = "ThermalUnitBlock" ;
    data:

     InitialPower = 1305.43 ;

     InitialReactivePower = 23.19 ;

     MaxReactivePower = 319 ;

     MinReactivePower = -272.62 ;

     VoltageMagnitude = 1.003 ;

     MaxPower = 2074.45 ;

     MinPower = 536.41 ;

     CostModel = 1 ;

     StartUpCost = 0 ;

     PowerCostCoeffs = 0, 41.899242, 0 ;

     LinearTerm = 1 ;

     MinUpTime = 1 ;

     MinDownTime = 1 ;

     InitUpDownTime = 1 ;

     InertiaCommitment = 1 ;
    } // group UnitBlock_6

  group: UnitBlock_7 {
    dimensions:
    	NumberCostCoeffs = 3 ;
    variables:
    	double InitialPower ;
    	double InitialReactivePower ;
    	double MaxReactivePower(TimeHorizon) ;
    	double MinReactivePower(TimeHorizon) ;
    	double VoltageMagnitude(TimeHorizon) ;
    	double MaxPower(TimeHorizon) ;
    	double MinPower(TimeHorizon) ;
    	uint CostModel ;
    	double StartUpCost ;
    	double PowerCostCoeffs(NumberCostCoeffs) ;
    	double LinearTerm ;
    	double MinUpTime ;
    	double MinDownTime ;
    	double InitUpDownTime ;
    	double InertiaCommitment ;

    // group attributes:
    		:type = "ThermalUnitBlock" ;
    data:

     InitialPower = 6392.915 ;

     InitialReactivePower = 11.185 ;

     MaxReactivePower = 4070.83 ;

     MinReactivePower = -4048.46 ;

     VoltageMagnitude = 1.003 ;

     MaxPower = 9757.06 ;

     MinPower = 3028.77 ;

     CostModel = 1 ;

     StartUpCost = 0 ;

     PowerCostCoeffs = 0, 26.88751, 0 ;

     LinearTerm = 1 ;

     MinUpTime = 1 ;

     MinDownTime = 1 ;

     InitUpDownTime = 1 ;

     InertiaCommitment = 1 ;
    } // group UnitBlock_7

  group: UnitBlock_8 {
    dimensions:
    	NumberCostCoeffs = 3 ;
    variables:
    	double InitialPower ;
    	double InitialReactivePower ;
    	double MaxReactivePower(TimeHorizon) ;
    	double MinReactivePower(TimeHorizon) ;
    	double VoltageMagnitude(TimeHorizon) ;
    	double MaxPower(TimeHorizon) ;
    	double MinPower(TimeHorizon) ;
    	uint CostModel ;
    	double StartUpCost ;
    	double PowerCostCoeffs(NumberCostCoeffs) ;
    	double LinearTerm ;
    	double MinUpTime ;
    	double MinDownTime ;
    	double InitUpDownTime ;
    	double InertiaCommitment ;

    // group attributes:
    		:type = "ThermalUnitBlock" ;
    data:

     InitialPower = 5083.72 ;

     InitialReactivePower = 1136.34 ;

     MaxReactivePower = 5544.98 ;

     MinReactivePower = -3272.3 ;

     VoltageMagnitude = 1.003 ;

     MaxPower = 8718.16 ;

     MinPower = 1449.28 ;

     CostModel = 1 ;

     StartUpCost = 0 ;

     PowerCostCoeffs = 0, 26.647901, 0 ;

     LinearTerm = 1 ;

     MinUpTime = 1 ;

     MinDownTime = 1 ;

     InitUpDownTime = 1 ;

     InertiaCommitment = 1 ;
    } // group UnitBlock_8

  group: UnitBlock_9 {
    dimensions:
    	NumberCostCoeffs = 3 ;
    variables:
    	double InitialPower ;
    	double InitialReactivePower ;
    	double MaxReactivePower(TimeHorizon) ;
    	double MinReactivePower(TimeHorizon) ;
    	double VoltageMagnitude(TimeHorizon) ;
    	double MaxPower(TimeHorizon) ;
    	double MinPower(TimeHorizon) ;
    	uint CostModel ;
    	double StartUpCost ;
    	double PowerCostCoeffs(NumberCostCoeffs) ;
    	double LinearTerm ;
    	double MinUpTime ;
    	double MinDownTime ;
    	double InitUpDownTime ;
    	double InertiaCommitment ;

    // group attributes:
    		:type = "ThermalUnitBlock" ;
    data:

     InitialPower = 2254.335 ;

     InitialReactivePower = 129.4 ;

     MaxReactivePower = 652.92 ;

     MinReactivePower = -394.12 ;

     VoltageMagnitude = 1.003 ;

     MaxPower = 3493.62 ;

     MinPower = 1015.05 ;

     CostModel = 1 ;

     StartUpCost = 0 ;

     PowerCostCoeffs = 0, 23.718395, 0 ;

     LinearTerm = 1 ;

     MinUpTime = 1 ;

     MinDownTime = 1 ;

     InitUpDownTime = 1 ;

     InertiaCommitment = 1 ;
    } // group UnitBlock_9

  group: UnitBlock_10 {
    dimensions:
    	NumberCostCoeffs = 3 ;
    variables:
    	double InitialPower ;
    	double InitialReactivePower ;
    	double MaxReactivePower(TimeHorizon) ;
    	double MinReactivePower(TimeHorizon) ;
    	double VoltageMagnitude(TimeHorizon) ;
    	double MaxPower(TimeHorizon) ;
    	double MinPower(TimeHorizon) ;
    	uint CostModel ;
    	double StartUpCost ;
    	double PowerCostCoeffs(NumberCostCoeffs) ;
    	double LinearTerm ;
    	double MinUpTime ;
    	double MinDownTime ;
    	double InitUpDownTime ;
    	double InertiaCommitment ;

    // group attributes:
    		:type = "ThermalUnitBlock" ;
    data:

     InitialPower = 191.725 ;

     InitialReactivePower = 48.255 ;

     MaxReactivePower = 247.19 ;

     MinReactivePower = -150.68 ;

     VoltageMagnitude = 1.003 ;

     MaxPower = 362.6 ;

     MinPower = 20.85 ;

     CostModel = 1 ;

     StartUpCost = 0 ;

     PowerCostCoeffs = 0, 49.354886, 0 ;

     LinearTerm = 1 ;

     MinUpTime = 1 ;

     MinDownTime = 1 ;

     InitUpDownTime = 1 ;

     InertiaCommitment = 1 ;
    } // group UnitBlock_10

  group: UnitBlock_11 {
    dimensions:
    	NumberCostCoeffs = 3 ;
    variables:
    	double InitialPower ;
    	double InitialReactivePower ;
    	double MaxReactivePower(TimeHorizon) ;
    	double MinReactivePower(TimeHorizon) ;
    	double VoltageMagnitude(TimeHorizon) ;
    	double MaxPower(TimeHorizon) ;
    	double MinPower(TimeHorizon) ;
    	uint CostModel ;
    	double StartUpCost ;
    	double PowerCostCoeffs(NumberCostCoeffs) ;
    	double LinearTerm ;
    	double MinUpTime ;
    	double MinDownTime ;
    	double InitUpDownTime ;
    	double InertiaCommitment ;

    // group attributes:
    		:type = "ThermalUnitBlock" ;
    data:

     InitialPower = 400.445 ;

     InitialReactivePower = 71.525 ;

     MaxReactivePower = 311.04 ;

     MinReactivePower = -167.99 ;

     VoltageMagnitude = 1.003 ;

     MaxPower = 673.96 ;

     MinPower = 126.93 ;

     CostModel = 1 ;

     StartUpCost = 0 ;

     PowerCostCoeffs = 0, 35.232014, 0 ;

     LinearTerm = 1 ;

     MinUpTime = 1 ;

     MinDownTime = 1 ;

     InitUpDownTime = 1 ;

     InertiaCommitment = 1 ;
    } // group UnitBlock_11

  group: UnitBlock_12 {
    dimensions:
    	NumberCostCoeffs = 3 ;
    variables:
    	double InitialPower ;
    	double InitialReactivePower ;
    	double MaxReactivePower(TimeHorizon) ;
    	double MinReactivePower(TimeHorizon) ;
    	double VoltageMagnitude(TimeHorizon) ;
    	double MaxPower(TimeHorizon) ;
    	double MinPower(TimeHorizon) ;
    	uint CostModel ;
    	double StartUpCost ;
    	double PowerCostCoeffs(NumberCostCoeffs) ;
    	double LinearTerm ;
    	double MinUpTime ;
    	double MinDownTime ;
    	double InitUpDownTime ;
    	double InertiaCommitment ;

    // group attributes:
    		:type = "ThermalUnitBlock" ;
    data:

     InitialPower = 2010.625 ;

     InitialReactivePower = 89.785 ;

     MaxReactivePower = 765.95 ;

     MinReactivePower = -586.38 ;

     VoltageMagnitude = 1.003 ;

     MaxPower = 3528.4 ;

     MinPower = 492.85 ;

     CostModel = 1 ;

     StartUpCost = 0 ;

     PowerCostCoeffs = 0, 21.891639, 0 ;

     LinearTerm = 1 ;

     MinUpTime = 1 ;

     MinDownTime = 1 ;

     InitUpDownTime = 1 ;

     InertiaCommitment = 1 ;
    } // group UnitBlock_12

  group: UnitBlock_13 {
    dimensions:
    	NumberCostCoeffs = 3 ;
    variables:
    	double InitialPower ;
    	double InitialReactivePower ;
    	double MaxReactivePower(TimeHorizon) ;
    	double MinReactivePower(TimeHorizon) ;
    	double VoltageMagnitude(TimeHorizon) ;
    	double MaxPower(TimeHorizon) ;
    	double MinPower(TimeHorizon) ;
    	uint CostModel ;
    	double StartUpCost ;
    	double PowerCostCoeffs(NumberCostCoeffs) ;
    	double LinearTerm ;
    	double MinUpTime ;
    	double MinDownTime ;
    	double InitUpDownTime ;
    	double InertiaCommitment ;

    // group attributes:
    		:type = "ThermalUnitBlock" ;
    data:

     InitialPower = 152.35 ;

     InitialReactivePower = 0.69 ;

     MaxReactivePower = 100.88 ;

     MinReactivePower = -99.5 ;

     VoltageMagnitude = 1.003 ;

     MaxPower = 233.68 ;

     MinPower = 71.02 ;

     CostModel = 1 ;

     StartUpCost = 0 ;

     PowerCostCoeffs = 0, 25.383461, 0 ;

     LinearTerm = 1 ;

     MinUpTime = 1 ;

     MinDownTime = 1 ;

     InitUpDownTime = 1 ;

     InertiaCommitment = 1 ;
    } // group UnitBlock_13

  group: UnitBlock_14 {
    dimensions:
    	NumberCostCoeffs = 3 ;
    variables:
    	double InitialPower ;
    	double InitialReactivePower ;
    	double MaxReactivePower(TimeHorizon) ;
    	double MinReactivePower(TimeHorizon) ;
    	double VoltageMagnitude(TimeHorizon) ;
    	double MaxPower(TimeHorizon) ;
    	double MinPower(TimeHorizon) ;
    	uint CostModel ;
    	double StartUpCost ;
    	double PowerCostCoeffs(NumberCostCoeffs) ;
    	double LinearTerm ;
    	double MinUpTime ;
    	double MinDownTime ;
    	double InitUpDownTime ;
    	double InertiaCommitment ;

    // group attributes:
    		:type = "ThermalUnitBlock" ;
    data:

     InitialPower = 2932.815 ;

     InitialReactivePower = 353.385 ;

     MaxReactivePower = 1553.56 ;

     MinReactivePower = -846.79 ;

     VoltageMagnitude = 1.003 ;

     MaxPower = 5459.92 ;

     MinPower = 405.71 ;

     CostModel = 1 ;

     StartUpCost = 0 ;

     PowerCostCoeffs = 0, 8.035714, 0 ;

     LinearTerm = 1 ;

     MinUpTime = 1 ;

     MinDownTime = 1 ;

     InitUpDownTime = 1 ;

     InertiaCommitment = 1 ;
    } // group UnitBlock_14

  group: UnitBlock_15 {
    dimensions:
    	NumberCostCoeffs = 3 ;
    variables:
    	double InitialPower ;
    	double InitialReactivePower ;
    	double MaxReactivePower(TimeHorizon) ;
    	double MinReactivePower(TimeHorizon) ;
    	double VoltageMagnitude(TimeHorizon) ;
    	double MaxPower(TimeHorizon) ;
    	double MinPower(TimeHorizon) ;
    	uint CostModel ;
    	double StartUpCost ;
    	double PowerCostCoeffs(NumberCostCoeffs) ;
    	double LinearTerm ;
    	double MinUpTime ;
    	double MinDownTime ;
    	double InitUpDownTime ;
    	double InertiaCommitment ;

    // group attributes:
    		:type = "ThermalUnitBlock" ;
    data:

     InitialPower = 1239.795 ;

     InitialReactivePower = -79.99 ;

     MaxReactivePower = 642.85 ;

     MinReactivePower = -802.83 ;

     VoltageMagnitude = 1.003 ;

     MaxPower = 2377.38 ;

     MinPower = 102.21 ;

     CostModel = 1 ;

     StartUpCost = 0 ;

     PowerCostCoeffs = 0, 33.91213, 0 ;

     LinearTerm = 1 ;

     MinUpTime = 1 ;

     MinDownTime = 1 ;

     InitUpDownTime = 1 ;

     InertiaCommitment = 1 ;
    } // group UnitBlock_15

  group: UnitBlock_16 {
    dimensions:
    	NumberCostCoeffs = 3 ;
    variables:
    	double InitialPower ;
    	double InitialReactivePower ;
    	double MaxReactivePower(TimeHorizon) ;
    	double MinReactivePower(TimeHorizon) ;
    	double VoltageMagnitude(TimeHorizon) ;
    	double MaxPower(TimeHorizon) ;
    	double MinPower(TimeHorizon) ;
    	uint CostModel ;
    	double StartUpCost ;
    	double PowerCostCoeffs(NumberCostCoeffs) ;
    	double LinearTerm ;
    	double MinUpTime ;
    	double MinDownTime ;
    	double InitUpDownTime ;
    	double InertiaCommitment ;

    // group attributes:
    		:type = "ThermalUnitBlock" ;
    data:

     InitialPower = 7403.065 ;

     InitialReactivePower = 135.05 ;

     MaxReactivePower = 2448.15 ;

     MinReactivePower = -2178.05 ;

     VoltageMagnitude = 1.003 ;

     MaxPower = 11165.05 ;

     MinPower = 3641.08 ;

     CostModel = 1 ;

     StartUpCost = 0 ;

     PowerCostCoeffs = 0, 25.457586, 0 ;

     LinearTerm = 1 ;

     MinUpTime = 1 ;

     MinDownTime = 1 ;

     InitUpDownTime = 1 ;

     InertiaCommitment = 1 ;
    } // group UnitBlock_16

  group: UnitBlock_17 {
    dimensions:
    	NumberCostCoeffs = 3 ;
    variables:
    	double InitialPower ;
    	double InitialReactivePower ;
    	double MaxReactivePower(TimeHorizon) ;
    	double MinReactivePower(TimeHorizon) ;
    	double VoltageMagnitude(TimeHorizon) ;
    	double MaxPower(TimeHorizon) ;
    	double MinPower(TimeHorizon) ;
    	uint CostModel ;
    	double StartUpCost ;
    	double PowerCostCoeffs(NumberCostCoeffs) ;
    	double LinearTerm ;
    	double MinUpTime ;
    	double MinDownTime ;
    	double InitUpDownTime ;
    	double InertiaCommitment ;

    // group attributes:
    		:type = "ThermalUnitBlock" ;
    data:

     InitialPower = 10354.215 ;

     InitialReactivePower = 2358.21 ;

     MaxReactivePower = 6030.37 ;

     MinReactivePower = -1313.95 ;

     VoltageMagnitude = 1.003 ;

     MaxPower = 18208.22 ;

     MinPower = 2500.21 ;

     CostModel = 1 ;

     StartUpCost = 0 ;

     PowerCostCoeffs = 0, 7.168126, 0 ;

     LinearTerm = 1 ;

     MinUpTime = 1 ;

     MinDownTime = 1 ;

     InitUpDownTime = 1 ;

     InertiaCommitment = 1 ;
    } // group UnitBlock_17

  group: UnitBlock_18 {
    dimensions:
    	NumberCostCoeffs = 3 ;
    variables:
    	double InitialPower ;
    	double InitialReactivePower ;
    	double MaxReactivePower(TimeHorizon) ;
    	double MinReactivePower(TimeHorizon) ;
    	double VoltageMagnitude(TimeHorizon) ;
    	double MaxPower(TimeHorizon) ;
    	double MinPower(TimeHorizon) ;
    	uint CostModel ;
    	double StartUpCost ;
    	double PowerCostCoeffs(NumberCostCoeffs) ;
    	double LinearTerm ;
    	double MinUpTime ;
    	double MinDownTime ;
    	double InitUpDownTime ;
    	double InertiaCommitment ;

    // group attributes:
    		:type = "ThermalUnitBlock" ;
    data:

     InitialPower = 737.535 ;

     InitialReactivePower = -14.145 ;

     MaxReactivePower = 327.94 ;

     MinReactivePower = -356.23 ;

     VoltageMagnitude = 1.003 ;

     MaxPower = 1359.89 ;

     MinPower = 115.18 ;

     CostModel = 1 ;

     StartUpCost = 0 ;

     PowerCostCoeffs = 0, 8.487093, 0 ;

     LinearTerm = 1 ;

     MinUpTime = 1 ;

     MinDownTime = 1 ;

     InitUpDownTime = 1 ;

     InertiaCommitment = 1 ;
    } // group UnitBlock_18

  group: UnitBlock_19 {
    dimensions:
    	NumberCostCoeffs = 3 ;
    variables:
    	double InitialPower ;
    	double InitialReactivePower ;
    	double MaxReactivePower(TimeHorizon) ;
    	double MinReactivePower(TimeHorizon) ;
    	double VoltageMagnitude(TimeHorizon) ;
    	double MaxPower(TimeHorizon) ;
    	double MinPower(TimeHorizon) ;
    	uint CostModel ;
    	double StartUpCost ;
    	double PowerCostCoeffs(NumberCostCoeffs) ;
    	double LinearTerm ;
    	double MinUpTime ;
    	double MinDownTime ;
    	double InitUpDownTime ;
    	double InertiaCommitment ;

    // group attributes:
    		:type = "ThermalUnitBlock" ;
    data:

     InitialPower = 1328.115 ;

     InitialReactivePower = -16.82 ;

     MaxReactivePower = 421.05 ;

     MinReactivePower = -454.69 ;

     VoltageMagnitude = 1.003 ;

     MaxPower = 2247.11 ;

     MinPower = 409.12 ;

     CostModel = 1 ;

     StartUpCost = 0 ;

     PowerCostCoeffs = 0, 19.203903, 0 ;

     LinearTerm = 1 ;

     MinUpTime = 1 ;

     MinDownTime = 1 ;

     InitUpDownTime = 1 ;

     InertiaCommitment = 1 ;
    } // group UnitBlock_19

  group: UnitBlock_20 {
    dimensions:
    	NumberCostCoeffs = 3 ;
    variables:
    	double InitialPower ;
    	double InitialReactivePower ;
    	double MaxReactivePower(TimeHorizon) ;
    	double MinReactivePower(TimeHorizon) ;
    	double VoltageMagnitude(TimeHorizon) ;
    	double MaxPower(TimeHorizon) ;
    	double MinPower(TimeHorizon) ;
    	uint CostModel ;
    	double StartUpCost ;
    	double PowerCostCoeffs(NumberCostCoeffs) ;
    	double LinearTerm ;
    	double MinUpTime ;
    	double MinDownTime ;
    	double InitUpDownTime ;
    	double InertiaCommitment ;

    // group attributes:
    		:type = "ThermalUnitBlock" ;
    data:

     InitialPower = 805.425 ;

     InitialReactivePower = -7.445 ;

     MaxReactivePower = 275.09 ;

     MinReactivePower = -289.98 ;

     VoltageMagnitude = 1.003 ;

     MaxPower = 1298.69 ;

     MinPower = 312.16 ;

     CostModel = 1 ;

     StartUpCost = 0 ;

     PowerCostCoeffs = 0, 30.820178, 0 ;

     LinearTerm = 1 ;

     MinUpTime = 1 ;

     MinDownTime = 1 ;

     InitUpDownTime = 1 ;

     InertiaCommitment = 1 ;
    } // group UnitBlock_20

  group: UnitBlock_21 {
    dimensions:
    	NumberCostCoeffs = 3 ;
    variables:
    	double InitialPower ;
    	double InitialReactivePower ;
    	double MaxReactivePower(TimeHorizon) ;
    	double MinReactivePower(TimeHorizon) ;
    	double VoltageMagnitude(TimeHorizon) ;
    	double MaxPower(TimeHorizon) ;
    	double MinPower(TimeHorizon) ;
    	uint CostModel ;
    	double StartUpCost ;
    	double PowerCostCoeffs(NumberCostCoeffs) ;
    	double LinearTerm ;
    	double MinUpTime ;
    	double MinDownTime ;
    	double InitUpDownTime ;
    	double InertiaCommitment ;

    // group attributes:
    		:type = "ThermalUnitBlock" ;
    data:

     InitialPower = 4482.46 ;

     InitialReactivePower = 1027.675 ;

     MaxReactivePower = 2735.8 ;

     MinReactivePower = -680.45 ;

     VoltageMagnitude = 1.003 ;

     MaxPower = 7386.77 ;

     MinPower = 1578.15 ;

     CostModel = 1 ;

     StartUpCost = 0 ;

     PowerCostCoeffs = 0, 124.67254, 0 ;

     LinearTerm = 1 ;

     MinUpTime = 1 ;

     MinDownTime = 1 ;

     InitUpDownTime = 1 ;

     InertiaCommitment = 1 ;
    } // group UnitBlock_21

  group: UnitBlock_22 {
    dimensions:
    	NumberCostCoeffs = 3 ;
    variables:
    	double InitialPower ;
    	double InitialReactivePower ;
    	double MaxReactivePower(TimeHorizon) ;
    	double MinReactivePower(TimeHorizon) ;
    	double VoltageMagnitude(TimeHorizon) ;
    	double MaxPower(TimeHorizon) ;
    	double MinPower(TimeHorizon) ;
    	uint CostModel ;
    	double StartUpCost ;
    	double PowerCostCoeffs(NumberCostCoeffs) ;
    	double LinearTerm ;
    	double MinUpTime ;
    	double MinDownTime ;
    	double InitUpDownTime ;
    	double InertiaCommitment ;

    // group attributes:
    		:type = "ThermalUnitBlock" ;
    data:

     InitialPower = 1178.09 ;

     InitialReactivePower = -18.965 ;

     MaxReactivePower = 307.09 ;

     MinReactivePower = -345.02 ;

     VoltageMagnitude = 1.003 ;

     MaxPower = 2043.61 ;

     MinPower = 312.57 ;

     CostModel = 1 ;

     StartUpCost = 0 ;

     PowerCostCoeffs = 0, 28.267849, 0 ;

     LinearTerm = 1 ;

     MinUpTime = 1 ;

     MinDownTime = 1 ;

     InitUpDownTime = 1 ;

     InertiaCommitment = 1 ;
    } // group UnitBlock_22

  group: UnitBlock_23 {
    dimensions:
    	NumberCostCoeffs = 3 ;
    variables:
    	double InitialPower ;
    	double InitialReactivePower ;
    	double MaxReactivePower(TimeHorizon) ;
    	double MinReactivePower(TimeHorizon) ;
    	double VoltageMagnitude(TimeHorizon) ;
    	double MaxPower(TimeHorizon) ;
    	double MinPower(TimeHorizon) ;
    	uint CostModel ;
    	double StartUpCost ;
    	double PowerCostCoeffs(NumberCostCoeffs) ;
    	double LinearTerm ;
    	double MinUpTime ;
    	double MinDownTime ;
    	double InitUpDownTime ;
    	double InertiaCommitment ;

    // group attributes:
    		:type = "ThermalUnitBlock" ;
    data:

     InitialPower = 3469.755 ;

     InitialReactivePower = 594.35 ;

     MaxReactivePower = 2149.72 ;

     MinReactivePower = -961.02 ;

     VoltageMagnitude = 1.003 ;

     MaxPower = 6145.22 ;

     MinPower = 794.29 ;

     CostModel = 1 ;

     StartUpCost = 0 ;

     PowerCostCoeffs = 0, 31.546462, 0 ;

     LinearTerm = 1 ;

     MinUpTime = 1 ;

     MinDownTime = 1 ;

     InitUpDownTime = 1 ;

     InertiaCommitment = 1 ;
    } // group UnitBlock_23

  group: UnitBlock_24 {
    dimensions:
    	NumberCostCoeffs = 3 ;
    variables:
    	double InitialPower ;
    	double InitialReactivePower ;
    	double MaxReactivePower(TimeHorizon) ;
    	double MinReactivePower(TimeHorizon) ;
    	double VoltageMagnitude(TimeHorizon) ;
    	double MaxPower(TimeHorizon) ;
    	double MinPower(TimeHorizon) ;
    	uint CostModel ;
    	double StartUpCost ;
    	double PowerCostCoeffs(NumberCostCoeffs) ;
    	double LinearTerm ;
    	double MinUpTime ;
    	double MinDownTime ;
    	double InitUpDownTime ;
    	double InertiaCommitment ;

    // group attributes:
    		:type = "ThermalUnitBlock" ;
    data:

     InitialPower = 1866.725 ;

     InitialReactivePower = 262.135 ;

     MaxReactivePower = 856.6 ;

     MinReactivePower = -332.33 ;

     VoltageMagnitude = 1.003 ;

     MaxPower = 3135.12 ;

     MinPower = 598.33 ;

     CostModel = 1 ;

     StartUpCost = 0 ;

     PowerCostCoeffs = 0, 22.349251, 0 ;

     LinearTerm = 1 ;

     MinUpTime = 1 ;

     MinDownTime = 1 ;

     InitUpDownTime = 1 ;

     InertiaCommitment = 1 ;
    } // group UnitBlock_24

  group: UnitBlock_25 {
    dimensions:
    	NumberCostCoeffs = 3 ;
    variables:
    	double InitialPower ;
    	double InitialReactivePower ;
    	double MaxReactivePower(TimeHorizon) ;
    	double MinReactivePower(TimeHorizon) ;
    	double VoltageMagnitude(TimeHorizon) ;
    	double MaxPower(TimeHorizon) ;
    	double MinPower(TimeHorizon) ;
    	uint CostModel ;
    	double StartUpCost ;
    	double PowerCostCoeffs(NumberCostCoeffs) ;
    	double LinearTerm ;
    	double MinUpTime ;
    	double MinDownTime ;
    	double InitUpDownTime ;
    	double InertiaCommitment ;

    // group attributes:
    		:type = "ThermalUnitBlock" ;
    data:

     InitialPower = 2041.235 ;

     InitialReactivePower = 252.83 ;

     MaxReactivePower = 746.55 ;

     MinReactivePower = -240.89 ;

     VoltageMagnitude = 1.003 ;

     MaxPower = 3402.54 ;

     MinPower = 679.93 ;

     CostModel = 1 ;

     StartUpCost = 0 ;

     PowerCostCoeffs = 0, 7.230771, 0 ;

     LinearTerm = 1 ;

     MinUpTime = 1 ;

     MinDownTime = 1 ;

     InitUpDownTime = 1 ;

     InertiaCommitment = 1 ;
    } // group UnitBlock_25

  group: UnitBlock_26 {
    dimensions:
    	NumberCostCoeffs = 3 ;
    variables:
    	double InitialPower ;
    	double InitialReactivePower ;
    	double MaxReactivePower(TimeHorizon) ;
    	double MinReactivePower(TimeHorizon) ;
    	double VoltageMagnitude(TimeHorizon) ;
    	double MaxPower(TimeHorizon) ;
    	double MinPower(TimeHorizon) ;
    	uint CostModel ;
    	double StartUpCost ;
    	double PowerCostCoeffs(NumberCostCoeffs) ;
    	double LinearTerm ;
    	double MinUpTime ;
    	double MinDownTime ;
    	double InitUpDownTime ;
    	double InertiaCommitment ;

    // group attributes:
    		:type = "ThermalUnitBlock" ;
    data:

     InitialPower = 2590.31 ;

     InitialReactivePower = -21.69 ;

     MaxReactivePower = 582.17 ;

     MinReactivePower = -625.55 ;

     VoltageMagnitude = 1.003 ;

     MaxPower = 4251.85 ;

     MinPower = 928.77 ;

     CostModel = 1 ;

     StartUpCost = 0 ;

     PowerCostCoeffs = 0, 14.174214, 0 ;

     LinearTerm = 1 ;

     MinUpTime = 1 ;

     MinDownTime = 1 ;

     InitUpDownTime = 1 ;

     InertiaCommitment = 1 ;
    } // group UnitBlock_26

  group: UnitBlock_27 {
    dimensions:
    	NumberCostCoeffs = 3 ;
    variables:
    	double InitialPower ;
    	double InitialReactivePower ;
    	double MaxReactivePower(TimeHorizon) ;
    	double MinReactivePower(TimeHorizon) ;
    	double VoltageMagnitude(TimeHorizon) ;
    	double MaxPower(TimeHorizon) ;
    	double MinPower(TimeHorizon) ;
    	uint CostModel ;
    	double StartUpCost ;
    	double PowerCostCoeffs(NumberCostCoeffs) ;
    	double LinearTerm ;
    	double MinUpTime ;
    	double MinDownTime ;
    	double InitUpDownTime ;
    	double InertiaCommitment ;

    // group attributes:
    		:type = "ThermalUnitBlock" ;
    data:

     InitialPower = 2214.085 ;

     InitialReactivePower = 697.35 ;

     MaxReactivePower = 10604.58 ;

     MinReactivePower = -9209.88 ;

     VoltageMagnitude = 1.003 ;

     MaxPower = 3483.05 ;

     MinPower = 945.12 ;

     CostModel = 1 ;

     StartUpCost = 0 ;

     PowerCostCoeffs = 0, 8.614738, 0 ;

     LinearTerm = 1 ;

     MinUpTime = 1 ;

     MinDownTime = 1 ;

     InitUpDownTime = 1 ;

     InertiaCommitment = 1 ;
    } // group UnitBlock_27

  group: UnitBlock_28 {
    dimensions:
    	NumberCostCoeffs = 3 ;
    variables:
    	double InitialPower ;
    	double InitialReactivePower ;
    	double MaxReactivePower(TimeHorizon) ;
    	double MinReactivePower(TimeHorizon) ;
    	double VoltageMagnitude(TimeHorizon) ;
    	double MaxPower(TimeHorizon) ;
    	double MinPower(TimeHorizon) ;
    	uint CostModel ;
    	double StartUpCost ;
    	double PowerCostCoeffs(NumberCostCoeffs) ;
    	double LinearTerm ;
    	double MinUpTime ;
    	double MinDownTime ;
    	double InitUpDownTime ;
    	double InertiaCommitment ;

    // group attributes:
    		:type = "ThermalUnitBlock" ;
    data:

     InitialPower = 501.625 ;

     InitialReactivePower = -587.665 ;

     MaxReactivePower = 9359.49 ;

     MinReactivePower = -10534.82 ;

     VoltageMagnitude = 1.003 ;

     MaxPower = 839.66 ;

     MinPower = 163.59 ;

     CostModel = 1 ;

     StartUpCost = 0 ;

     PowerCostCoeffs = 0, 49.876052, 0 ;

     LinearTerm = 1 ;

     MinUpTime = 1 ;

     MinDownTime = 1 ;

     InitUpDownTime = 1 ;

     InertiaCommitment = 1 ;
    } // group UnitBlock_28
  } // group Block_0
}
