 'COUT_MAR_CONSO'
      0.0000       0.0000       0.0000       0.0000       0.0000       0.0000
      0.0000       0.0000       0.0000       0.0000       0.0000       0.0000
      0.0000       0.0000       0.0000       0.0000       0.0000       0.0000
      0.0000       0.0000       0.0000       0.0000       0.0000       0.0000
      0.0000       0.0000       0.0000       0.0000       0.0000       0.0000
      0.0000       0.0000       0.0000       0.0000       0.0000       0.0000
      0.0000       0.0000       0.0000       0.0000       0.0000       0.0000
      0.0000       0.0000       0.0000       0.0000       0.0000       0.0000
      0.0000       0.0000       0.0000       0.0000       0.0000       0.0000
      0.0000       0.0000       0.0000       0.0000       0.0000       0.0000
      0.0000       0.0000       0.0000       0.0000       0.0000       0.0000
      0.0000       0.0000       0.0000       0.0000       0.0000       0.0000
      0.0000       0.0000       0.0000       0.0000       0.0000       0.0000
      0.0000       0.0000       0.0000       0.0000       0.0000       0.0000
      0.0000       0.0000       0.0000       0.0000       0.0000       0.0000
      0.0000       0.0000       0.0000       0.0000       0.0000       0.0000
 'COUT_MAR_PRIMAIRE'
      0.0000       0.0000       0.0000       0.0000       0.0000       0.0000
      0.0000       0.0000       0.0000       0.0000       0.0000       0.0000
      0.0000       0.0000       0.0000       0.0000       0.0000       0.0000
      0.0000       0.0000       0.0000       0.0000       0.0000       0.0000
      0.0000       0.0000       0.0000       0.0000       0.0000       0.0000
      0.0000       0.0000       0.0000       0.0000       0.0000       0.0000
      0.0000       0.0000       0.0000       0.0000       0.0000       0.0000
      0.0000       0.0000       0.0000       0.0000       0.0000       0.0000
      0.0000       0.0000       0.0000       0.0000       0.0000       0.0000
      0.0000       0.0000       0.0000       0.0000       0.0000       0.0000
      0.0000       0.0000       0.0000       0.0000       0.0000       0.0000
      0.0000       0.0000       0.0000       0.0000       0.0000       0.0000
      0.0000       0.0000       0.0000       0.0000       0.0000       0.0000
      0.0000       0.0000       0.0000       0.0000       0.0000       0.0000
      0.0000       0.0000       0.0000       0.0000       0.0000       0.0000
      0.0000       0.0000       0.0000       0.0000       0.0000       0.0000
 'COUT_MAR_TELER'
      0.0000       0.0000       0.0000       0.0000       0.0000       0.0000
      0.0000       0.0000       0.0000       0.0000       0.0000       0.0000
      0.0000       0.0000       0.0000       0.0000       0.0000       0.0000
      0.0000       0.0000       0.0000       0.0000       0.0000       0.0000
      0.0000       0.0000       0.0000       0.0000       0.0000       0.0000
      0.0000       0.0000       0.0000       0.0000       0.0000       0.0000
      0.0000       0.0000       0.0000       0.0000       0.0000       0.0000
      0.0000       0.0000       0.0000       0.0000       0.0000       0.0000
      0.0000       0.0000       0.0000       0.0000       0.0000       0.0000
      0.0000       0.0000       0.0000       0.0000       0.0000       0.0000
      0.0000       0.0000       0.0000       0.0000       0.0000       0.0000
      0.0000       0.0000       0.0000       0.0000       0.0000       0.0000
      0.0000       0.0000       0.0000       0.0000       0.0000       0.0000
      0.0000       0.0000       0.0000       0.0000       0.0000       0.0000
      0.0000       0.0000       0.0000       0.0000       0.0000       0.0000
      0.0000       0.0000       0.0000       0.0000       0.0000       0.0000
 'COUT_MAR_RESER'
      0.0000       0.0000       0.0000       0.0000       0.0000       0.0000
      0.0000       0.0000       0.0000       0.0000       0.0000       0.0000
      0.0000       0.0000       0.0000       0.0000       0.0000       0.0000
      0.0000       0.0000       0.0000       0.0000       0.0000       0.0000
      0.0000       0.0000       0.0000       0.0000       0.0000       0.0000
      0.0000       0.0000       0.0000       0.0000       0.0000       0.0000
      0.0000       0.0000       0.0000       0.0000       0.0000       0.0000
      0.0000       0.0000       0.0000       0.0000       0.0000       0.0000
      0.0000       0.0000       0.0000       0.0000       0.0000       0.0000
      0.0000       0.0000       0.0000       0.0000       0.0000       0.0000
      0.0000       0.0000       0.0000       0.0000       0.0000       0.0000
      0.0000       0.0000       0.0000       0.0000       0.0000       0.0000
      0.0000       0.0000       0.0000       0.0000       0.0000       0.0000
      0.0000       0.0000       0.0000       0.0000       0.0000       0.0000
      0.0000       0.0000       0.0000       0.0000       0.0000       0.0000
      0.0000       0.0000       0.0000       0.0000       0.0000       0.0000
