 'COUT_MAR_CONSO'
     47.9192      31.7561      35.2328      33.3532      34.4709      29.5942
     29.6020     -10.0840     -20.8221      10.1586      33.2871      36.9513
     36.4727      48.7237      50.3887      55.8670      56.0536      60.3819
     58.6375      61.4724      65.1043      66.5490      68.7893      70.1856
     68.4887      68.8726      65.8206      65.6956      65.8763      59.5721
     57.8571      56.5025      54.7776      55.7175      53.5428      51.8240
     50.6358      53.9339      53.3002      52.6313      51.5610      58.9147
     52.8097      45.9713      45.5480      53.4486      46.0097      38.7987
     40.5275      37.1523      39.0039      37.0569      37.1291      25.1483
     37.1556      22.3673       9.6666      33.1056      31.8087      36.8009
     38.4587      44.3630      47.5858      50.8938      55.5829      53.5091
     55.0415      61.4897      62.6623      63.6654      68.7300      68.5929
     65.7019      69.0229      64.5507      66.3544      59.1235      57.3812
     58.0579      55.3319      56.9249      53.6482      52.8917      53.3907
     50.3604      55.5288      52.3584      52.1996      54.9819      56.7133
     54.6503      48.9806      45.7696      49.6497      40.9436      23.4498
 'COUT_MAR_PRIMAIRE'
      4.4773      44.2581       7.0290      21.7581      23.1637      19.8514
     19.5839       7.5297       8.8571      19.3281      23.3916      43.1705
     29.1985      36.7861      27.9251      50.2645      52.9102      34.4837
     43.4960      40.5020      41.4734      24.3313      11.2561       0.3256
     24.6546       3.3855      36.9488      43.9606      38.9887      33.6362
     32.3827      39.5427      35.9904      47.2918      32.9994      63.3780
     69.6551      41.8710      46.1992      38.1858      17.2119      22.0236
     50.2620      44.8417      68.4594      32.3737      29.3198      39.9995
      0.6408      42.5081      33.7398      41.3082      33.2986      23.3725
     12.5225      32.7434      34.5448      25.4729      11.4611      53.9490
     28.6353      22.9474      25.9049      71.7059      10.5909      69.9719
     59.5242      51.4258      49.7545      45.1895       7.2206       4.5440
     28.2126       0.6293      34.2785      22.5181      22.5500      45.2547
     46.7406      78.1271       1.0733      35.6614      46.0493      59.6552
     62.5260      26.2885      33.5514      40.8312       6.7191       3.0664
     23.0981      49.3880      64.2002      16.6599      24.3161      43.2224
 'COUT_MAR_TELER'
     32.4957       0.6617       0.5600      18.3690      16.9455      22.8402
     19.9040       3.7123       3.7123      27.3962      28.3164      23.1172
     39.6899      46.9634      46.1678      23.3139      18.2464      16.7422
     18.8611       9.3098       2.4908       2.7645       1.2586       0.9040
      0.9449       1.2581       0.6830       1.4229       1.2172      13.6887
     16.6242      19.1067      23.4152      28.9435      27.4435      27.4692
     26.4441      27.7945      26.2996      37.0630      39.2520      25.8517
     28.3318      42.3226      32.6452      34.3595      43.9594      25.6365
     64.9784      21.2471      20.2202      20.7153      22.5899      46.9172
     12.3822      49.6292      60.8315      30.4121      32.4447      19.0264
     23.8920      46.4892      38.6649      26.5990      25.0236      14.9817
     15.8762       7.0541       4.1014       0.4230       2.7395       2.6861
      2.4443       1.1935       2.5761       1.1709      15.7478      10.0049
     10.1554       9.9258      18.4739      23.0441      25.5561      21.6869
     22.5599      22.5602      26.2825      36.7891      34.1133      19.4875
     25.4076      32.1507      29.5311      31.3684      39.2702      56.9905
 'COUT_MAR_RESER'
      0.0000       0.0000       0.0000       0.0000       0.0000       0.0000
      0.0000       0.0000       0.0000       0.0000       0.0000       0.0000
      0.0000       0.0000       0.0000       0.0000       0.0000       0.0000
      0.0000       0.0000       0.0000       0.0000       0.0000       0.0000
      0.0000       0.0000       0.0000       0.0000       0.0000       0.0000
      0.0000       0.0000       0.0000       0.0000       0.0000       0.0000
      0.0000       0.0000       0.0000       0.0000       0.0000       0.0000
      0.0000       0.0000       0.0000       0.0000       0.0000       0.0000
      0.0000       0.0000       0.0000       0.0000       0.0000       0.0000
      0.0000       0.0000       0.0000       0.0000       0.0000       0.0000
      0.0000       0.0000       0.0000       0.0000       0.0000       0.0000
      0.0000       0.0000       0.0000       0.0000       0.0000       0.0000
      0.0000       0.0000       0.0000       0.0000       0.0000       0.0000
      0.0000       0.0000       0.0000       0.0000       0.0000       0.0000
      0.0000       0.0000       0.0000       0.0000       0.0000       0.0000
      0.0000       0.0000       0.0000       0.0000       0.0000       0.0000
