'CONSO' '10/03/2010' '13:07' 
'11/03/2010' 
'CONSOMMATION' 
 6.56301981E+04 
 6.52604353E+04  6.45744874E+04  6.58361477E+04  6.65715677E+04  6.65805677E+04  6.54855677E+04 
 6.47429677E+04  6.38429677E+04  6.37333678E+04  6.41487678E+04  6.46461678E+04  6.60495350E+04 
 6.79687350E+04  6.99360417E+04  7.11744417E+04  7.18593052E+04  7.30516331E+04  7.32164025E+04 
 7.35384025E+04  7.32484025E+04  7.30541024E+04  7.25421024E+04  7.30618691E+04  7.29628691E+04 
 7.12360108E+04  7.19420108E+04  7.10517331E+04  7.09197852E+04  7.05757852E+04  6.91425852E+04 
 6.89465852E+04  6.81465852E+04  6.78222852E+04  6.72958852E+04  6.82082066E+04  6.87039066E+04 
 6.91455556E+04  7.29875034E+04  7.27925034E+04  7.17688034E+04  7.10735545E+04  6.98010545E+04 
 6.81104545E+04  6.67537545E+04  6.65028066E+04  6.79108544E+04  6.65668544E+04  6.65768544E+04 
 6.64187777E+04  6.50955777E+04  6.54245777E+04  6.60248256E+04  6.61078256E+04  6.51427728E+04 
 6.35566418E+04  6.27586418E+04  6.17163468E+04  6.22112467E+04  6.56119422E+04  6.70706702E+04 
 6.79694702E+04  7.02304181E+04  7.12293181E+04  7.17600181E+04  7.17926181E+04  7.18506181E+04 
 7.18046181E+04  7.15426181E+04  7.16376181E+04  7.08130181E+04  7.02176181E+04  7.00426181E+04 
 6.80746181E+04  6.88306181E+04  6.79379181E+04  6.72847871E+04  6.74543871E+04  6.58533871E+04 
 6.45628279E+04  6.36436332E+04  6.34586332E+04  6.28372854E+04  6.40944808E+04  6.50439480E+04 
 6.47033481E+04  6.78692930E+04  6.90238930E+04  6.80258930E+04  6.71077003E+04  6.58916041E+04 
 6.50218306E+04  6.38781675E+04  6.48571512E+04  6.62316067E+04  6.50081675E+04  6.47325975E+04 
'PRIMAIRE' 
 5.45112137E+02 
 5.55783677E+02  5.56803681E+02  5.57823685E+02  5.59543689E+02  5.60563694E+02  5.60563694E+02 
 5.61583713E+02  5.61583713E+02  5.61583713E+02  5.61583713E+02  5.59543674E+02  5.55448716E+02 
 5.40596276E+02  5.39996276E+02  5.25576256E+02  5.16016283E+02  4.92134017E+02  4.89170684E+02 
 4.87130706E+02  4.86110686E+02  4.85090666E+02  4.85090666E+02  4.85304000E+02  4.87904000E+02 
 5.00271276E+02  5.01991234E+02  5.04141234E+02  5.14641234E+02  5.16041234E+02  5.16641234E+02 
 5.18041234E+02  5.18041234E+02  5.18041234E+02  5.18041234E+02  5.16896276E+02  5.01316234E+02 
 4.86025708E+02  4.87115686E+02  4.86095666E+02  4.88945666E+02  5.07176251E+02  5.17801251E+02 
 5.19521251E+02  5.19521251E+02  5.28961242E+02  5.28961242E+02  5.32081261E+02  5.32081261E+02 
 5.66125465E+02  5.56100465E+02  5.57140870E+02  5.69381276E+02  5.70421681E+02  5.72241681E+02 
 5.72241681E+02  5.72241681E+02  5.72241681E+02  5.72241681E+02  5.69733348E+02  5.69733348E+02 
 5.28774890E+02  5.28115295E+02  5.23574890E+02  5.23574890E+02  5.03152853E+02  5.03152853E+02 
 5.02112448E+02  5.02112448E+02  5.02112448E+02  5.01072042E+02  5.01072042E+02  5.01072042E+02 
 5.13699682E+02  5.12999682E+02  5.11959277E+02  5.11959277E+02  5.12999682E+02  5.14209277E+02 
 5.25729277E+02  5.25860961E+02  5.24870617E+02  5.26320617E+02  5.25280212E+02  5.25645587E+02 
 5.13698727E+02  5.11140394E+02  5.12540394E+02  5.12540394E+02  5.14718033E+02  5.13682681E+02 
 5.25923087E+02  5.28239420E+02  5.39683817E+02  5.40724222E+02  5.40024222E+02  5.40024222E+02 
'TELEREGLAGE' 
 7.06859985E+02 
 7.14000000E+02  8.16000000E+02  8.16000000E+02  8.16000000E+02  7.14000000E+02  7.14000000E+02 
 7.14000000E+02  7.14000000E+02  7.14000000E+02  7.14000000E+02  7.14000000E+02  7.65000000E+02 
 7.65000000E+02  7.65000000E+02  6.97000000E+02  6.74820007E+02  6.74820007E+02  6.54820007E+02 
 6.52780029E+02  6.52780029E+02  6.52780029E+02  6.52780029E+02  7.03780029E+02  7.10780029E+02 
 7.10780029E+02  6.59780029E+02  6.72780029E+02  7.27780029E+02  7.40780029E+02  7.40780029E+02 
 7.53780029E+02  7.52760010E+02  7.52760010E+02  7.52760010E+02  7.52760010E+02  7.59739990E+02 
 7.48739990E+02  7.49760010E+02  6.49799988E+02  6.85780029E+02  7.03880005E+02  7.58880005E+02 
 7.58880005E+02  7.58880005E+02  7.32880005E+02  7.32880005E+02  7.58880005E+02  7.08900024E+02 
 8.71340027E+02  8.29340027E+02  8.29340027E+02  8.71340027E+02  7.15280029E+02  7.28280029E+02 
 7.28280029E+02  7.28280029E+02  7.28280029E+02  7.28280029E+02  7.15280029E+02  7.15280029E+02 
 7.08653625E+02  7.08653625E+02  6.70693970E+02  6.63693970E+02  6.89693970E+02  6.89693970E+02 
 6.89693970E+02  6.96693970E+02  6.96693970E+02  6.96693970E+02  7.10734375E+02  7.09693970E+02 
 7.09693970E+02  6.84734375E+02  6.83693970E+02  6.83693970E+02  6.83693970E+02  7.09693970E+02 
 7.64693970E+02  7.38693970E+02  7.38693970E+02  8.15673584E+02  8.15673584E+02  8.16713989E+02 
 8.03713989E+02  7.90713989E+02  7.52734375E+02  7.64693970E+02  7.09693970E+02  7.09693970E+02 
 7.14754822E+02  7.14754822E+02  7.65734375E+02  7.65734375E+02  7.14754822E+02  7.14754822E+02 
'RESERVE' 
 0.00000000E+00 
 0.00000000E+00  0.00000000E+00  0.00000000E+00  0.00000000E+00  0.00000000E+00  0.00000000E+00 
 0.00000000E+00  0.00000000E+00  0.00000000E+00  0.00000000E+00  0.00000000E+00  0.00000000E+00 
 0.00000000E+00  0.00000000E+00  0.00000000E+00  0.00000000E+00  0.00000000E+00  0.00000000E+00 
 0.00000000E+00  0.00000000E+00  0.00000000E+00  0.00000000E+00  0.00000000E+00  0.00000000E+00 
 0.00000000E+00  0.00000000E+00  0.00000000E+00  0.00000000E+00  0.00000000E+00  0.00000000E+00 
 0.00000000E+00  0.00000000E+00  0.00000000E+00  0.00000000E+00  0.00000000E+00  0.00000000E+00 
 0.00000000E+00  0.00000000E+00  0.00000000E+00  0.00000000E+00  0.00000000E+00  0.00000000E+00 
 0.00000000E+00  0.00000000E+00  0.00000000E+00  0.00000000E+00  0.00000000E+00  0.00000000E+00 
 0.00000000E+00  0.00000000E+00  0.00000000E+00  0.00000000E+00  0.00000000E+00  0.00000000E+00 
 0.00000000E+00  0.00000000E+00  0.00000000E+00  0.00000000E+00  0.00000000E+00  0.00000000E+00 
 0.00000000E+00  0.00000000E+00  0.00000000E+00  0.00000000E+00  0.00000000E+00  0.00000000E+00 
 0.00000000E+00  0.00000000E+00  0.00000000E+00  0.00000000E+00  0.00000000E+00  0.00000000E+00 
 0.00000000E+00  0.00000000E+00  0.00000000E+00  0.00000000E+00  0.00000000E+00  0.00000000E+00 
 0.00000000E+00  0.00000000E+00  0.00000000E+00  0.00000000E+00  0.00000000E+00  0.00000000E+00 
 0.00000000E+00  0.00000000E+00  0.00000000E+00  0.00000000E+00  0.00000000E+00  0.00000000E+00 
 0.00000000E+00  0.00000000E+00  0.00000000E+00  0.00000000E+00  0.00000000E+00  0.00000000E+00 
'COUT_MAR_CONSO' 
 7.48096008E+01 
 4.78321991E+01  4.45845985E+01  5.07195015E+01  5.06890984E+01  5.03618011E+01  4.54644012E+01 
 4.48266983E+01  4.05312004E+01  3.74973984E+01  3.81347008E+01  4.52528992E+01  5.03326988E+01 
 5.83274994E+01  6.52583008E+01  8.06961975E+01  8.45322037E+01  1.08480598E+02  1.08145699E+02 
 1.42912903E+02  1.40115494E+02  1.41952698E+02  1.12053200E+02  1.12788902E+02  1.11531197E+02 
 8.54555969E+01  8.76209030E+01  8.22031021E+01  8.31219025E+01  8.11402969E+01  7.39979019E+01 
 6.69496994E+01  6.71716995E+01  6.68478012E+01  6.43011017E+01  6.72124023E+01  6.60240021E+01 
 6.94483032E+01  2.26524506E+02  8.78420029E+01  8.50567017E+01  8.07370987E+01  7.98507996E+01 
 6.35582008E+01  5.87621002E+01  6.35652008E+01  6.48793030E+01  6.71216965E+01  6.54983978E+01 
 6.42033005E+01  6.39093018E+01  6.40035019E+01  6.50970001E+01  6.40562973E+01  6.38023987E+01 
 5.53651009E+01  5.54710999E+01  3.42706985E+01  4.08773994E+01  6.40310974E+01  6.77459030E+01 
 7.98640976E+01  8.32014008E+01  1.23265297E+02  1.43272202E+02  1.46528595E+02  1.46717194E+02 
 1.46713501E+02  1.20308800E+02  1.20457199E+02  8.85895004E+01  8.75565033E+01  8.27257004E+01 
 8.09888992E+01  8.12739029E+01  7.95621033E+01  7.89485016E+01  7.98655014E+01  6.34396019E+01 
 4.98843994E+01  5.17144012E+01  5.01918983E+01  4.62224998E+01  4.85518990E+01  5.19776993E+01 
 5.02020988E+01  6.42716980E+01  6.73554001E+01  6.59233017E+01  6.20502014E+01  5.21398010E+01 
 5.06445007E+01  4.67414017E+01  5.00740013E+01  5.63534012E+01  5.11152992E+01  5.11389008E+01 
'COUT_MAR_RESER' 
 0.00000000E+00 
 0.00000000E+00  0.00000000E+00  0.00000000E+00  0.00000000E+00  0.00000000E+00  0.00000000E+00 
 0.00000000E+00  0.00000000E+00  0.00000000E+00  0.00000000E+00  0.00000000E+00  0.00000000E+00 
 0.00000000E+00  0.00000000E+00  0.00000000E+00  0.00000000E+00  0.00000000E+00  0.00000000E+00 
 0.00000000E+00  0.00000000E+00  0.00000000E+00  0.00000000E+00  0.00000000E+00  0.00000000E+00 
 0.00000000E+00  0.00000000E+00  0.00000000E+00  0.00000000E+00  0.00000000E+00  0.00000000E+00 
 0.00000000E+00  0.00000000E+00  0.00000000E+00  0.00000000E+00  0.00000000E+00  0.00000000E+00 
 0.00000000E+00  0.00000000E+00  0.00000000E+00  0.00000000E+00  0.00000000E+00  0.00000000E+00 
 0.00000000E+00  0.00000000E+00  0.00000000E+00  0.00000000E+00  0.00000000E+00  0.00000000E+00 
 0.00000000E+00  0.00000000E+00  0.00000000E+00  0.00000000E+00  0.00000000E+00  0.00000000E+00 
 0.00000000E+00  0.00000000E+00  0.00000000E+00  0.00000000E+00  0.00000000E+00  0.00000000E+00 
 0.00000000E+00  0.00000000E+00  0.00000000E+00  0.00000000E+00  0.00000000E+00  0.00000000E+00 
 0.00000000E+00  0.00000000E+00  0.00000000E+00  0.00000000E+00  0.00000000E+00  0.00000000E+00 
 0.00000000E+00  0.00000000E+00  0.00000000E+00  0.00000000E+00  0.00000000E+00  0.00000000E+00 
 0.00000000E+00  0.00000000E+00  0.00000000E+00  0.00000000E+00  0.00000000E+00  0.00000000E+00 
 0.00000000E+00  0.00000000E+00  0.00000000E+00  0.00000000E+00  0.00000000E+00  0.00000000E+00 
 0.00000000E+00  0.00000000E+00  0.00000000E+00  0.00000000E+00  0.00000000E+00  0.00000000E+00 
'COUT_MAR_PRIMAIRE' 
 3.40816002E+01 
 3.64758987E+01  9.20947037E+01  2.99869990E+00  8.88669968E+00  1.84710999E+01  2.51002007E+01 
 2.84463997E+01  4.88301010E+01  5.96887016E+01  3.86376991E+01  2.86636009E+01  3.23414001E+01 
 3.54468002E+01  1.31443996E+01  4.83488998E+01  9.86956024E+01  7.09815979E+01  9.25298004E+01 
 4.80335999E+01  6.37601013E+01  4.95747986E+01  8.81923981E+01  8.07800980E+01  9.62965012E+01 
 4.71641006E+01  3.42409992E+00  6.58358994E+01  5.55778008E+01  7.16716995E+01  7.19805984E+01 
 3.90806007E+01  4.32019997E+00  5.58162994E+01  1.01415604E+02  4.01113014E+01  7.70160007E+00 
 8.66742020E+01  9.99050045E+00  4.28858986E+01  5.10433998E+01  8.29065018E+01  8.37241974E+01 
 8.12069988E+00  8.69562988E+01  6.03852005E+01  1.43200004E+00  6.17170000E+00  1.71084003E+01 
 4.97957993E+01  5.44236984E+01  4.62843018E+01  3.23460999E+01  2.95287991E+01  3.61692009E+01 
 3.91203995E+01  3.77794991E+01  8.95556030E+01  3.24790993E+01  4.59762993E+01  3.13514996E+01 
 5.93258018E+01  3.36259003E+01  1.03344704E+02  1.14938202E+02  4.64981003E+01  4.56427994E+01 
 4.44440994E+01  7.79533997E+01  7.76634979E+01  7.15086975E+01  3.84286995E+01  3.97906990E+01 
 8.56550980E+01  5.70182991E+01  6.10475998E+01  5.28869019E+01  4.98947983E+01  4.39123993E+01 
 4.87145996E+01  1.88824997E+01  5.23484001E+01  8.81166992E+01  2.56770000E+01  1.28928003E+01 
 4.95829010E+01  3.71659994E+00 -1.00100003E-01  1.03343000E+01  3.53522987E+01  3.36679001E+01 
 1.29689999E+01  5.92286987E+01  4.15317993E+01  1.46000004E+00  2.88932991E+01  3.45405006E+01 
'COUT_MAR_TELER' 
 4.10778999E+01 
 1.75335999E+01  4.32874985E+01  1.62551003E+01  1.41954002E+01  1.97859001E+01  2.23132992E+01 
 2.29894009E+01  4.35321007E+01  4.93460007E+01  5.30404015E+01  1.99027996E+01  4.41655998E+01 
 3.04934006E+01  4.38232002E+01  2.68848000E+01  4.20559978E+00  4.87100005E-01  9.49100018E-01 
 9.15480042E+00  4.33419991E+00  1.52980006E+00  2.52920008E+00  7.10290003E+00  4.27040005E+00 
 8.90520000E+00  8.76309967E+00  1.31120005E+01  8.64290047E+00  5.18440008E+00  4.57382011E+01 
 4.25727997E+01  5.00243988E+01  1.34909000E+01  8.33999991E-01  3.58869019E+01  1.18148102E+02 
 6.93867035E+01  7.04699993E+00  7.92619991E+00  3.26519990E+00  7.12639999E+00  4.34200001E+00 
 5.67279015E+01  2.87604008E+01  3.85423012E+01  6.02603989E+01  2.62296009E+01  3.52499992E-01 
 2.56105995E+01  3.19475994E+01  5.13511009E+01  1.85153008E+01  4.81044998E+01  2.19559002E+01 
 4.27201004E+01  3.45224991E+01  6.18129005E+01  5.98504982E+01  1.89353008E+01  3.73423996E+01 
 1.16501999E+01  9.31779957E+00  8.30280018E+00  2.63940001E+00  7.12839985E+00  9.42800045E+00 
 1.79970002E+00  2.01160002E+00  1.05307999E+01  2.05970001E+00  5.37389994E+00  8.18220043E+00 
 3.97079992E+00  5.20800018E+00  1.67563000E+01  2.22861996E+01  2.80811996E+01  2.15645008E+01 
 3.32648010E+01  3.06949997E+01  2.25002003E+01  2.12681999E+01  2.94370995E+01  6.95192032E+01 
 5.16239014E+01  9.29450035E+00  4.08930016E+00  1.98679996E+00  2.78320003E+00  2.07350998E+01 
 2.64120007E+01  2.52028008E+01  2.28554993E+01  2.12210007E+01  3.98258018E+01  3.66548996E+01 
'FIN' 
