'GROUPES' '10/03/2010' '13:07' 
'BLAYAT 1' 
'N'  2.50000000E+01 'BLAY001' 2 2  4.32500000E+02  5.00000000E+01  5.00000000E+01  5.00000000E+01  1.80000000E+01  1.80000000E+01  1.80000000E+01 
 0.00000000E+00  8.10000038E+00  0.00000000E+00 
'L'  0.00000000E+00  0.00000000E+00  6.00000000E+01  0.00000000E+00 
 3.00000000E+01  3.00000000E+01 1440 1440 120 
5 
 2.00000000E+02  4.50000000E+02  6.00000000E+02  7.50000000E+02  9.25000000E+02 
'BLAYAT 2' 
'N'  2.50000000E+01 'BLAY002' 2 2  4.49000000E+02  5.00000000E+01  5.00000000E+01  5.00000000E+01  1.80000000E+01  1.80000000E+01  1.80000000E+01 
 0.00000000E+00  7.09999800E+00  0.00000000E+00 
'L'  0.00000000E+00  0.00000000E+00  6.00000000E+01  0.00000000E+00 
 2.00000000E+00  3.00000000E+01 1440 1440 120 
5 
 2.00000000E+02  4.50000000E+02  6.00000000E+02  7.50000000E+02  9.58000000E+02 
'BLAYAT 3' 
'N'  2.50000000E+01 'BLAY003' 2 2  4.43500000E+02  1.00000000E-06  1.00000000E-06  1.00000000E-06  1.80000000E+01  1.80000000E+01  1.80000000E+01 
 0.00000000E+00  7.09999800E+00  0.00000000E+00 
'L'  0.00000000E+00  0.00000000E+00  6.00000000E+01  0.00000000E+00 
 5.00000000E+00  3.00000000E+01 1440 1440 120 
5 
 2.30000000E+02  4.50000000E+02  6.00000000E+02  7.50000000E+02  9.47000000E+02 
'BLAYAT 4' 
'N'  2.50000000E+01 'BLAY004' 2 2  4.28500000E+02  5.00000000E+01  5.00000000E+01  5.00000000E+01  1.80000000E+01  1.80000000E+01  1.80000000E+01 
 0.00000000E+00  7.09999800E+00  0.00000000E+00 
'L'  0.00000000E+00  0.00000000E+00  6.00000000E+01  0.00000000E+00 
 2.00000000E+00  3.00000000E+01 1440 1440 120 
5 
 1.90000000E+02  4.50000000E+02  6.00000000E+02  7.50000000E+02  9.17000000E+02 
'BUGEYT 2' 
'N'  2.50000000E+01 'BUGE005' 2 2  4.25500000E+02  3.50000000E+01  3.50000000E+01  3.50000000E+01  1.80000000E+01  1.80000000E+01  1.80000000E+01 
 0.00000000E+00  7.09999800E+00  0.00000000E+00 
'L'  0.00000000E+00  0.00000000E+00  6.00000000E+01  0.00000000E+00 
 3.00000000E+01  3.00000000E+01 1440 1440 120 
5 
 2.20000000E+02  4.50000000E+02  6.00000000E+02  7.50000000E+02  9.11000000E+02 
'BUGEYT 3' 
'N'  2.50000000E+01 'BUGE006' 2 2  4.24500000E+02  3.50000000E+01  3.50000000E+01  3.50000000E+01  1.80000000E+01  1.80000000E+01  1.80000000E+01 
 0.00000000E+00  7.09999800E+00  0.00000000E+00 
'L'  0.00000000E+00  0.00000000E+00  6.00000000E+01  0.00000000E+00 
 3.00000000E+01  3.00000000E+01 1440 1440 120 
5 
 2.20000000E+02  4.50000000E+02  6.00000000E+02  7.50000000E+02  9.09000000E+02 
'BUGEYT 4' 
'N'  2.50000000E+01 'BUGE007' 2 2  4.11000000E+02  3.50000000E+01  3.50000000E+01  3.50000000E+01  1.80000000E+01  1.80000000E+01  1.80000000E+01 
 0.00000000E+00  8.41000175E+00  0.00000000E+00 
'L'  0.00000000E+00  0.00000000E+00  6.00000000E+01  0.00000000E+00 
 5.00000000E+00  1.50000000E+01 1440 1440 120 
5 
 2.10000000E+02  4.50000000E+02  6.00000000E+02  7.50000000E+02  9.07000000E+02 
'BUGEYT 5' 
'N'  2.50000000E+01 'BUGE008' 2 2  4.09000000E+02  3.50000000E+01  3.50000000E+01  3.50000000E+01  1.80000000E+01  1.80000000E+01  1.80000000E+01 
 0.00000000E+00  1.06999979E+01  0.00000000E+00 
'L'  0.00000000E+00  0.00000000E+00  6.00000000E+01  0.00000000E+00 
 7.00000000E+00  3.00000000E+01 1440 1440 120 
5 
 2.10000000E+02  4.50000000E+02  6.00000000E+02  7.50000000E+02  8.78000000E+02 
'BVIL7T 1' 
'N'  2.50000000E+01 'BVIL009' 2 2  0.00000000E+00  7.00000000E+01  7.00000000E+01  7.00000000E+01  2.70000000E+01  2.70000000E+01  2.70000000E+01 
 0.00000000E+00  7.09999800E+00  0.00000000E+00 
'L'  0.00000000E+00  0.00000000E+00  6.00000000E+01  0.00000000E+00 
 4.00000000E+01  4.00000000E+01 1440 1440 120 
6 
 2.60000000E+02  4.50000000E+02  6.00000000E+02  8.00000000E+02  1.00000000E+03  1.31400000E+03 
'BVIL7T 2' 
'N'  2.50000000E+01 'BVIL010' 2 2  0.00000000E+00  7.00000000E+01  7.00000000E+01  7.00000000E+01  2.70000000E+01  2.70000000E+01  2.70000000E+01 
 0.00000000E+00  7.09999800E+00  0.00000000E+00 
'L'  0.00000000E+00  0.00000000E+00  6.00000000E+01  0.00000000E+00 
 4.00000000E+01  4.00000000E+01 1440 1440 120 
6 
 2.60000000E+02  4.50000000E+02  6.00000000E+02  8.00000000E+02  1.00000000E+03  1.31600000E+03 
'CATTET 1' 
'N'  2.50000000E+01 'CATT011' 2 2  0.00000000E+00  7.00000000E+01  7.00000000E+01  7.00000000E+01  2.70000000E+01  2.70000000E+01  2.70000000E+01 
 0.00000000E+00  7.40999985E+00  0.00000000E+00 
'L'  0.00000000E+00  0.00000000E+00  6.00000000E+01  0.00000000E+00 
 2.50000000E+01  2.50000000E+01 1440 1440 120 
2 
 3.10000000E+02  1.20400000E+03 
'CATTET 2' 
'N'  2.50000000E+01 'CATT012' 2 2  0.00000000E+00  7.00000000E+01  7.00000000E+01  7.00000000E+01  2.70000000E+01  2.70000000E+01  2.70000000E+01 
 0.00000000E+00  3.14999886E+01  0.00000000E+00 
'L'  0.00000000E+00  0.00000000E+00  6.00000000E+01  0.00000000E+00 
 4.00000000E+01  4.00000000E+01 1440 1440 120 
7 
 2.60000000E+02  4.50000000E+02  6.00000000E+02  8.00000000E+02  1.00000000E+03  1.15900000E+03  1.30600000E+03 
'CATTET 3' 
'N'  2.50000000E+01 'CATT013' 2 2  0.00000000E+00  7.00000000E+01  7.00000000E+01  7.00000000E+01  2.70000000E+01  2.70000000E+01  2.70000000E+01 
 0.00000000E+00  8.61999607E+00  0.00000000E+00 
'L'  0.00000000E+00  0.00000000E+00  6.00000000E+01  0.00000000E+00 
 4.00000000E+01  4.00000000E+01 1440 1440 120 
6 
 3.50000000E+02  4.50000000E+02  6.00000000E+02  8.00000000E+02  1.00000000E+03  1.29500000E+03 
'CATTET 4' 
'N'  2.50000000E+01 'CATT014' 2 2  0.00000000E+00  7.00000000E+01  7.00000000E+01  7.00000000E+01  2.70000000E+01  2.70000000E+01  2.70000000E+01 
 0.00000000E+00  8.63999939E+00  0.00000000E+00 
'L'  0.00000000E+00  0.00000000E+00  6.00000000E+01  0.00000000E+00 
 4.00000000E+01  4.00000000E+01 1440 1440 120 
6 
 3.50000000E+02  4.50000000E+02  6.00000000E+02  8.00000000E+02  1.00000000E+03  1.28500000E+03 
'CHIN2T 1' 
'N'  2.50000000E+01 'CHIN015' 2 2  4.15000000E+02  5.00000000E+01  5.00000000E+01  5.00000000E+01  1.80000000E+01  1.80000000E+01  1.80000000E+01 
 0.00000000E+00  7.09999800E+00  0.00000000E+00 
'L'  0.00000000E+00  0.00000000E+00  6.00000000E+01  0.00000000E+00 
 3.00000000E+01  3.00000000E+01 1440 1440 120 
5 
 1.76000000E+02  4.50000000E+02  6.00000000E+02  7.50000000E+02  8.90000000E+02 
'CHIN2T 2' 
'N'  2.50000000E+01 'CHIN016' 2 2  4.22500000E+02  5.00000000E+01  5.00000000E+01  5.00000000E+01  1.80000000E+01  1.80000000E+01  1.80000000E+01 
 0.00000000E+00  7.09999800E+00  0.00000000E+00 
'L'  0.00000000E+00  0.00000000E+00  6.00000000E+01  0.00000000E+00 
 3.00000000E+01  3.00000000E+01 1440 1440 120 
1 
 9.05000000E+02 
'CHIN2T 3' 
'N'  2.50000000E+01 'CHIN017' 2 2  4.25000000E+02  5.00000000E+01  1.00000000E+01  5.00000000E+01  1.80000000E+01  1.80000000E+01  1.80000000E+01 
 0.00000000E+00  7.09999800E+00  0.00000000E+00 
'L'  0.00000000E+00  0.00000000E+00  6.00000000E+01  0.00000000E+00 
 3.00000000E+01  3.00000000E+01 1440 1440 120 
5 
 1.76000000E+02  4.50000000E+02  6.00000000E+02  7.50000000E+02  9.10000000E+02 
'CHIN2T 4' 
'N'  2.50000000E+01 'CHIN018' 2 2  4.18500000E+02  5.00000000E+01  5.00000000E+01  5.00000000E+01  1.80000000E+01  1.80000000E+01  1.80000000E+01 
 0.00000000E+00  7.09999800E+00  0.00000000E+00 
'L'  0.00000000E+00  0.00000000E+00  6.00000000E+01  0.00000000E+00 
 2.00000000E+00  3.00000000E+01 1440 1440 120 
5 
 1.76000000E+02  4.50000000E+02  6.00000000E+02  7.50000000E+02  8.97000000E+02 
'CHOO2T 1' 
'N'  2.50000000E+01 'CHOO019' 2 2  0.00000000E+00  1.00000000E-06  1.00000000E-06  1.00000000E-06  3.00000000E+01  3.00000000E+01  3.00000000E+01 
 0.00000000E+00  7.27999783E+00  0.00000000E+00 
'L'  0.00000000E+00  0.00000000E+00  6.00000000E+01  0.00000000E+00 
 2.00000000E+00  3.00000000E+01 1440 1440 120 
6 
 3.75000000E+02  4.50000000E+02  6.00000000E+02  8.00000000E+02  1.00000000E+03  1.50000000E+03 
'CHOO2T 2' 
'N'  2.50000000E+01 'CHOO020' 2 2  0.00000000E+00  1.00000000E-06  1.00000000E-06  1.00000000E-06  3.00000000E+01  3.00000000E+01  3.00000000E+01 
 0.00000000E+00  1.08000002E+01  0.00000000E+00 
'L'  0.00000000E+00  0.00000000E+00  6.00000000E+01  0.00000000E+00 
 8.00000000E+00  3.00000000E+01 1440 1440 120 
5 
 3.75000000E+02  6.00000000E+02  8.00000000E+02  1.00000000E+03  1.49500000E+03 
'CIVAUT 1' 
'N'  2.50000000E+01 'CIVA021' 2 2  0.00000000E+00  1.00000000E-06  1.00000000E-06  1.00000000E-06  3.00000000E+01  3.00000000E+01  3.00000000E+01 
 0.00000000E+00  7.25999975E+00  0.00000000E+00 
'L'  0.00000000E+00  0.00000000E+00  6.00000000E+01  0.00000000E+00 
 7.00000000E+00  3.00000000E+01 1440 1440 120 
6 
 3.70000000E+02  4.50000000E+02  6.00000000E+02  8.00000000E+02  1.00000000E+03  1.42000000E+03 
'CIVAUT 2' 
'N'  2.50000000E+01 'CIVA022' 2 2  0.00000000E+00  1.00000000E-06  1.00000000E-06  1.00000000E-06  3.00000000E+01  3.00000000E+01  3.00000000E+01 
 0.00000000E+00  8.68000221E+00  0.00000000E+00 
'L'  0.00000000E+00  0.00000000E+00  6.00000000E+01  0.00000000E+00 
 9.00000000E+00  3.00000000E+01 1440 1440 120 
6 
 3.70000000E+02  4.50000000E+02  6.00000000E+02  8.00000000E+02  1.00000000E+03  1.52300000E+03 
'CRUA5T 1' 
'N'  2.50000000E+01 'CRUA023' 2 2  4.17500000E+02  4.00000000E+01  4.00000000E+01  4.00000000E+01  1.80000000E+01  1.80000000E+01  1.80000000E+01 
 0.00000000E+00  7.09999800E+00  0.00000000E+00 
'L'  0.00000000E+00  0.00000000E+00  6.00000000E+01  0.00000000E+00 
 3.00000000E+01  3.00000000E+01 1440 2160 120 
5 
 1.83000000E+02  4.50000000E+02  6.00000000E+02  7.87000000E+02  8.95000000E+02 
'CRUA5T 2' 
'N'  2.50000000E+01 'CRUA024' 2 2  4.24000000E+02  5.00000000E+01  5.00000000E+01  5.00000000E+01  1.80000000E+01  1.80000000E+01  1.80000000E+01 
 0.00000000E+00  7.09999800E+00  0.00000000E+00 
'L'  0.00000000E+00  0.00000000E+00  6.00000000E+01  0.00000000E+00 
 3.00000000E+01  3.00000000E+01 1440 2160 120 
5 
 1.83000000E+02  4.50000000E+02  6.00000000E+02  7.50000000E+02  9.08000000E+02 
'CRUA5T 3' 
'N'  2.50000000E+01 'CRUA025' 2 2  4.14000000E+02  5.00000000E+01  5.00000000E+01  5.00000000E+01  1.80000000E+01  1.80000000E+01  1.80000000E+01 
 0.00000000E+00  7.09999800E+00  0.00000000E+00 
'L'  0.00000000E+00  0.00000000E+00  6.00000000E+01  0.00000000E+00 
 3.00000000E+01  3.00000000E+01 1440 2160 120 
5 
 1.83000000E+02  4.50000000E+02  6.00000000E+02  7.50000000E+02  8.88000000E+02 
'CRUA5T 4' 
'N'  2.50000000E+01 'CRUA026' 2 2  4.24000000E+02  5.00000000E+01  5.00000000E+01  5.00000000E+01  1.80000000E+01  1.80000000E+01  1.80000000E+01 
 0.00000000E+00  8.13999557E+00  0.00000000E+00 
'L'  0.00000000E+00  0.00000000E+00  6.00000000E+01  0.00000000E+00 
 3.00000000E+01  3.00000000E+01 1440 2160 120 
5 
 1.83000000E+02  4.50000000E+02  6.00000000E+02  7.50000000E+02  9.08000000E+02 
'D.BURT 1' 
'N'  2.50000000E+01 'D.BU027' 2 2  4.08500000E+02  5.00000000E+01  5.00000000E+01  5.00000000E+01  1.80000000E+01  1.80000000E+01  1.80000000E+01 
 0.00000000E+00  7.09999800E+00  0.00000000E+00 
'L'  0.00000000E+00  0.00000000E+00  6.00000000E+01  0.00000000E+00 
 3.00000000E+01  3.00000000E+01 1440 1440 120 
5 
 1.80000000E+02  4.50000000E+02  6.00000000E+02  7.50000000E+02  9.00000000E+02 
'D.BURT 2' 
'N'  2.50000000E+01 'D.BU028' 2 2  4.15500000E+02  5.00000000E+01  5.00000000E+01  5.00000000E+01  1.80000000E+01  1.80000000E+01  1.80000000E+01 
 0.00000000E+00  7.09999800E+00  0.00000000E+00 
'L'  0.00000000E+00  0.00000000E+00  6.00000000E+01  0.00000000E+00 
 3.00000000E+01  3.00000000E+01 1440 1440 120 
5 
 1.80000000E+02  4.50000000E+02  6.00000000E+02  7.50000000E+02  8.91000000E+02 
'D.BURT 3' 
'N'  2.50000000E+01 'D.BU029' 2 2  4.15000000E+02  5.00000000E+01  5.00000000E+01  5.00000000E+01  1.80000000E+01  1.80000000E+01  1.80000000E+01 
 0.00000000E+00  8.11999798E+00  0.00000000E+00 
'L'  0.00000000E+00  0.00000000E+00  6.00000000E+01  0.00000000E+00 
 3.00000000E+01  3.00000000E+01 1440 1440 120 
5 
 1.80000000E+02  4.50000000E+02  6.00000000E+02  7.50000000E+02  8.90000000E+02 
'D.BURT 4' 
'N'  2.50000000E+01 'D.BU030' 2 2  4.15000000E+02  5.00000000E+01  5.00000000E+01  5.00000000E+01  1.80000000E+01  1.80000000E+01  1.80000000E+01 
 0.00000000E+00  7.09999800E+00  0.00000000E+00 
'L'  0.00000000E+00  0.00000000E+00  6.00000000E+01  0.00000000E+00 
 3.00000000E+01  3.00000000E+01 2880 1440 120 
5 
 1.80000000E+02  4.50000000E+02  6.00000000E+02  7.50000000E+02  8.90000000E+02 
'FESS5T 1' 
'N'  2.50000000E+01 'FESS031' 2 2  4.10000000E+02  3.00000000E+01  3.00000000E+01  3.00000000E+01  1.80000000E+01  1.80000000E+01  1.80000000E+01 
 0.00000000E+00  7.09999800E+00  0.00000000E+00 
'L'  0.00000000E+00  0.00000000E+00  6.00000000E+01  0.00000000E+00 
 3.00000000E+01  3.00000000E+01 1440 1440 120 
5 
 1.80000000E+02  4.50000000E+02  6.00000000E+02  7.50000000E+02  8.80000000E+02 
'FESS5T 2' 
'N'  2.50000000E+01 'FESS032' 2 2  4.05500000E+02  3.00000000E+01  3.00000000E+01  3.00000000E+01  1.80000000E+01  1.80000000E+01  1.80000000E+01 
 0.00000000E+00  7.09999800E+00  0.00000000E+00 
'L'  0.00000000E+00  0.00000000E+00  6.00000000E+01  0.00000000E+00 
 3.00000000E+01  3.00000000E+01 1440 1440 120 
5 
 1.80000000E+02  4.50000000E+02  6.00000000E+02  7.50000000E+02  8.71000000E+02 
'FLAMAT 1' 
'N'  2.50000000E+01 'FLAM033' 2 2  0.00000000E+00  7.00000000E+01  7.00000000E+01  7.00000000E+01  2.70000000E+01  2.70000000E+01  2.70000000E+01 
 0.00000000E+00  7.45000172E+00  0.00000000E+00 
'L'  0.00000000E+00  0.00000000E+00  6.00000000E+01  0.00000000E+00 
 4.00000000E+01  4.00000000E+01 1440 2940 120 
6 
 2.60000000E+02  4.50000000E+02  6.00000000E+02  8.00000000E+02  1.00000000E+03  1.31500000E+03 
'FLAMAT 2' 
'N'  2.50000000E+01 'FLAM034' 2 2  0.00000000E+00  7.00000000E+01  7.00000000E+01  7.00000000E+01  2.70000000E+01  2.70000000E+01  2.70000000E+01 
 0.00000000E+00  8.59999847E+00  0.00000000E+00 
'L'  0.00000000E+00  0.00000000E+00  6.00000000E+01  0.00000000E+00 
 4.00000000E+01  4.00000000E+01 1440 2940 120 
6 
 2.60000000E+02  4.50000000E+02  6.00000000E+02  8.00000000E+02  1.00000000E+03  1.33400000E+03 
'FLAMAT 3' 
'N'  2.50000000E+01 'FLAM035' 2 2  0.00000000E+00  7.00000000E+01  7.00000000E+01  7.00000000E+01  2.70000000E+01  2.70000000E+01  2.70000000E+01 
 0.00000000E+00  8.59999847E+00  0.00000000E+00 
'L'  0.00000000E+00  0.00000000E+00  6.00000000E+01  0.00000000E+00 
 4.00000000E+01  4.00000000E+01 1440 2940 120 
6 
 2.60000000E+02  4.50000000E+02  6.00000000E+02  8.00000000E+02  1.00000000E+03  1.60000000E+03 
'GOLF5T 1' 
'N'  2.50000000E+01 'GOLF036' 2 2  0.00000000E+00  7.00000000E+01  7.00000000E+01  7.00000000E+01  2.70000000E+01  2.70000000E+01  2.70000000E+01 
 0.00000000E+00  7.39000225E+00  0.00000000E+00 
'L'  0.00000000E+00  0.00000000E+00  6.00000000E+01  0.00000000E+00 
 4.00000000E+01  4.00000000E+01 1440 1440 120 
5 
 4.00000000E+02  6.00000000E+02  8.00000000E+02  1.00000000E+03  1.31200000E+03 
'GOLF5T 2' 
'N'  2.50000000E+01 'GOLF037' 2 2  0.00000000E+00  7.00000000E+01  7.00000000E+01  7.00000000E+01  2.70000000E+01  2.70000000E+01  2.70000000E+01 
 0.00000000E+00  7.09999800E+00  0.00000000E+00 
'L'  0.00000000E+00  0.00000000E+00  6.00000000E+01  0.00000000E+00 
 4.00000000E+01  4.00000000E+01 2880 1440 120 
6 
 2.60000000E+02  4.50000000E+02  6.00000000E+02  8.00000000E+02  1.00000000E+03  1.31000000E+03 
'GRAV5T 1' 
'N'  2.50000000E+01 'GRAV038' 2 2  4.18000000E+02  5.00000000E+01  5.00000000E+01  5.00000000E+01  1.80000000E+01  1.80000000E+01  1.80000000E+01 
 0.00000000E+00  8.20000172E+00  0.00000000E+00 
'L'  0.00000000E+00  0.00000000E+00  6.00000000E+01  0.00000000E+00 
 3.00000000E+01  3.00000000E+01 1440 1440 120 
5 
 1.82000000E+02  4.50000000E+02  6.00000000E+02  7.72000000E+02  8.90000000E+02 
'GRAV5T 2' 
'N'  2.50000000E+01 'GRAV039' 2 2  4.20500000E+02  5.00000000E+01  5.00000000E+01  5.00000000E+01  1.80000000E+01  1.80000000E+01  1.80000000E+01 
 0.00000000E+00  8.26000214E+00  0.00000000E+00 
'L'  0.00000000E+00  0.00000000E+00  6.00000000E+01  0.00000000E+00 
 3.00000000E+01  3.00000000E+01 1440 1440 120 
5 
 1.84000000E+02  4.50000000E+02  6.00000000E+02  7.50000000E+02  9.05000000E+02 
'GRAV5T 3' 
'N'  2.50000000E+01 'GRAV040' 2 2  4.20000000E+02  5.00000000E+01  5.00000000E+01  5.00000000E+01  1.80000000E+01  1.80000000E+01  1.80000000E+01 
 0.00000000E+00  7.09999800E+00  0.00000000E+00 
'L'  0.00000000E+00  0.00000000E+00  6.00000000E+01  0.00000000E+00 
 3.00000000E+01  3.00000000E+01 1440 1440 120 
5 
 1.84000000E+02  4.50000000E+02  6.00000000E+02  7.50000000E+02  9.00000000E+02 
'GRAV5T 4' 
'N'  2.50000000E+01 'GRAV041' 2 2  4.23500000E+02  5.00000000E+01  5.00000000E+01  5.00000000E+01  1.80000000E+01  1.80000000E+01  1.80000000E+01 
 0.00000000E+00  8.17999840E+00  0.00000000E+00 
'L'  0.00000000E+00  0.00000000E+00  6.00000000E+01  0.00000000E+00 
 3.00000000E+01  3.00000000E+01 1440 1440 120 
5 
 1.84000000E+02  4.50000000E+02  6.00000000E+02  7.80000000E+02  8.98000000E+02 
'GRAV5T 5' 
'N'  2.50000000E+01 'GRAV042' 2 2  4.27000000E+02  5.00000000E+01  5.00000000E+01  5.00000000E+01  1.80000000E+01  1.80000000E+01  1.80000000E+01 
 0.00000000E+00  8.27999973E+00  0.00000000E+00 
'L'  0.00000000E+00  0.00000000E+00  6.00000000E+01  0.00000000E+00 
 1.00000000E+01  3.00000000E+01 1440 1440 120 
5 
 1.84000000E+02  4.50000000E+02  6.00000000E+02  7.50000000E+02  9.26000000E+02 
'GRAV5T 6' 
'N'  2.50000000E+01 'GRAV043' 2 2  4.36000000E+02  5.00000000E+01  5.00000000E+01  5.00000000E+01  1.80000000E+01  1.80000000E+01  1.80000000E+01 
 0.00000000E+00  8.21999931E+00  0.00000000E+00 
'L'  0.00000000E+00  0.00000000E+00  6.00000000E+01  0.00000000E+00 
 1.00000000E+01  3.00000000E+01 1440 1440 120 
5 
 1.82000000E+02  4.50000000E+02  6.00000000E+02  7.50000000E+02  9.47000000E+02 
'N.SE5T 1' 
'N'  2.50000000E+01 'N.SE044' 2 2  0.00000000E+00  7.00000000E+01  7.00000000E+01  7.00000000E+01  2.70000000E+01  2.70000000E+01  2.70000000E+01 
 0.00000000E+00  1.81999912E+01  0.00000000E+00 
'L'  0.00000000E+00  0.00000000E+00  6.00000000E+01  0.00000000E+00 
 4.00000000E+01  4.00000000E+01 1440 1440 120 
2 
 1.11000000E+03  1.30400000E+03 
'N.SE5T 2' 
'N'  2.50000000E+01 'N.SE045' 2 2  0.00000000E+00  7.00000000E+01  7.00000000E+01  7.00000000E+01  2.70000000E+01  2.70000000E+01  2.70000000E+01 
 0.00000000E+00  7.09999800E+00  0.00000000E+00 
'L'  0.00000000E+00  0.00000000E+00  6.00000000E+01  0.00000000E+00 
 4.00000000E+01  4.00000000E+01 1440 1440 120 
6 
 2.60000000E+02  4.50000000E+02  6.00000000E+02  8.00000000E+02  1.00000000E+03  1.30800000E+03 
'PALUET 1' 
'N'  2.50000000E+01 'PALU046' 2 2  0.00000000E+00  7.00000000E+01  7.00000000E+01  7.00000000E+01  2.70000000E+01  2.70000000E+01  2.70000000E+01 
 0.00000000E+00  7.09999800E+00  0.00000000E+00 
'L'  0.00000000E+00  0.00000000E+00  6.00000000E+01  0.00000000E+00 
 4.00000000E+01  4.00000000E+01 1410 2940 120 
6 
 2.70000000E+02  4.50000000E+02  6.00000000E+02  8.00000000E+02  1.00000000E+03  1.31300000E+03 
'PALUET 2' 
'N'  2.50000000E+01 'PALU047' 2 2  0.00000000E+00  7.00000000E+01  7.00000000E+01  7.00000000E+01  2.70000000E+01  2.70000000E+01  2.70000000E+01 
 0.00000000E+00  1.63999920E+01  0.00000000E+00 
'L'  0.00000000E+00  0.00000000E+00  6.00000000E+01  0.00000000E+00 
 4.00000000E+01  4.00000000E+01 1410 2940 120 
6 
 2.70000000E+02  4.50000000E+02  6.00000000E+02  8.00000000E+02  1.00000000E+03  1.31000000E+03 
'PALUET 3' 
'N'  2.50000000E+01 'PALU048' 2 2  0.00000000E+00  7.00000000E+01  7.00000000E+01  7.00000000E+01  2.70000000E+01  2.70000000E+01  2.70000000E+01 
 0.00000000E+00  7.42999792E+00  0.00000000E+00 
'L'  0.00000000E+00  0.00000000E+00  6.00000000E+01  0.00000000E+00 
 4.00000000E+01  4.00000000E+01 1440 2940 120 
6 
 2.70000000E+02  4.50000000E+02  6.00000000E+02  8.00000000E+02  1.00000000E+03  1.31600000E+03 
'PALUET 4' 
'N'  2.50000000E+01 'PALU049' 2 2  0.00000000E+00  7.00000000E+01  7.00000000E+01  7.00000000E+01  2.70000000E+01  2.70000000E+01  2.70000000E+01 
 0.00000000E+00  7.46999979E+00  0.00000000E+00 
'L'  0.00000000E+00  0.00000000E+00  6.00000000E+01  0.00000000E+00 
 1.50000000E+01  1.50000000E+01 1440 2940 120 
6 
 2.70000000E+02  4.50000000E+02  6.00000000E+02  8.00000000E+02  1.00000000E+03  1.32400000E+03 
'PENLYT 1' 
'N'  2.50000000E+01 'PENL050' 2 2  0.00000000E+00  7.00000000E+01  7.00000000E+01  7.00000000E+01  2.70000000E+01  2.70000000E+01  2.70000000E+01 
 0.00000000E+00  7.09999800E+00  0.00000000E+00 
'L'  0.00000000E+00  0.00000000E+00  6.00000000E+01  0.00000000E+00 
 4.00000000E+01  4.00000000E+01 1440 2940 120 
4 
 5.88000000E+02  8.00000000E+02  1.00000000E+03  1.33000000E+03 
'PENLYT 2' 
'N'  2.50000000E+01 'PENL051' 2 2  0.00000000E+00  7.00000000E+01  7.00000000E+01  7.00000000E+01  2.70000000E+01  2.70000000E+01  2.70000000E+01 
 0.00000000E+00  1.65999889E+01  0.00000000E+00 
'L'  0.00000000E+00  0.00000000E+00  6.00000000E+01  0.00000000E+00 
 4.00000000E+01  4.00000000E+01 1440 2940 120 
6 
 2.60000000E+02  4.50000000E+02  6.00000000E+02  8.00000000E+02  1.00000000E+03  1.33000000E+03 
'SSAL7T 1' 
'N'  2.50000000E+01 'SSAL052' 2 2  0.00000000E+00  7.00000000E+01  7.00000000E+01  7.00000000E+01  2.70000000E+01  2.70000000E+01  2.70000000E+01 
 0.00000000E+00  7.48999786E+00  0.00000000E+00 
'L'  0.00000000E+00  0.00000000E+00  6.00000000E+01  0.00000000E+00 
 4.00000000E+01  4.00000000E+01 1440 1440 120 
6 
 2.60000000E+02  4.50000000E+02  6.00000000E+02  8.00000000E+02  1.00000000E+03  1.33000000E+03 
'SSAL7T 2' 
'N'  2.50000000E+01 'SSAL053' 2 2  0.00000000E+00  7.00000000E+01  7.00000000E+01  7.00000000E+01  2.70000000E+01  2.70000000E+01  2.70000000E+01 
 0.00000000E+00  7.09999800E+00  0.00000000E+00 
'L'  0.00000000E+00  0.00000000E+00  6.00000000E+01  0.00000000E+00 
 1.50000000E+01  4.00000000E+01 1440 2850 120 
6 
 2.60000000E+02  4.50000000E+02  6.00000000E+02  8.00000000E+02  1.00000000E+03  1.33000000E+03 
'SSEA2T 1' 
'N'  2.50000000E+01 'SSEA054' 2 2  4.23500000E+02  5.00000000E+01  5.00000000E+01  5.00000000E+01  1.80000000E+01  1.80000000E+01  1.80000000E+01 
 0.00000000E+00  8.69999981E+00  0.00000000E+00 
'L'  0.00000000E+00  0.00000000E+00  6.00000000E+01  0.00000000E+00 
 3.00000000E+01  3.00000000E+01 1440 1440 120 
5 
 1.80000000E+02  4.50000000E+02  6.00000000E+02  7.50000000E+02  9.07000000E+02 
'SSEA2T 2' 
'N'  2.50000000E+01 'SSEA055' 2 2  4.23500000E+02  5.00000000E+01  5.00000000E+01  5.00000000E+01  1.80000000E+01  1.80000000E+01  1.80000000E+01 
 0.00000000E+00  8.65999794E+00  0.00000000E+00 
'L'  0.00000000E+00  0.00000000E+00  6.00000000E+01  0.00000000E+00 
 3.00000000E+01  3.00000000E+01 1440 1440 120 
5 
 1.80000000E+02  4.50000000E+02  6.00000000E+02  7.50000000E+02  9.07000000E+02 
'TRICAT 1' 
'N'  2.50000000E+01 'TRIC056' 2 2  4.25000000E+02  5.00000000E+01  5.00000000E+01  5.00000000E+01  1.80000000E+01  1.80000000E+01  1.80000000E+01 
 0.00000000E+00  8.16000080E+00  0.00000000E+00 
'L'  0.00000000E+00  0.00000000E+00  6.00000000E+01  0.00000000E+00 
 3.00000000E+01  3.00000000E+01 1440 2160 120 
5 
 1.80000000E+02  4.50000000E+02  6.00000000E+02  7.50000000E+02  9.10000000E+02 
'TRICAT 2' 
'N'  2.50000000E+01 'TRIC057' 2 2  4.22500000E+02  5.00000000E+01  5.00000000E+01  5.00000000E+01  1.80000000E+01  1.80000000E+01  1.80000000E+01 
 0.00000000E+00  2.22999783E+01  0.00000000E+00 
'L'  0.00000000E+00  0.00000000E+00  6.00000000E+01  0.00000000E+00 
 3.00000000E+01  3.00000000E+01 1440 2160 120 
5 
 1.80000000E+02  4.50000000E+02  6.00000000E+02  7.50000000E+02  9.14000000E+02 
'TRICAT 3' 
'N'  2.50000000E+01 'TRIC058' 2 2  4.34000000E+02  5.00000000E+01  5.00000000E+01  5.00000000E+01  1.80000000E+01  1.80000000E+01  1.80000000E+01 
 0.00000000E+00  8.23999786E+00  0.00000000E+00 
'L'  0.00000000E+00  0.00000000E+00  6.00000000E+01  0.00000000E+00 
 3.00000000E+01  3.00000000E+01 1440 2160 120 
5 
 1.80000000E+02  4.50000000E+02  6.00000000E+02  7.50000000E+02  9.33000000E+02 
'TRICAT 4' 
'N'  2.50000000E+01 'TRIC059' 2 2  4.30000000E+02  5.00000000E+01  5.00000000E+01  5.00000000E+01  1.80000000E+01  1.80000000E+01  1.80000000E+01 
 0.00000000E+00  8.29999828E+00  0.00000000E+00 
'L'  0.00000000E+00  0.00000000E+00  6.00000000E+01  0.00000000E+00 
 1.50000000E+01  3.00000000E+01 1440 2160 120 
5 
 1.80000000E+02  4.50000000E+02  6.00000000E+02  7.50000000E+02  9.21000000E+02 
'BLENOT 2' 
'C'  0.00000000E+00 'BLEN060' 3 4  0.00000000E+00  1.00000000E-06  3.00000000E+01  1.50000000E+01  5.00000000E+00  2.50000000E+01  2.50000000E+01 
 6.45468567E+02  4.30312347E+01  0.00000000E+00 
'L'  1.10188604E+04  3.98748901E+03  6.00000000E+01  2.36913203E+04 
 2.00000000E+00  2.00000000E+00 360 150 60 
3 
 6.50000000E+01  1.40000000E+02  2.10000000E+02 
'BLENOT 3' 
'C'  0.00000000E+00 'BLEN061' 3 4  0.00000000E+00  1.00000000E-06  3.00000000E+01  1.50000000E+01  5.00000000E+00  2.50000000E+01  2.50000000E+01 
 6.84304810E+02  4.18186150E+01  0.00000000E+00 
'L'  1.10018398E+04  3.96819312E+03  6.00000000E+01  2.36129707E+04 
 2.00000000E+00  2.00000000E+00 360 150 60 
3 
 6.50000000E+01  1.40000000E+02  2.50000000E+02 
'BLENOT 4' 
'C'  0.00000000E+00 'BLEN062' 3 4  0.00000000E+00  1.00000000E-06  3.00000000E+01  1.50000000E+01  5.00000000E+00  2.50000000E+01  2.50000000E+01 
 6.29287781E+02  4.13931351E+01  0.00000000E+00 
'L'  1.10032402E+04  3.96977710E+03  6.00000000E+01  2.36194004E+04 
 2.00000000E+00  2.00000000E+00 360 150 60 
3 
 6.50000000E+01  1.40000000E+02  2.50000000E+02 
'BOUCHT 1' 
'C'  0.00000000E+00 'BOUC063' 2 3  0.00000000E+00  1.00000000E+01  2.50000000E+01  1.00000000E+01  2.50000000E+01  2.50000000E+01  2.50000000E+01 
 7.26334839E+02  4.37818375E+01  0.00000000E+00 
'L'  8.92935352E+03  4.11252783E+03  6.00000000E+01  2.19991895E+04 
 4.00000000E+00  4.00000000E+00 480 450 60 
3 
 1.20000000E+02  1.65000000E+02  2.50000000E+02 
'CORD5T 4' 
'C'  0.00000000E+00 'CORD064' 3 3  0.00000000E+00  2.00000000E+01  6.00000000E+01  1.00000000E-06  3.00000000E+01  6.00000000E+01  0.00000000E+00 
 1.54922217E+03  3.66210480E+01  0.00000000E+00 
'L'  4.56086289E+04  1.74629395E+04  6.00000000E+01  1.01106797E+05 
 5.00000000E+00  7.00000000E+00 480 420 60 
2 
 2.80000000E+02  5.80000000E+02 
'CORD5T 5' 
'C'  0.00000000E+00 'CORD065' 3 3  0.00000000E+00  2.00000000E+01  5.00000000E+01  1.00000000E-06  3.00000000E+01  6.00000000E+01  0.00000000E+00 
 1.54922217E+03  3.66210480E+01  0.00000000E+00 
'L'  4.56086289E+04  1.74629395E+04  6.00000000E+01  1.01106797E+05 
 5.00000000E+00  7.00000000E+00 480 420 60 
2 
 2.95000000E+02  5.80000000E+02 
'HAVRET 1' 
'C'  0.00000000E+00 'HAVR066' 6 2  0.00000000E+00  5.00000000E+00  1.00000000E+01  1.00000000E+01  1.30000000E+01  2.50000000E+01  1.90000000E+01 
 6.01751404E+02  4.32740822E+01  0.00000000E+00 
'L'  1.55939502E+04  4.75125684E+03  6.00000000E+01  3.06936992E+04 
 2.00000000E+00  2.00000000E+00 240 120 60 
3 
 1.25000000E+02  1.60000000E+02  2.41000000E+02 
'HAVRET 2' 
'C'  0.00000000E+00 'HAVR067' 2 3  0.00000000E+00  2.00000000E+01  3.00000000E+01  3.00000000E+01  2.70000000E+01  5.80000000E+01  4.50000000E+01 
 1.55640356E+03  4.01152763E+01  0.00000000E+00 
'L'  4.94838281E+04  2.50339102E+04  6.00000000E+01  1.29042891E+05 
 3.50000000E+00  3.50000000E+00 240 210 60 
2 
 2.68000000E+02  3.50000000E+02 
'HAVRET 4' 
'C'  0.00000000E+00 'HAVR068' 3 3  0.00000000E+00  2.00000000E+01  6.00000000E+01  5.00000000E+01  1.40000000E+01  2.90000000E+01  2.20000000E+01 
 1.50665759E+03  3.52255859E+01  0.00000000E+00 
'L'  4.79865703E+04  2.46846602E+04  6.00000000E+01  1.26435797E+05 
 7.00000000E+00  7.00000000E+00 240 180 60 
2 
 2.82000000E+02  5.10000000E+02 
'MAXE T 1' 
'C'  0.00000000E+00 'MAXE069' 3 3  0.00000000E+00  5.00000000E+00  2.50000000E+01  1.00000000E+01  2.50000000E+01  2.50000000E+01  2.50000000E+01 
 6.65064575E+02  4.25641403E+01  0.00000000E+00 
'L'  9.37656738E+03  4.05439429E+03  6.00000000E+01  2.22616504E+04 
 4.00000000E+00  4.00000000E+00 600 180 60 
3 
 1.30000000E+02  1.80000000E+02  2.50000000E+02 
'MAXE T 2' 
'C'  0.00000000E+00 'MAXE070' 3 3  0.00000000E+00  1.00000000E+01  2.50000000E+01  1.00000000E+01  2.50000000E+01  2.50000000E+01  2.50000000E+01 
 6.78214172E+02  4.34056969E+01  0.00000000E+00 
'L'  9.37675195E+03  4.05460400E+03  6.00000000E+01  2.22625000E+04 
 4.00000000E+00  4.00000000E+00 240 180 60 
4 
 1.30000000E+02  1.45000000E+02  1.80000000E+02  2.50000000E+02 
'VITRYT 3' 
'C'  0.00000000E+00 'VITR071' 6 3  0.00000000E+00  1.00000000E+01  2.00000000E+01  2.00000000E+01  2.50000000E+01  2.50000000E+01  2.50000000E+01 
 6.63006042E+02  4.45932961E+01  0.00000000E+00 
'L'  1.21281396E+04  4.79372803E+03  6.00000000E+01  2.73628691E+04 
 2.00000000E+00  2.00000000E+00 480 90 60 
3 
 1.20000000E+02  1.70000000E+02  2.50000000E+02 
'VITRYT 4' 
'C'  0.00000000E+00 'VITR072' 4 3  0.00000000E+00  1.00000000E+01  2.00000000E+01  2.00000000E+01  2.50000000E+01  2.50000000E+01  2.50000000E+01 
 6.56730042E+02  4.41711884E+01  0.00000000E+00 
'L'  1.21279697E+04  4.79353223E+03  6.00000000E+01  2.73620703E+04 
 2.00000000E+00  2.00000000E+00 240 150 60 
3 
 1.20000000E+02  1.70000000E+02  2.50000000E+02 
'ARAMOT 1' 
'F'  0.00000000E+00 'ARAM073' 2 3  0.00000000E+00  1.00000000E+02  1.00000000E+02  1.00000000E-06  7.00000000E+01  7.00000000E+01  7.00000000E+01 
 4.53098633E+03  1.01302559E+02  0.00000000E+00 
'L'  3.08975703E+04  1.00857402E+04  6.00000000E+01  6.29506016E+04 
 1.00000000E+01  1.00000000E+01 150 240 60 
2 
 2.00000000E+02  6.85000000E+02 
'ARAMOT 2' 
'F'  0.00000000E+00 'ARAM074' 4 3  0.00000000E+00  1.00000000E+02  1.00000000E+02  1.00000000E-06  7.00000000E+01  7.00000000E+01  7.00000000E+01 
 4.52349365E+03  1.01594704E+02  0.00000000E+00 
'L'  3.08830293E+04  1.00692500E+04  6.00000000E+01  6.28836484E+04 
 1.00000000E+01  1.00000000E+01 180 180 60 
2 
 2.00000000E+02  6.85000000E+02 
'ARRI5T 1' 
'G'  0.00000000E+00 'ARRI075' 2 2  0.00000000E+00  1.00000000E-06  1.00000000E-06  1.00000000E-06  7.00000000E+00  7.00000000E+00  1.80000000E+01 
 5.37713037E+03  1.18691101E+02  0.00000000E+00 
'L'  8.46000586E+03  0.00000000E+00  6.00000000E+01  8.46000586E+03 
 1.00000000E+01  1.00000000E+01 30 60 30 
2 
 7.40000000E+01  1.25000000E+02 
'ARRI5T 2' 
'G'  0.00000000E+00 'ARRI076' 2 2  0.00000000E+00  2.30000000E+01  2.30000000E+01  1.00000000E-06  7.00000000E+00  7.00000000E+00  1.80000000E+01 
 5.41599268E+03  1.11407463E+02  0.00000000E+00 
'L'  8.46305469E+03  0.00000000E+00  6.00000000E+01  8.46305469E+03 
 1.00000000E+01  1.00000000E+01 30 60 30 
2 
 6.50000000E+01  1.30000000E+02 
'BRENNT 3' 
'G'  0.00000000E+00 'BREN077' 4 4  0.00000000E+00  1.50000000E+01  1.50000000E+01  1.00000000E-06  7.00000000E+00  7.00000000E+00  0.00000000E+00 
 6.14205615E+03  1.47478683E+02  0.00000000E+00 
'L'  8.43393652E+03  0.00000000E+00  6.00000000E+01  8.43393652E+03 
 1.00000000E+01  1.00000000E+01 30 30 30 
2 
 7.40000000E+01  1.30000000E+02 
'CORD5T 2' 
'F'  0.00000000E+00 'CORD078' 2 3  0.00000000E+00  7.00000000E+01  7.00000000E+01  7.00000000E+01  7.00000000E+01  7.00000000E+01  0.00000000E+00 
 5.33757275E+03  1.26537292E+02  0.00000000E+00 
'L'  3.14900391E+04  1.07572002E+04  6.00000000E+01  6.56769922E+04 
 1.00000000E+01  1.00000000E+01 240 450 60 
3 
 1.85000000E+02  3.50000000E+02  6.85000000E+02 
'CORD5T 3' 
'F'  0.00000000E+00 'CORD079' 2 3  0.00000000E+00  7.00000000E+01  7.00000000E+01  2.00000000E+01  7.00000000E+01  7.00000000E+01  0.00000000E+00 
 5.29026904E+03  1.25568840E+02  0.00000000E+00 
'L'  3.09204902E+04  1.01117100E+04  6.00000000E+01  6.30560586E+04 
 1.00000000E+01  1.00000000E+01 240 450 60 
3 
 1.80000000E+02  3.50000000E+02  6.85000000E+02 
'GENN3T 1' 
'G'  0.00000000E+00 'GENN080' 2 2  0.00000000E+00  1.00000000E-06  1.00000000E-06  1.00000000E-06  1.80000000E+01  1.80000000E+01  1.80000000E+01 
 1.51875000E+04  2.24062500E+02  0.00000000E+00 
'L'  8.63898145E+03  0.00000000E+00  6.00000000E+01  8.63898145E+03 
 9.00000000E+00  9.00000000E+00 120 60 0 
2 
 7.60000000E+01  2.18000000E+02 
'M.PONT 1' 
'F'  0.00000000E+00 'M.PO081' 2 2  0.00000000E+00  2.50000000E+01  2.50000000E+01  2.50000000E+01  1.20000000E+01  2.50000000E+01  2.50000000E+01 
 1.40420886E+03  9.94090805E+01  0.00000000E+00 
'L'  1.13134502E+04  4.54941602E+03  6.00000000E+01  2.57717402E+04 
 3.00000000E+00  3.00000000E+00 240 300 60 
3 
 5.50000000E+01  1.50000000E+02  2.50000000E+02 
'M.PONT 2' 
'F'  0.00000000E+00 'M.PO082' 3 2  0.00000000E+00  2.50000000E+01  2.50000000E+01  2.50000000E+01  1.20000000E+01  2.50000000E+01  2.50000000E+01 
 1.40208240E+03  9.92585449E+01  0.00000000E+00 
'L'  9.70716504E+03  4.54310303E+03  6.00000000E+01  2.41453906E+04 
 3.00000000E+00  3.00000000E+00 240 270 60 
3 
 5.50000000E+01  1.50000000E+02  2.50000000E+02 
'PORC2T 1' 
'F'  0.00000000E+00 'PORC083' 10 3  0.00000000E+00  9.00000000E+01  9.00000000E+01  9.00000000E+01  7.50000000E+01  7.50000000E+01  7.50000000E+01 
 3.64558203E+03  1.00456024E+02  0.00000000E+00 
'L'  2.84214297E+04  7.38310986E+03  6.00000000E+01  5.18853516E+04 
 4.00000000E+00  6.00000000E+00 360 270 60 
3 
 1.75000000E+02  3.86000000E+02  6.00000000E+02 
'PORC2T 2' 
'F'  0.00000000E+00 'PORC084' 3 3  0.00000000E+00  9.00000000E+01  9.00000000E+01  9.00000000E+01  7.50000000E+01  7.50000000E+01  7.50000000E+01 
 3.58380371E+03  9.87537003E+01  0.00000000E+00 
'L'  2.83121699E+04  7.25927393E+03  6.00000000E+01  5.13825312E+04 
 6.00000000E+00  6.00000000E+00 360 480 60 
3 
 1.75000000E+02  3.86000000E+02  5.85000000E+02 
'PORC2T 3' 
'F'  0.00000000E+00 'PORC085' 3 3  0.00000000E+00  9.00000000E+01  9.00000000E+01  9.00000000E+01  7.50000000E+01  7.50000000E+01  7.50000000E+01 
 3.58395532E+03  1.01033401E+02  0.00000000E+00 
'L'  2.83116602E+04  7.25870508E+03  6.00000000E+01  5.13802188E+04 
 6.00000000E+00  6.00000000E+00 360 300 60 
3 
 1.75000000E+02  3.86000000E+02  5.85000000E+02 
'PORC2T 4' 
'F'  0.00000000E+00 'PORC086' 3 3  0.00000000E+00  9.00000000E+01  9.00000000E+01  9.00000000E+01  7.50000000E+01  7.50000000E+01  0.00000000E+00 
 3.58329126E+03  1.01014679E+02  0.00000000E+00 
'L'  2.83116602E+04  7.25870508E+03  6.00000000E+01  5.13802188E+04 
 6.00000000E+00  6.00000000E+00 360 300 60 
3 
 1.75000000E+02  3.86000000E+02  5.85000000E+02 
'MTERET 5' 
'G'  0.00000000E+00 'MTER087' 2 2  0.00000000E+00  1.50000000E+01  1.50000000E+01  1.00000000E-06  7.00000000E+00  7.00000000E+00  0.00000000E+00 
 1.64698672E+04  1.62745743E+02  0.00000000E+00 
'L'  3.40007007E+03  0.00000000E+00  6.00000000E+01  3.40007007E+03 
 1.20000000E+01  1.20000000E+01 30 60 60 
2 
 1.27000000E+02  1.94000000E+02 
'MTERET 6' 
'G'  0.00000000E+00 'MTER088' 2 2  0.00000000E+00  1.50000000E+01  1.50000000E+01  1.00000000E-06  7.00000000E+00  7.00000000E+00  0.00000000E+00 
 1.65355371E+04  1.63394638E+02  0.00000000E+00 
'L'  3.40007007E+03  0.00000000E+00  6.00000000E+01  3.40007007E+03 
 1.20000000E+01  1.20000000E+01 30 60 60 
2 
 1.27000000E+02  1.94000000E+02 
'VAIR6T 1' 
'G'  0.00000000E+00 'VAIR089' 2 2  0.00000000E+00  1.50000000E+01  1.50000000E+01  1.00000000E-06  7.00000000E+00  7.00000000E+00  0.00000000E+00 
 9.46154395E+03  9.34934998E+01  0.00000000E+00 
'L'  8.45695703E+03  0.00000000E+00  6.00000000E+01  8.45695703E+03 
 1.20000000E+01  1.20000000E+01 30 60 60 
2 
 1.27000000E+02  1.94000000E+02 
'VAIR6T 2' 
'G'  0.00000000E+00 'VAIR090' 2 2  0.00000000E+00  1.50000000E+01  1.50000000E+01  1.00000000E-06  7.00000000E+00  7.00000000E+00  0.00000000E+00 
 9.46154395E+03  9.34934998E+01  0.00000000E+00 
'L'  8.45695703E+03  0.00000000E+00  6.00000000E+01  8.45695703E+03 
 1.20000000E+01  1.20000000E+01 30 60 60 
2 
 7.30000000E+01  1.94000000E+02 
'VAIR6T 3' 
'G'  0.00000000E+00 'VAIR091' 2 2  0.00000000E+00  1.50000000E+01  1.50000000E+01  1.00000000E-06  7.00000000E+00  7.00000000E+00  0.00000000E+00 
 9.46154395E+03  9.34934998E+01  0.00000000E+00 
'L'  8.45695703E+03  0.00000000E+00  6.00000000E+01  8.45695703E+03 
 1.20000000E+01  1.20000000E+01 30 60 60 
2 
 1.27000000E+02  1.94000000E+02 
'BLENOT 5' 
'G'  0.00000000E+00 'BLEN092' 2 2  0.00000000E+00  1.50000000E+01  1.50000000E+01  1.00000000E-06  3.55000000E+01  3.55000000E+01  3.55000000E+01 
 3.56510508E+04  1.64692383E+02  0.00000000E+00 
'L'  3.40007007E+03  0.00000000E+00  6.00000000E+01  3.40007007E+03 
 1.20000000E+01  1.20000000E+01 30 60 60 
2 
 2.17000000E+02  4.35500000E+02 
'BLENOT 6' 
'G'  0.00000000E+00 'BLEN093' 2 2  0.00000000E+00  1.50000000E+01  1.50000000E+01  1.00000000E-06  3.55000000E+01  3.55000000E+01  3.55000000E+01 
 3.59319727E+04  1.65990051E+02  0.00000000E+00 
'L'  3.40007007E+03  0.00000000E+00  6.00000000E+01  3.40007007E+03 
 1.20000000E+01  1.20000000E+01 30 60 60 
2 
 2.17000000E+02  4.35500000E+02 
'M.PONT 5' 
'G'  0.00000000E+00 'M.PO094' 2 2  0.00000000E+00  1.50000000E+01  1.50000000E+01  1.00000000E-06  3.50000000E+01  3.50000000E+01  3.50000000E+01 
 3.81738789E+04  1.64043411E+02  0.00000000E+00 
'L'  3.40007007E+03  0.00000000E+00  6.00000000E+01  3.40007007E+03 
 1.20000000E+01  1.20000000E+01 30 60 60 
2 
 2.17000000E+02  4.65000000E+02 
'M.PONT 6' 
'G'  0.00000000E+00 'M.PO095' 2 2  0.00000000E+00  1.50000000E+01  1.50000000E+01  1.00000000E-06  3.50000000E+01  3.50000000E+01  3.50000000E+01 
 3.84758867E+04  1.65341278E+02  0.00000000E+00 
'L'  3.40007007E+03  0.00000000E+00  6.00000000E+01  3.40007007E+03 
 1.20000000E+01  1.20000000E+01 30 60 60 
2 
 2.17000000E+02  4.65000000E+02 
'CGPTPT 1' 
'P'  0.00000000E+00 'CGPT096' 2 2  0.00000000E+00  1.00000000E-06  1.00000000E-06  1.00000000E-06  0.00000000E+00  0.00000000E+00  0.00000000E+00 
 0.00000000E+00  2.89000031E+02  0.00000000E+00 
'L'  0.00000000E+00  0.00000000E+00  6.00000000E+01  0.00000000E+00 
 6.00000000E+00  1.50000000E+01 1440 1440 0 
2 
 1.00000000E+01  1.99900000E+03 
'CGPTPT 2' 
'P'  0.00000000E+00 'CGPT097' 2 2  0.00000000E+00  1.00000000E-06  1.00000000E-06  1.00000000E-06  0.00000000E+00  0.00000000E+00  0.00000000E+00 
 0.00000000E+00  2.89000031E+02  0.00000000E+00 
'L'  0.00000000E+00  0.00000000E+00  6.00000000E+01  0.00000000E+00 
 6.00000000E+00  1.50000000E+01 1440 1440 0 
2 
 1.00000000E+01  1.99900000E+03 
'THPTPT 1' 
'P'  0.00000000E+00 'THPT098' 2 2  0.00000000E+00  1.00000000E-06  1.00000000E-06  1.00000000E-06  0.00000000E+00  0.00000000E+00  0.00000000E+00 
 0.00000000E+00  2.89000031E+02  0.00000000E+00 
'L'  0.00000000E+00  0.00000000E+00  6.00000000E+01  0.00000000E+00 
 6.00000000E+00  1.50000000E+01 1440 1440 0 
2 
 1.00000000E+01  1.99900000E+03 
'AUPTPT 1' 
'P'  0.00000000E+00 'AUPT099' 2 2  0.00000000E+00  1.00000000E-06  1.00000000E-06  1.00000000E-06  0.00000000E+00  0.00000000E+00  0.00000000E+00 
 0.00000000E+00  2.89000031E+02  0.00000000E+00 
'L'  0.00000000E+00  0.00000000E+00  6.00000000E+01  0.00000000E+00 
 6.00000000E+00  1.50000000E+01 1440 1440 0 
2 
 1.00000000E+01  1.99900000E+03 
'CGDTPT 1' 
'P'  0.00000000E+00 'CGDT100' 2 2  0.00000000E+00  1.00000000E-06  1.00000000E-06  1.00000000E-06  0.00000000E+00  0.00000000E+00  0.00000000E+00 
 0.00000000E+00  2.89000031E+02  0.00000000E+00 
'L'  0.00000000E+00  0.00000000E+00  6.00000000E+01  0.00000000E+00 
 6.00000000E+00  1.50000000E+01 1440 1440 0 
2 
 1.00000000E+01  1.99900000E+03 
'CGDTXT 1' 
'P'  0.00000000E+00 'CGDT101' 2 2  0.00000000E+00  1.00000000E-06  1.00000000E-06  1.00000000E-06  0.00000000E+00  0.00000000E+00  0.00000000E+00 
 0.00000000E+00  2.89000031E+02  0.00000000E+00 
'L'  0.00000000E+00  0.00000000E+00  6.00000000E+01  0.00000000E+00 
 6.00000000E+00  1.50000000E+01 1440 1440 0 
2 
 1.00000000E+01  1.99900000E+03 
'CGDRPT 1' 
'P'  0.00000000E+00 'CGDR102' 2 2  0.00000000E+00  1.00000000E-06  1.00000000E-06  1.00000000E-06  0.00000000E+00  0.00000000E+00  0.00000000E+00 
 0.00000000E+00  2.89000031E+02  0.00000000E+00 
'L'  0.00000000E+00  0.00000000E+00  6.00000000E+01  0.00000000E+00 
 6.00000000E+00  1.50000000E+01 1440 1440 0 
2 
 1.00000000E+01  1.99900000E+03 
'DFEGST 1' 
'P'  0.00000000E+00 'DFEG103' 2 2  0.00000000E+00  1.00000000E-06  1.00000000E-06  1.00000000E-06  0.00000000E+00  0.00000000E+00  0.00000000E+00 
 0.00000000E+00  1.45860001E+02  0.00000000E+00 
'L'  0.00000000E+00  0.00000000E+00  6.00000000E+01  0.00000000E+00 
 6.00000000E+00  1.50000000E+01 1440 1440 0 
2 
 1.00000000E+01  1.99900000E+03 
'DSEGST 1' 
'P'  0.00000000E+00 'DSEG104' 2 2  0.00000000E+00  1.00000000E-06  1.00000000E-06  1.00000000E-06  0.00000000E+00  0.00000000E+00  0.00000000E+00 
 0.00000000E+00  1.45860001E+02  0.00000000E+00 
'L'  0.00000000E+00  0.00000000E+00  6.00000000E+01  0.00000000E+00 
 6.00000000E+00  1.50000000E+01 1440 1440 0 
2 
 1.00000000E+01  1.99900000E+03 
'DWEGST 1' 
'P'  0.00000000E+00 'DWEG105' 2 2  0.00000000E+00  1.00000000E-06  1.00000000E-06  1.00000000E-06  0.00000000E+00  0.00000000E+00  0.00000000E+00 
 0.00000000E+00  1.45860001E+02  0.00000000E+00 
'L'  0.00000000E+00  0.00000000E+00  6.00000000E+01  0.00000000E+00 
 6.00000000E+00  1.50000000E+01 1440 1440 0 
2 
 1.00000000E+01  1.99900000E+03 
'DWELDT 1' 
'P'  0.00000000E+00 'DWEL106' 2 2  0.00000000E+00  1.00000000E-06  1.00000000E-06  1.00000000E-06  0.00000000E+00  0.00000000E+00  0.00000000E+00 
 0.00000000E+00  1.45860001E+02  0.00000000E+00 
'L'  0.00000000E+00  0.00000000E+00  6.00000000E+01  0.00000000E+00 
 6.00000000E+00  1.50000000E+01 1440 1440 0 
2 
 1.00000000E+01  1.99900000E+03 
'DFELDT 1' 
'P'  0.00000000E+00 'DFEL107' 2 2  0.00000000E+00  1.00000000E-06  1.00000000E-06  1.00000000E-06  0.00000000E+00  0.00000000E+00  0.00000000E+00 
 0.00000000E+00  1.45860001E+02  0.00000000E+00 
'L'  0.00000000E+00  0.00000000E+00  6.00000000E+01  0.00000000E+00 
 6.00000000E+00  1.50000000E+01 1440 1440 0 
2 
 1.00000000E+01  1.99900000E+03 
'BRENNT 1' 
'G'  0.00000000E+00 'BREN108' 4 4  0.00000000E+00  1.00000000E-06  1.00000000E-06  1.00000000E-06  0.00000000E+00  0.00000000E+00  0.00000000E+00 
 1.80632751E+03  1.47455338E+02  0.00000000E+00 
'L'  8.36701172E+03  0.00000000E+00  6.00000000E+01  8.36701172E+03 
 7.00000000E+00  7.00000000E+00 30 30 30 
4 
 4.00000000E+01  4.20000000E+01  7.00000000E+01  8.50000000E+01 
'BRENNT 2' 
'G'  0.00000000E+00 'BREN109' 4 4  0.00000000E+00  1.00000000E-06  1.00000000E-06  1.00000000E-06  0.00000000E+00  0.00000000E+00  0.00000000E+00 
 1.80486780E+03  1.47336166E+02  0.00000000E+00 
'L'  8.37600586E+03  0.00000000E+00  6.00000000E+01  8.37600586E+03 
 7.00000000E+00  7.00000000E+00 30 30 30 
4 
 4.00000000E+00  4.20000000E+01  7.00000000E+01  8.50000000E+01 
'DIRINT 1' 
'G'  0.00000000E+00 'DIRI110' 2 2  0.00000000E+00  1.00000000E-06  1.00000000E-06  1.00000000E-06  0.00000000E+00  0.00000000E+00  0.00000000E+00 
 1.89160315E+03  1.73547119E+02  0.00000000E+00 
'L'  8.39094629E+03  0.00000000E+00  6.00000000E+01  8.39094629E+03 
 7.00000000E+00  7.00000000E+00 30 30 30 
4 
 4.00000000E+01  4.20000000E+01  7.00000000E+01  7.80000000E+01 
'DIRINT 2' 
'G'  0.00000000E+00 'DIRI111' 2 2  0.00000000E+00  1.00000000E-06  1.00000000E-06  1.00000000E-06  0.00000000E+00  0.00000000E+00  0.00000000E+00 
 1.89207483E+03  1.73590378E+02  0.00000000E+00 
'L'  8.39094629E+03  0.00000000E+00  6.00000000E+01  8.39094629E+03 
 7.00000000E+00  7.00000000E+00 30 30 30 
4 
 4.00000000E+01  4.20000000E+01  7.00000000E+01  8.50000000E+01 
'PHENIT 1' 
'P'  0.00000000E+00 'PHEN112' 9 4  0.00000000E+00  1.00000000E-06  1.00000000E-06  1.00000000E-06  0.00000000E+00  0.00000000E+00  0.00000000E+00 
 1.16499962E+02  4.49999857E+00  0.00000000E+00 
'L'  0.00000000E+00  0.00000000E+00  6.00000000E+01  0.00000000E+00 
 3.00000000E+01  3.00000000E+01 1410 1890 120 
2 
 1.30000000E+02  2.33000000E+02 
'VLEJUT 1' 
'G'  0.00000000E+00 'VLEJ113' 2 2  0.00000000E+00  1.00000000E-06  1.00000000E-06  1.00000000E-06  0.00000000E+00  0.00000000E+00  0.00000000E+00 
 2.73413403E+03  1.18691101E+02  0.00000000E+00 
'L'  0.00000000E+00  0.00000000E+00  6.00000000E+01  0.00000000E+00 
 2.00000000E+00  2.00000000E+00 30 30 30 
2 
 1.00000000E+00  6.00000000E+01 
'CGHTAT 1' 
'P'  0.00000000E+00 'CGHT114' 2 2  0.00000000E+00  7.00000000E+01  7.00000000E+01  7.00000000E+01  0.00000000E+00  0.00000000E+00  0.00000000E+00 
 0.00000000E+00  2.83000031E+02  0.00000000E+00 
'L'  0.00000000E+00  0.00000000E+00  6.00000000E+01  0.00000000E+00 
 6.00000000E+00  1.50000000E+01 1440 1440 120 
3 
 1.60000000E+02  8.00000000E+02  1.99900000E+03 
'CGHTAT 2' 
'P'  0.00000000E+00 'CGHT115' 2 2  0.00000000E+00  7.00000000E+01  7.00000000E+01  7.00000000E+01  0.00000000E+00  0.00000000E+00  0.00000000E+00 
 0.00000000E+00  2.82000000E+02  0.00000000E+00 
'L'  0.00000000E+00  0.00000000E+00  6.00000000E+01  0.00000000E+00 
 6.00000000E+00  1.50000000E+01 1440 1440 120 
3 
 1.60000000E+02  8.00000000E+02  1.99900000E+03 
'CGHTBT 1' 
'P'  0.00000000E+00 'CGHT116' 2 2  0.00000000E+00  3.00000000E+01  3.00000000E+01  3.00000000E+01  0.00000000E+00  0.00000000E+00  0.00000000E+00 
 0.00000000E+00  2.80999969E+02  0.00000000E+00 
'L'  0.00000000E+00  0.00000000E+00  6.00000000E+01  0.00000000E+00 
 5.00000000E+00  3.00000000E+01 1440 1440 120 
3 
 1.60000000E+02  4.50000000E+02  1.99900000E+03 
'CGHTBT 2' 
'P'  0.00000000E+00 'CGHT117' 2 2  0.00000000E+00  3.00000000E+01  3.00000000E+01  3.00000000E+01  0.00000000E+00  0.00000000E+00  0.00000000E+00 
 0.00000000E+00  2.80000061E+02  0.00000000E+00 
'L'  0.00000000E+00  0.00000000E+00  6.00000000E+01  0.00000000E+00 
 5.00000000E+00  3.00000000E+01 1440 1440 120 
3 
 1.60000000E+02  4.50000000E+02  1.99900000E+03 
'CGPTFT 1' 
'P'  0.00000000E+00 'CGPT118' 2 2  0.00000000E+00  7.00000000E+01  7.00000000E+01  7.00000000E+01  0.00000000E+00  0.00000000E+00  0.00000000E+00 
 0.00000000E+00  2.89999969E+02  0.00000000E+00 
'L'  0.00000000E+00  0.00000000E+00  6.00000000E+01  0.00000000E+00 
 6.00000000E+00  1.50000000E+01 1440 1440 120 
3 
 1.60000000E+02  8.00000000E+02  1.99900000E+03 
'CGPTFT 2' 
'P'  0.00000000E+00 'CGPT119' 2 2  0.00000000E+00  7.00000000E+01  7.00000000E+01  7.00000000E+01  0.00000000E+00  0.00000000E+00  0.00000000E+00 
 0.00000000E+00  2.89999969E+02  0.00000000E+00 
'L'  0.00000000E+00  0.00000000E+00  6.00000000E+01  0.00000000E+00 
 6.00000000E+00  1.50000000E+01 1440 1440 120 
3 
 1.60000000E+02  8.00000000E+02  1.99900000E+03 
'CGPTXT 1' 
'P'  0.00000000E+00 'CGPT120' 2 2  0.00000000E+00  7.00000000E+01  7.00000000E+01  7.00000000E+01  0.00000000E+00  0.00000000E+00  0.00000000E+00 
 0.00000000E+00  2.89999969E+02  0.00000000E+00 
'L'  0.00000000E+00  0.00000000E+00  6.00000000E+01  0.00000000E+00 
 6.00000000E+00  1.50000000E+01 1440 1440 120 
3 
 1.60000000E+02  8.00000000E+02  1.99900000E+03 
'CGPTXT 2' 
'P'  0.00000000E+00 'CGPT121' 2 2  0.00000000E+00  7.00000000E+01  7.00000000E+01  7.00000000E+01  0.00000000E+00  0.00000000E+00  0.00000000E+00 
 0.00000000E+00  2.89999969E+02  0.00000000E+00 
'L'  0.00000000E+00  0.00000000E+00  6.00000000E+01  0.00000000E+00 
 6.00000000E+00  1.50000000E+01 1440 1440 120 
3 
 1.60000000E+02  8.00000000E+02  1.99900000E+03 
'CGRPDT 1' 
'P'  0.00000000E+00 'CGRP122' 2 2  0.00000000E+00  7.00000000E+01  7.00000000E+01  7.00000000E+01  0.00000000E+00  0.00000000E+00  0.00000000E+00 
 0.00000000E+00  2.89999969E+02  0.00000000E+00 
'L'  0.00000000E+00  0.00000000E+00  6.00000000E+01  0.00000000E+00 
 6.00000000E+00  1.50000000E+01 1440 1440 120 
3 
 1.60000000E+02  8.00000000E+02  1.99900000E+03 
'CGRPDT 2' 
'P'  0.00000000E+00 'CGRP123' 2 2  0.00000000E+00  7.00000000E+01  7.00000000E+01  7.00000000E+01  0.00000000E+00  0.00000000E+00  0.00000000E+00 
 0.00000000E+00  2.89999969E+02  0.00000000E+00 
'L'  0.00000000E+00  0.00000000E+00  6.00000000E+01  0.00000000E+00 
 6.00000000E+00  1.50000000E+01 1440 1440 120 
3 
 1.60000000E+02  8.00000000E+02  1.99900000E+03 
'THPTFT 1' 
'P'  0.00000000E+00 'THPT124' 2 2  0.00000000E+00  7.00000000E+01  7.00000000E+01  7.00000000E+01  0.00000000E+00  0.00000000E+00  0.00000000E+00 
 0.00000000E+00  2.89999969E+02  0.00000000E+00 
'L'  0.00000000E+00  0.00000000E+00  6.00000000E+01  0.00000000E+00 
 6.00000000E+00  1.50000000E+01 1440 1440 120 
3 
 1.60000000E+02  8.00000000E+02  1.99900000E+03 
'THPTXT 1' 
'P'  0.00000000E+00 'THPT125' 2 2  0.00000000E+00  7.00000000E+01  7.00000000E+01  7.00000000E+01  0.00000000E+00  0.00000000E+00  0.00000000E+00 
 0.00000000E+00  2.89999969E+02  0.00000000E+00 
'L'  0.00000000E+00  0.00000000E+00  6.00000000E+01  0.00000000E+00 
 6.00000000E+00  1.50000000E+01 1440 1440 120 
3 
 1.60000000E+02  8.00000000E+02  1.99900000E+03 
'THRPDT 1' 
'P'  0.00000000E+00 'THRP126' 2 2  0.00000000E+00  7.00000000E+01  7.00000000E+01  7.00000000E+01  0.00000000E+00  0.00000000E+00  0.00000000E+00 
 0.00000000E+00  2.89999969E+02  0.00000000E+00 
'L'  0.00000000E+00  0.00000000E+00  6.00000000E+01  0.00000000E+00 
 6.00000000E+00  1.50000000E+01 1440 1440 120 
3 
 1.60000000E+02  8.00000000E+02  1.99900000E+03 
'EOPTFT 1' 
'P'  0.00000000E+00 'EOPT127' 2 2  0.00000000E+00  7.00000000E+01  7.00000000E+01  7.00000000E+01  0.00000000E+00  0.00000000E+00  0.00000000E+00 
 0.00000000E+00  2.89999969E+02  0.00000000E+00 
'L'  0.00000000E+00  0.00000000E+00  6.00000000E+01  0.00000000E+00 
 6.00000000E+00  1.50000000E+01 1440 1440 120 
3 
 1.60000000E+02  8.00000000E+02  1.99900000E+03 
'EOPTXT 1' 
'P'  0.00000000E+00 'EOPT128' 2 2  0.00000000E+00  7.00000000E+01  7.00000000E+01  7.00000000E+01  0.00000000E+00  0.00000000E+00  0.00000000E+00 
 0.00000000E+00  2.89999969E+02  0.00000000E+00 
'L'  0.00000000E+00  0.00000000E+00  6.00000000E+01  0.00000000E+00 
 6.00000000E+00  1.50000000E+01 1440 1440 120 
3 
 1.60000000E+02  8.00000000E+02  1.99900000E+03 
'EOPTXT 2' 
'P'  0.00000000E+00 'EOPT129' 2 2  0.00000000E+00  7.00000000E+01  7.00000000E+01  7.00000000E+01  0.00000000E+00  0.00000000E+00  0.00000000E+00 
 0.00000000E+00  2.89999969E+02  0.00000000E+00 
'L'  0.00000000E+00  0.00000000E+00  6.00000000E+01  0.00000000E+00 
 6.00000000E+00  1.50000000E+01 1440 1440 120 
3 
 1.60000000E+02  8.00000000E+02  1.99900000E+03 
'EORPDT 1' 
'P'  0.00000000E+00 'EORP130' 2 2  0.00000000E+00  7.00000000E+01  7.00000000E+01  7.00000000E+01  0.00000000E+00  0.00000000E+00  0.00000000E+00 
 0.00000000E+00  2.89999969E+02  0.00000000E+00 
'L'  0.00000000E+00  0.00000000E+00  6.00000000E+01  0.00000000E+00 
 6.00000000E+00  1.50000000E+01 1440 1440 120 
3 
 1.60000000E+02  8.00000000E+02  1.99900000E+03 
'EORPDT 2' 
'P'  0.00000000E+00 'EORP131' 2 2  0.00000000E+00  7.00000000E+01  7.00000000E+01  7.00000000E+01  0.00000000E+00  0.00000000E+00  0.00000000E+00 
 0.00000000E+00  2.89999969E+02  0.00000000E+00 
'L'  0.00000000E+00  0.00000000E+00  6.00000000E+01  0.00000000E+00 
 6.00000000E+00  1.50000000E+01 1440 1440 120 
3 
 1.60000000E+02  8.00000000E+02  1.99900000E+03 
'EORPDT 3' 
'P'  0.00000000E+00 'EORP132' 2 2  0.00000000E+00  7.00000000E+01  7.00000000E+01  7.00000000E+01  0.00000000E+00  0.00000000E+00  0.00000000E+00 
 0.00000000E+00  2.89999969E+02  0.00000000E+00 
'L'  0.00000000E+00  0.00000000E+00  6.00000000E+01  0.00000000E+00 
 6.00000000E+00  1.50000000E+01 1440 1440 120 
3 
 1.60000000E+02  8.00000000E+02  1.99900000E+03 
'HYPTLT 1' 
'P'  0.00000000E+00 'HYPT133' 2 2  0.00000000E+00  7.00000000E+01  7.00000000E+01  7.00000000E+01  0.00000000E+00  0.00000000E+00  0.00000000E+00 
 0.00000000E+00  2.89999969E+02  0.00000000E+00 
'L'  0.00000000E+00  0.00000000E+00  6.00000000E+01  0.00000000E+00 
 6.00000000E+00  1.50000000E+01 1440 1440 120 
3 
 1.60000000E+02  8.00000000E+02  1.99900000E+03 
'HYPTET 1' 
'P'  0.00000000E+00 'HYPT134' 2 2  0.00000000E+00  7.00000000E+01  7.00000000E+01  7.00000000E+01  0.00000000E+00  0.00000000E+00  0.00000000E+00 
 0.00000000E+00  2.89999969E+02  0.00000000E+00 
'L'  0.00000000E+00  0.00000000E+00  6.00000000E+01  0.00000000E+00 
 6.00000000E+00  1.50000000E+01 1440 1440 120 
3 
 1.60000000E+02  8.00000000E+02  1.99900000E+03 
'HYPTFT 1' 
'P'  0.00000000E+00 'HYPT135' 2 2  0.00000000E+00  7.00000000E+01  7.00000000E+01  7.00000000E+01  0.00000000E+00  0.00000000E+00  0.00000000E+00 
 0.00000000E+00  2.89999969E+02  0.00000000E+00 
'L'  0.00000000E+00  0.00000000E+00  6.00000000E+01  0.00000000E+00 
 6.00000000E+00  1.50000000E+01 1440 1440 120 
3 
 1.60000000E+02  8.00000000E+02  1.99900000E+03 
'HYPTXT 1' 
'P'  0.00000000E+00 'HYPT136' 2 2  0.00000000E+00  7.00000000E+01  7.00000000E+01  7.00000000E+01  0.00000000E+00  0.00000000E+00  0.00000000E+00 
 0.00000000E+00  2.89999969E+02  0.00000000E+00 
'L'  0.00000000E+00  0.00000000E+00  6.00000000E+01  0.00000000E+00 
 6.00000000E+00  1.50000000E+01 1440 1440 120 
3 
 1.60000000E+02  8.00000000E+02  1.99900000E+03 
'HYRPDT 1' 
'P'  0.00000000E+00 'HYRP137' 2 2  0.00000000E+00  7.00000000E+01  7.00000000E+01  7.00000000E+01  0.00000000E+00  0.00000000E+00  0.00000000E+00 
 0.00000000E+00  2.89999969E+02  0.00000000E+00 
'L'  0.00000000E+00  0.00000000E+00  6.00000000E+01  0.00000000E+00 
 6.00000000E+00  1.50000000E+01 1440 1440 120 
3 
 1.60000000E+02  8.00000000E+02  1.99900000E+03 
'AUPTFT 1' 
'P'  0.00000000E+00 'AUPT138' 2 2  0.00000000E+00  7.00000000E+01  7.00000000E+01  7.00000000E+01  0.00000000E+00  0.00000000E+00  0.00000000E+00 
 0.00000000E+00  2.89999969E+02  0.00000000E+00 
'L'  0.00000000E+00  0.00000000E+00  6.00000000E+01  0.00000000E+00 
 6.00000000E+00  1.50000000E+01 1440 1440 120 
3 
 1.60000000E+02  8.00000000E+02  1.99900000E+03 
'AUPTXT 1' 
'P'  0.00000000E+00 'AUPT139' 2 2  0.00000000E+00  7.00000000E+01  7.00000000E+01  7.00000000E+01  0.00000000E+00  0.00000000E+00  0.00000000E+00 
 0.00000000E+00  2.89999969E+02  0.00000000E+00 
'L'  0.00000000E+00  0.00000000E+00  6.00000000E+01  0.00000000E+00 
 6.00000000E+00  1.50000000E+01 1440 1440 120 
3 
 1.60000000E+02  8.00000000E+02  1.99900000E+03 
'AURPDT 1' 
'P'  0.00000000E+00 'AURP140' 2 2  0.00000000E+00  7.00000000E+01  7.00000000E+01  7.00000000E+01  0.00000000E+00  0.00000000E+00  0.00000000E+00 
 0.00000000E+00  2.89999969E+02  0.00000000E+00 
'L'  0.00000000E+00  0.00000000E+00  6.00000000E+01  0.00000000E+00 
 6.00000000E+00  1.50000000E+01 1440 1440 120 
3 
 1.60000000E+02  8.00000000E+02  1.99900000E+03 
'PVRPDT 1' 
'P'  0.00000000E+00 'PVRP141' 2 2  0.00000000E+00  7.00000000E+01  7.00000000E+01  7.00000000E+01  0.00000000E+00  0.00000000E+00  0.00000000E+00 
 0.00000000E+00  2.89999969E+02  0.00000000E+00 
'L'  0.00000000E+00  0.00000000E+00  6.00000000E+01  0.00000000E+00 
 6.00000000E+00  1.50000000E+01 1440 1440 120 
3 
 1.60000000E+02  8.00000000E+02  1.99900000E+03 
'PVPTXT 1' 
'P'  0.00000000E+00 'PVPT142' 2 2  0.00000000E+00  7.00000000E+01  7.00000000E+01  7.00000000E+01  0.00000000E+00  0.00000000E+00  0.00000000E+00 
 0.00000000E+00  2.89999969E+02  0.00000000E+00 
'L'  0.00000000E+00  0.00000000E+00  6.00000000E+01  0.00000000E+00 
 6.00000000E+00  1.50000000E+01 1440 1440 120 
3 
 1.60000000E+02  8.00000000E+02  1.99900000E+03 
'PVPTFT 1' 
'P'  0.00000000E+00 'PVPT143' 2 2  0.00000000E+00  7.00000000E+01  7.00000000E+01  7.00000000E+01  0.00000000E+00  0.00000000E+00  0.00000000E+00 
 0.00000000E+00  2.89999969E+02  0.00000000E+00 
'L'  0.00000000E+00  0.00000000E+00  6.00000000E+01  0.00000000E+00 
 6.00000000E+00  1.50000000E+01 1440 1440 120 
3 
 1.60000000E+02  8.00000000E+02  1.99900000E+03 
'FIN' 
