 'MOD_HYD' '10/03/2010' '13:07' 
 5.48815979E+02 
'VOUGLH' 
1  200.0  0.00000000E+00  0.00000000E+00  2.00000000E+00
 2.74408293E+00 
2 2 1 
'S.MORH' 
1  200.0  0.00000000E+00  1.00000001E-01  0.00000000E+00
 6.86020708E+00 
2 2 1 
'COISEH' 
1  200.0  0.00000000E+00  0.00000000E+00  2.00000000E+00
 2.74408293E+00 
2 2 1 
'MOUX H' 
1  200.0  0.00000000E+00  0.00000000E+00  2.00000000E+00
 2.74408293E+00 
2 2 1 
'BOLOZH' 
1  200.0  0.00000000E+00  0.00000000E+00  2.00000000E+00
 9.60428905E+00 
2 2 1 
'ALLEMH' 
1  200.0  0.00000000E+00  0.00000000E+00  2.00000000E+00
 2.74380811E+03 
2 2 1 
'CUSSEH' 
1  0.00000000E+00  0.00000000E+00  0.00000000E+00  2.00000000E+00
 2.74380811E+03 
2 2 1 
'VOUGLP' 
1  200.0  0.00000000E+00  1.00000001E-01  0.00000000E+00
 2.74408293E+00 
2 2 2 
'C.AVRH' 
1  200.0  0.00000000E+00  1.00000001E-01  0.00000000E+00
 2.74408293E+00 
2 2 1 
'AUSSOH' 
1  200.0  0.00000000E+00  1.00000001E-01  0.00000000E+00
 2.74408293E+00 
2 2 2 
'VLAROH' 
1  200.0  0.00000000E+00  1.00000001E-01  0.00000000E+00
 2.74408013E-01 
2 2 1 
'ORELLH' 
1  0.00000000E+00  0.00000000E+00  5.00000000E-01  0.00000000E+00
 2.74408013E-01 
2 2 1 
'BISSOH' 
1  200.0  0.00000000E+00  0.00000000E+00  2.00000000E+00
 2.74408013E-01 
2 2 1 
'S.BISH' 
1  200.0  0.00000000E+00  0.00000000E+00  2.00000000E+00
 2.74408013E-01 
2 2 1 
'SAUS2H' 
1  200.0  0.00000000E+00  0.00000000E+00  2.00000000E+00
 1.37204103E+01 
2 2 1 
'HERMIH' 
1  200.0  0.00000000E+00  5.00000000E-01  0.00000000E+00
 2.74408013E-01 
2 2 1 
'PTAMAH' 
1  0.00000000E+00  0.00000000E+00  1.00000001E-01  0.00000000E+00
 2.74408013E-01 
2 2 1 
'LONGEH' 
1  10000.0  0.00000000E+00  1.00000001E-01  0.00000000E+00
 2.74408013E-01 
2 2 1 
'DEVBEH' 
1  1000.0  0.00000000E+00  1.00000001E-01  0.00000000E+00
 2.74408013E-01 
2 2 1 
'CHEY6H' 
1  200.0  0.00000000E+00  1.00000001E-01  0.00000000E+00
 2.74408013E-01 
2 2 1 
'B.CHEH' 
1  10000.0  0.00000000E+00  1.00000001E-01  0.00000000E+00
 1.37204103E+01 
2 2 1 
'V.ARCH' 
1  0.00000000E+00  0.00000000E+00  1.00000001E-01  0.00000000E+00
 2.74408013E-01 
2 2 1 
'S.BISP' 
1  200.0  0.00000000E+00  1.00000001E-01  0.00000000E+00
 2.74408013E-01 
2 2 2 
'CHEY6P' 
1  200.0  0.00000000E+00  1.00000001E-01  0.00000000E+00
 2.74408293E+00 
2 2 2 
'TIGNEH' 
1  200.0  0.00000000E+00  1.00000001E-01  0.00000000E+00
 2.74408013E-01 
2 2 1 
'RANDEH' 
1  200.0  0.00000000E+00  2.99999993E-02  0.00000000E+00
 9.60428905E+00 
2 2 1 
'MTRIGH' 
1  1000.0  0.00000000E+00  2.99999993E-02  0.00000000E+00
 1.37204103E+01 
2 2 1 
'POMMOH' 
1  0.00000000E+00  0.00000000E+00  1.00000001E-01  0.00000000E+00
 2.74408013E-01 
2 2 1 
'COCHEH' 
1  200.0  0.00000000E+00  9.99999978E-03  0.00000000E+00
 2.74408293E+00 
1 1 1 
'SSEG5H' 
1  0.00000000E+00  0.00000000E+00  1.00000001E-01  0.00000000E+00
 2.74408013E-01 
2 2 1 
'BXVOIH' 
1  0.00000000E+00  0.00000000E+00  1.00000001E-01  0.00000000E+00
 2.74408013E-01 
2 2 1 
'SSHILH' 
1  0.00000000E+00  0.00000000E+00  1.00000001E-01  0.00000000E+00
 2.74408013E-01 
2 2 1 
'PIZANH' 
1  0.00000000E+00  0.00000000E+00  1.00000001E-01  0.00000000E+00
 2.74408013E-01 
2 2 1 
'VANELH' 
1  0.00000000E+00  0.00000000E+00  1.00000001E-01  0.00000000E+00
 2.74408013E-01 
2 2 1 
'B.MONH' 
1  0.00000000E+00  0.00000000E+00  1.00000001E-01  0.00000000E+00
 2.74408013E-01 
2 2 1 
'COCHEP' 
1  200.0  0.00000000E+00  1.00000001E-01  0.00000000E+00
 2.74408293E+00 
2 2 2 
'BATHIH' 
1  200.0  0.00000000E+00  1.00000001E-01  0.00000000E+00
 2.74408013E-01 
2 2 1 
'G.MAIH' 
1  200.0  0.00000000E+00  1.00000001E-01  0.00000000E+00
 2.74408013E-01 
2 2 1 
'OZ   H' 
1  200.0  0.00000000E+00  0.00000000E+00  1.00000000E+00
 1.37204103E+01 
2 2 1 
'SSGUIH' 
1  200.0  0.00000000E+00  1.00000001E-01  0.00000000E+00
 4.11612415E+00 
2 2 1 
'CLAPIH' 
1  1000.0  0.00000000E+00  1.00000001E-01  0.00000000E+00
 2.74380811E+03 
2 2 1 
'B.ROMH' 
1  0.00000000E+00  0.00000000E+00  1.00000001E-01  0.00000000E+00
 2.74380811E+03 
2 2 1 
'G.MAIP' 
1  200.0  0.00000000E+00  1.00000001E-01  0.00000000E+00
 2.74408013E-01 
2 2 2 
'SAUCOH' 
1  200.0  0.00000000E+00  1.00000001E-01  0.00000000E+00
 2.74408013E-01 
2 2 1 
'SSCOGH' 
1  200.0  0.00000000E+00  1.00000001E-01  0.00000000E+00
 2.74408293E+00 
2 2 1 
'MTEYNH' 
1  200.0  0.00000000E+00  1.00000001E-01  0.00000000E+00
 2.74408013E-01 
2 2 1 
'SSCOMH' 
1  200.0  0.00000000E+00  1.00000001E-01  0.00000000E+00
 8.23224831E+00 
2 2 1 
'CHAMPH' 
1  0.00000000E+00  0.00000000E+00  1.00000001E-01  0.00000000E+00
 2.74408013E-01 
2 2 1 
'P.CLAH' 
1  0.00000000E+00  0.00000000E+00  1.00000001E-01  0.00000000E+00
 2.74408013E-01 
2 2 1 
'D.INFH' 
1  0.00000000E+00  0.00000000E+00  1.00000001E-01  0.00000000E+00
 2.74408013E-01 
2 2 1 
'REVI5H' 
1  200.0  0.00000000E+00  1.00000001E-01  0.00000000E+00
 0.00000000E+00 
2 2 2 
'BOCALH' 
1  1000.0  0.00000000E+00  1.00000001E-01  0.00000000E+00
 0.00000000E+00 
2 2 2 
'REVI5P' 
1  200.0  0.00000000E+00  1.00000001E-01  0.00000000E+00
 0.00000000E+00 
2 2 2 
'CASTIH' 
1  100.0  0.00000000E+00  1.00000001E-01  0.00000000E+00
 2.74408013E-01 
2 2 1 
'CXDANH' 
1  100.0  0.00000000E+00  1.00000001E-01  0.00000000E+00
 2.74408013E-01 
2 2 1 
'S.PONH' 
1  200.0  0.00000000E+00  1.00000001E-01  0.00000000E+00
 2.74408013E-01 
2 2 1 
'CURBAH' 
1  200.0  0.00000000E+00  1.00000001E-01  0.00000000E+00
 1.37204099E+00 
2 2 1 
'LAZERH' 
1  200.0  0.00000000E+00  1.00000001E-01  0.00000000E+00
 2.74479985E-01 
1 1 2 
'SISTEH' 
1  0.00000000E+00  0.00000000E+00  1.00000001E-01  0.00000000E+00
 1.37204099E+00 
2 2 1 
'SALIGH' 
1  200.0  0.00000000E+00  1.00000001E-01  0.00000000E+00
 1.37204099E+00 
2 2 1 
'ORAISH' 
1  200.0  0.00000000E+00  1.00000001E-01  0.00000000E+00
 1.37204099E+00 
2 2 1 
'MANOSH' 
1  0.00000000E+00  0.00000000E+00  1.00000001E-01  0.00000000E+00
 1.37204099E+00 
2 2 1 
'BRILLH' 
1  0.00000000E+00  0.00000000E+00  1.00000001E-01  0.00000000E+00
 1.37204099E+00 
2 2 1 
'LARGUH' 
1  0.00000000E+00  0.00000000E+00  1.00000001E-01  0.00000000E+00
 1.37204099E+00 
2 2 1 
'SSTULH' 
1  0.00000000E+00  0.00000000E+00  1.00000001E-01  0.00000000E+00
 1.37204099E+00 
2 2 1 
'SSTU8H' 
1  0.00000000E+00  0.00000000E+00  1.00000001E-01  0.00000000E+00
 1.37204099E+00 
2 2 1 
'BXMONH' 
1  0.00000000E+00  0.00000000E+00  1.00000001E-01  0.00000000E+00
 1.37204099E+00 
2 2 1 
'SSCROH' 
1  200.0  0.00000000E+00  1.00000001E-01  0.00000000E+00
 2.74408013E-01 
2 2 1 
'QUINSH' 
1  200.0  0.00000000E+00  1.00000001E-01  0.00000000E+00
 1.37204099E+00 
2 2 1 
'VINONH' 
1  200.0  0.00000000E+00  1.00000001E-01  0.00000000E+00
 1.37204099E+00 
2 2 2 
'JOUQUH' 
1  200.0  0.00000000E+00  1.00000001E-01  0.00000000E+00
 1.37204099E+00 
1 1 1 
'SSESTH' 
1  200.0  0.00000000E+00  1.00000001E-01  0.00000000E+00
 1.37204099E+00 
1 1 1 
'MALLEH' 
1  200.0  0.00000000E+00  1.00000001E-01  0.00000000E+00
 1.37204099E+00 
1 1 1 
'SALONH' 
1  200.0  0.00000000E+00  1.00000001E-01  0.00000000E+00
 1.37204099E+00 
1 1 1 
'SSCHAH' 
1  0.00000000E+00  0.00000000E+00  1.00000001E-01  0.00000000E+00
 1.37204099E+00 
1 1 1 
'RHONEH' 
1  1000.0  0.00000000E+00  1.00000001E-01  0.00000000E+00
 1.37204099E+00 
1 1 2 
'BERREH' 
1  1000.0  0.00000000E+00  1.00000001E-01  0.00000000E+00
 1.37204099E+00 
2 2 2 
'MEDITH' 
1  0.00000000E+00  0.00000000E+00  1.00000001E-01  0.00000000E+00
 1.37204099E+00 
2 2 1 
'SSCROP' 
1  200.0  0.00000000E+00  1.00000001E-01  0.00000000E+00
 1.37204099E+00 
2 2 2 
'MTPEZH' 
1  200.0  0.00000000E+00  1.00000001E-01  0.00000000E+00
 2.74408013E-01 
2 2 1 
'P.D.VH' 
1  1000.0  0.00000000E+00  1.00000001E-01  0.00000000E+00
 1.37204103E+01 
2 2 1 
'BEYSSH' 
1  200.0  0.00000000E+00  1.00000001E-01  0.00000000E+00
 2.74408013E-01 
2 2 1 
'P.BORH' 
1  200.0  0.00000000E+00  1.00000001E-01  0.00000000E+00
 2.74408013E-01 
2 2 1 
'LAFIGH' 
1  0.00000000E+00  0.00000000E+00  1.00000001E-01  0.00000000E+00
 2.74408013E-01 
2 2 1 
'SALELH' 
1  200.0  0.00000000E+00  1.00000001E-01  0.00000000E+00
 2.74408013E-01 
2 2 1 
'SSDALH' 
1  100.0  0.00000000E+00  1.00000001E-01  0.00000000E+00
 2.74408013E-01 
2 2 1 
'PAGANH' 
1  0.00000000E+00  0.00000000E+00  1.00000001E-01  0.00000000E+00
 2.74408013E-01 
2 2 1 
'FTAN H' 
1  0.00000000E+00  0.00000000E+00  1.00000001E-01  0.00000000E+00
 2.74408013E-01 
2 2 1 
'BREILH' 
1  0.00000000E+00  0.00000000E+00  1.00000001E-01  0.00000000E+00
 2.74408013E-01 
2 2 1 
'SSCASH' 
1  100.0  0.00000000E+00  1.00000001E-01  0.00000000E+00
 2.74408013E-01 
2 2 1 
'GRANDH' 
1  200.0  0.00000000E+00  1.00000001E-01  0.00000000E+00
 2.74408293E+00 
2 2 1 
'LANAUH' 
1  0.00000000E+00  0.00000000E+00  1.00000001E-01  0.00000000E+00
 2.74408293E+00 
2 2 1 
'LARDIH' 
1  200.0  0.00000000E+00  1.00000001E-01  0.00000000E+00
 2.74408293E+00 
2 2 1 
'SARRAH' 
1  200.0  0.00000000E+00  1.00000001E-01  0.00000000E+00
 2.74408293E+00 
2 2 1 
'SARR8H' 
1  200.0  0.00000000E+00  1.00000001E-01  0.00000000E+00
 2.74408293E+00 
2 2 1 
'BROMMH' 
1  200.0  0.00000000E+00  1.00000001E-01  0.00000000E+00
 2.74408293E+00 
2 2 1 
'BROM8H' 
1  200.0  0.00000000E+00  1.00000001E-01  0.00000000E+00
 2.74408302E+01 
2 2 1 
'MTEZIH' 
1  200.0  0.00000000E+00  1.00000001E-01  0.00000000E+00
 2.74408293E+00 
2 2 1 
'COUESH' 
1  200.0  0.00000000E+00  1.00000001E-01  0.00000000E+00
 2.74408293E+00 
2 2 1 
'COUE8H' 
1  200.0  0.00000000E+00  1.00000001E-01  0.00000000E+00
 2.74408293E+00 
2 2 1 
'CAMBEH' 
1  200.0  0.00000000E+00  0.00000000E+00  3.00000000E+00
 1.37204103E+01 
2 2 1 
'MTEZIP' 
1  200.0  0.00000000E+00  1.00000001E-01  0.00000000E+00
 2.74408293E+00 
2 2 1 
'BORT H' 
1  200.0  0.00000000E+00  1.00000001E-01  0.00000000E+00
 2.74408293E+00 
2 2 1 
'MAREFH' 
1  0.00000000E+00  0.00000000E+00  1.00000001E-01  0.00000000E+00
 0.00000000E+00 
2 2 1 
'AIGL8H' 
1  200.0  0.00000000E+00  1.00000001E-01  0.00000000E+00
 2.74408293E+00 
2 2 1 
'AIGLEH' 
1  200.0  0.00000000E+00  1.00000001E-01  0.00000000E+00
 2.74408293E+00 
2 2 1 
'CHASTH' 
1  200.0  0.00000000E+00  0.00000000E+00  9.00000000E+00
 1.37204103E+01 
2 2 1 
'ARGE5H' 
1  200.0  0.00000000E+00  0.00000000E+00  1.40000000E+01
 1.37204102E+02 
1 1 1 
'AUZERH' 
1  100.0  0.00000000E+00  0.00000000E+00  2.50000000E+00
 2.74408293E+00 
2 2 1 
'B.RHUH' 
1  0.00000000E+00  0.00000000E+00  1.00000001E-01  0.00000000E+00
 2.74408293E+00 
2 2 2 
'V.BENH' 
1  100.0  0.00000000E+00  0.00000000E+00  6.00000024E-01
 2.74408293E+00 
2 2 1 
'N.USSH' 
1  100.0  0.00000000E+00  0.00000000E+00  5.00000000E-01
 2.74408293E+00 
2 2 1 
'NEPESH' 
1  100.0  0.00000000E+00  0.00000000E+00  2.00000000E+00
 2.74380811E+03 
2 2 1 
'LAMATH' 
1  0.00000000E+00  0.00000000E+00  1.00000001E-01  0.00000000E+00
 2.74380811E+03 
2 2 1 
'L.CE1H' 
1  0.00000000E+00  0.00000000E+00  1.00000001E-01  0.00000000E+00
 2.74380811E+03 
2 2 1 
'SSCANH' 
1  100.0  0.00000000E+00  0.00000000E+00  4.00000000E+00
 0.00000000E+00 
2 2 1 
'SSCA8H' 
1  100.0  0.00000000E+00  0.00000000E+00  4.00000000E+00
 0.00000000E+00 
2 2 1 
'ESCAFH' 
1  1000.0  0.00000000E+00  1.00000001E-01  1.00000000E+00
 2.74380811E+03 
2 2 1 
'L.CE2H' 
1  100.0  0.00000000E+00  1.00000001E-01  0.00000000E+00
 0.00000000E+00 
2 2 1 
'BRUGAH' 
1  100.0  0.00000000E+00  0.00000000E+00  1.00000000E+00
 2.74380811E+03 
1 1 1 
'HOSPIH' 
1  200.0  0.00000000E+00  1.00000001E-01  0.00000000E+00
 2.74408293E+00 
2 2 1 
'HOSP8H' 
1  200.0  0.00000000E+00  1.00000001E-01  0.00000000E+00
 6.86020691E+02 
2 2 2 
'HOSP9P' 
1  200.0  0.00000000E+00  1.00000001E-01  0.00000000E+00
 2.74408013E-01 
2 2 2 
'HOSPFH' 
1  0.00000000E+00  0.00000000E+00  1.00000001E-01  0.00000000E+00
 2.74408293E+00 
2 2 2 
'MERENH' 
1  0.00000000E+00  0.00000000E+00  1.00000001E-01  0.00000000E+00
 6.86020691E+02 
2 2 1 
'LAPARH' 
1  200.0  0.00000000E+00  1.00000001E-01  0.00000000E+00
 0.00000000E+00 
2 2 1 
'RIETEH' 
1  1000.0  0.00000000E+00  1.00000001E-01  0.00000000E+00
 1.37204102E+03 
2 2 1 
'ASTONH' 
1  0.00000000E+00  0.00000000E+00  1.00000001E-01  0.00000000E+00
 2.74408013E-01 
2 2 1 
'FERRIH' 
1  0.00000000E+00  0.00000000E+00  1.00000001E-01  0.00000000E+00
 2.74408013E-01 
2 2 1 
'ORLU H' 
1  200.0  0.00000000E+00  1.00000001E-01  0.00000000E+00
 0.00000000E+00 
2 2 1 
'MIGOEH' 
1  100.0  0.00000000E+00  1.00000001E-01  0.00000000E+00
 2.74408013E-01 
2 2 1 
'TUCOYH' 
1  0.00000000E+00  0.00000000E+00  1.00000001E-01  0.00000000E+00
 2.74408013E-01 
2 2 1 
'ARRENH' 
1  100.0  0.00000000E+00  1.00000001E-01  0.00000000E+00
 2.74408293E+00 
2 2 1 
'AUCUNH' 
1  0.00000000E+00  0.00000000E+00  1.00000001E-01  0.00000000E+00
 2.74408013E-01 
2 2 1 
'NOUAUH' 
1  0.00000000E+00  0.00000000E+00  1.00000001E-01  0.00000000E+00
 2.74408013E-01 
2 2 1 
'L.BALH' 
1  0.00000000E+00  0.00000000E+00  1.00000001E-01  0.00000000E+00
 2.74408293E+00 
2 2 1 
'ARTIGH' 
1  100.0  0.00000000E+00  1.00000001E-01  0.00000000E+00
 2.74408013E-01 
2 2 1 
'ARTI8H' 
1  100.0  0.00000000E+00  1.00000001E-01  0.00000000E+00
 2.74408013E-01 
1 1 1 
'GRIPPH' 
1  0.00000000E+00  0.00000000E+00  1.00000001E-01  0.00000000E+00
 2.74408013E-01 
2 2 1 
'CAMP5H' 
1  0.00000000E+00  0.00000000E+00  1.00000001E-01  0.00000000E+00
 2.74408013E-01 
2 2 1 
'PORTIH' 
1  100.0  0.00000000E+00  1.00000001E-01  0.00000000E+00
 2.74408013E-01 
2 2 1 
'L.BL8H' 
1  100.0  0.00000000E+00  0.00000000E+00  0.00000000E+00
 2.74408013E-01 
2 2 1 
'PORTFH' 
1  0.00000000E+00  0.00000000E+00  1.00000001E-01  0.00000000E+00
 2.74408013E-01 
2 2 2 
'P.SUPH' 
1  0.00000000E+00  0.00000000E+00  1.00000001E-01  0.00000000E+00
 2.74408013E-01 
2 2 2 
'P.INFH' 
1  0.00000000E+00  0.00000000E+00  1.00000001E-01  0.00000000E+00
 2.74408013E-01 
2 2 2 
'L.OO H' 
1  100.0  0.00000000E+00  1.00000001E-01  0.00000000E+00
 2.74408013E-01 
2 2 1 
'CIERPH' 
1  0.00000000E+00  0.00000000E+00  1.00000001E-01  0.00000000E+00
 2.74408013E-01 
2 2 2 
'EYLIEH' 
1  100.0  0.00000000E+00  1.00000001E-01  0.00000000E+00
 2.74408293E+00 
2 2 1 
'BORD5H' 
1  0.00000000E+00  0.00000000E+00  1.00000001E-01  0.00000000E+00
 2.74408013E-01 
2 2 2 
'PRADIH' 
1  100.0  0.00000000E+00  1.00000001E-01  0.00000000E+00
 2.74408013E-01 
2 2 1 
'PRAD8H' 
1  100.0  0.00000000E+00  1.00000001E-01  0.00000000E+00
 2.74408013E-01 
2 2 1 
'SOULCH' 
1  100.0  0.00000000E+00  1.00000001E-01  0.00000000E+00
 2.74408013E-01 
2 2 1 
'AUZATH' 
1  0.00000000E+00  0.00000000E+00  1.00000001E-01  0.00000000E+00
 2.74408013E-01 
2 2 1 
'SABARH' 
1  0.00000000E+00  0.00000000E+00  1.00000001E-01  0.00000000E+00
 2.74380811E+03 
2 2 2 
'FIN_NOEUD' 
'AIN' 2  5.00000000E+01 2 2 
'ARC' 2  5.00000000E+01 2 2 
'H-ISERE' 2  5.00000000E+01 2 2 
'ROSELEND' 2  5.00000000E+01 2 2 
'ROMANCHE' 2  5.00000000E+01 2 2 
'DRAC1' 2  5.00000000E+01 2 2 
'DRAC2' 2  5.00000000E+01 2 2 
'REVIN' 2  5.00000000E+01 2 2 
'HTVERDON' 2  5.00000000E+01 2 1 
'DURANCE' 2  5.00000000E+01 2 1 
'MONTPEZA' 2  5.00000000E+01 2 2 
'BEYSSAC' 2  5.00000000E+01 2 1 
'CHASSEZA' 2  5.00000000E+01 2 1 
'ROYA' 2  5.00000000E+01 2 1 
'SSCASSIE' 2  5.00000000E+01 2 1 
'TRUY-SUP' 2  5.00000000E+01 2 1 
'LARDIT' 2  5.00000000E+01 2 1 
'TRUY-INF' 2  5.00000000E+01 2 1 
'DORDOGNE' 2  5.00000000E+01 2 1 
'DORDREG' 2  5.00000000E+01 2 1 
'V.BEN' 2  5.00000000E+01 2 1 
'NEUVIC' 2  5.00000000E+01 2 1 
'CERE' 2  5.00000000E+01 2 1 
'ARIEGE' 2  5.00000000E+01 2 1 
'ORLU' 2  5.00000000E+01 2 1 
'ARRENS' 2  5.00000000E+01 2 1 
'ADOUR' 2  5.00000000E+01 2 1 
'PIQUES' 2  5.00000000E+01 2 1 
'ARAING' 2  5.00000000E+01 2 1 
'VICDESSO' 2  5.00000000E+01 2 1 
'FIN' 
