   DONNEES POUR LA VALLEE N]12-BEYSSAC  DATE: 22/03/10     1 USINE(S)     1 RESERVOIR(S)
  LAC N]68- BEYSSR     0.1000E+04      0.050           0.0000
    684.0000    684.0000    684.0000    684.0000    684.0000    684.0000
    684.0000    684.0000    684.0000    684.0000    684.0000    684.0000
    684.0000    684.0000    684.0000    684.0000    684.0000    684.0000
    684.0000    684.0000    684.0000    684.0000    684.0000    684.0000
    684.0000    684.0000    684.0000    684.0000    684.0000    684.0000
    684.0000    684.0000    684.0000    684.0000    684.0000    684.0000
    684.0000    684.0000    684.0000    684.0000    684.0000    684.0000
    684.0000    684.0000    684.0000    684.0000    684.0000    684.0000
    684.0000    684.0000    684.0000    684.0000    684.0000    684.0000
    684.0000    684.0000    684.0000    684.0000    684.0000    684.0000
    684.0000    684.0000    684.0000    684.0000    684.0000    684.0000
    684.0000    684.0000    684.0000    684.0000    684.0000    684.0000
    684.0000    684.0000    684.0000    684.0000    684.0000    684.0000
    684.0000    684.0000    684.0000    684.0000    684.0000    684.0000
    684.0000    684.0000    684.0000    684.0000    684.0000    684.0000
    684.0000    684.0000    684.0000    684.0000    684.0000    684.0000

  USINE N]82- BEYSSH   68   0           0.0000
      0.0000      0.0000      0.0000      0.0000      0.0000      0.0000
      0.0000      0.0000      0.0000      0.0000      0.0000      0.0000
      0.0000      0.0000      0.0000      0.0000      0.0000      0.0000
      0.0000      0.0000      0.0000      0.0000      0.0000      0.0000
      0.0000      0.0000      0.0000      0.0000      0.0000      0.0000
      0.0000      0.0000      0.0000      0.0000      0.0000      0.0000
      0.0000      0.0000      0.0000      0.0000      0.0000      0.0000
      0.0000      0.0000      0.0000      0.0000      0.0000      0.0000
      0.0000      0.0000      0.0000      0.0000      0.0000      0.0000
      0.0000      0.0000      0.0000      0.0000      0.0000      0.0000
      0.0000      0.0000      0.0000      0.0000      0.0000      0.0000
      0.0000      0.0000      0.0000      0.0000      0.0000      0.0000
      0.0000      0.0000      0.0000      0.0000      0.0000      0.0000
      0.0000      0.0000      0.0000      0.0000      0.0000      0.0000
      0.0000      0.0000      0.0000      0.0000      0.0000      0.0000
      0.0000      0.0000      0.0000      0.0000      0.0000      0.0000

      0.0000      0.0000      0.0000      0.0000      0.0000      0.0000
      0.0000      0.0000      0.0000      0.0000      0.0000      0.0000
      0.0000      0.0000      0.0000      0.0000      0.0000      0.0000
      0.0000      0.0000      0.0000      0.0000      0.0000      0.0000
      0.0000      0.0000      0.0000      0.0000      0.0000      0.0000
      0.0000      0.0000      0.0000      0.0000      0.0000      0.0000
      0.0000      0.0000      0.0000      0.0000      0.0000      0.0000
      0.0000      0.0000      0.0000      0.0000      0.0000      0.0000
      0.0000      0.0000      0.0000      0.0000      0.0000      0.0000
      0.0000      0.0000      0.0000      0.0000      0.0000      0.0000
      0.0000      0.0000      0.0000      0.0000      0.0000      0.0000
      0.0000      0.0000      0.0000      0.0000      0.0000      0.0000
      0.0000      0.0000      0.0000      0.0000      0.0000      0.0000
      0.0000      0.0000      0.0000      0.0000      0.0000      0.0000
      0.0000      0.0000      0.0000      0.0000      0.0000      0.0000
      0.0000      0.0000      0.0000      0.0000      0.0000      0.0000

   DONNEES POUR LA VALLEE N]13-CHASSEZA DATE: 22/03/10     3 USINE(S)     3 RESERVOIR(S)
  LAC N]69- P.BORR     0.1000E+04      4.920        -370.8000
  16202.0000  16202.0000  16202.0000  16202.0000  16202.0000  16202.0000
  16202.0000  16202.0000  16202.0000  16202.0000  16202.0000  16202.0000
  16202.0000  16202.0000  16202.0000  16202.0000  16202.0000  16202.0000
  16158.8000  16115.6000  16115.6000  16115.6000  16072.4000  16029.2000
  16029.2000  16029.2000  16029.2000  16029.2000  16029.2000  16029.2000
  16029.2000  16029.2000  16029.2000  16029.2000  16029.2000  16029.2000
  16029.2000  16029.2000  15951.8000  15874.4000  15874.4000  15874.4000
  15874.4000  15874.4000  15874.4000  15874.4000  15874.4000  15874.4000
  15874.4000  15874.4000  15874.4000  15874.4000  15874.4000  15874.4000
  15874.4000  15874.4000  15874.4000  15874.4000  15874.4000  15874.4000
  15874.4000  15874.4000  15874.4000  15874.4000  15874.4000  15874.4000
  15874.4000  15874.4000  15874.4000  15874.4000  15874.4000  15874.4000
  15874.4000  15874.4000  15874.4000  15852.8000  15831.2000  15831.2000
  15831.2000  15831.2000  15831.2000  15831.2000  15831.2000  15831.2000
  15831.2000  15831.2000  15831.2000  15831.2000  15831.2000  15831.2000
  15831.2000  15831.2000  15831.2000  15831.2000  15831.2000  15831.2000

  LAC N]70- LAFIGR     0.1000E+04      0.000           0.0000
      0.0000      0.0000      0.0000      0.0000      0.0000      0.0000
      0.0000      0.0000      0.0000      0.0000      0.0000      0.0000
      0.0000      0.0000      0.0000      0.0000      0.0000      0.0000
      0.0000      0.0000      0.0000      0.0000      0.0000      0.0000
      0.0000      0.0000      0.0000      0.0000      0.0000      0.0000
      0.0000      0.0000      0.0000      0.0000      0.0000      0.0000
      0.0000      0.0000      0.0000      0.0000      0.0000      0.0000
      0.0000      0.0000      0.0000      0.0000      0.0000      0.0000
      0.0000      0.0000      0.0000      0.0000      0.0000      0.0000
      0.0000      0.0000      0.0000      0.0000      0.0000      0.0000
      0.0000      0.0000      0.0000      0.0000      0.0000      0.0000
      0.0000      0.0000      0.0000      0.0000      0.0000      0.0000
      0.0000      0.0000      0.0000      0.0000      0.0000      0.0000
      0.0000      0.0000      0.0000      0.0000      0.0000      0.0000
      0.0000      0.0000      0.0000      0.0000      0.0000      0.0000
      0.0000      0.0000      0.0000      0.0000      0.0000      0.0000

  LAC N]71- SALELR     0.1000E+04      0.000         -16.5600
   1107.3400   1120.4800   1133.6200   1146.7600   1159.9000   1173.0400
   1186.1800   1199.3200   1212.4600   1225.6000   1238.7400   1251.8800
   1265.0200   1251.1600   1237.3000   1223.4400   1209.5800   1195.7200
   1160.2600   1168.0000   1175.7400   1161.8800   1148.0200   1155.7600
   1163.5000   1128.0400   1114.1800   1100.3200   1086.4600   1072.6000
   1058.7400   1044.8800   1031.0200   1017.1600   1003.3000    989.4400
    975.5800    961.7200    926.2600    968.2000   1031.7400   1017.8800
   1004.0200   1017.1600   1030.3000   1043.4400   1056.5800   1069.7200
   1082.8600   1096.0000   1109.1400   1122.2800   1135.4200   1148.5600
   1161.7000   1174.8400   1187.9800   1174.1200   1160.2600   1146.4000
   1146.9400   1147.4800   1133.6200   1119.7600   1105.9000   1092.0400
   1078.1800   1064.3200   1050.4600   1036.6000   1022.7400   1008.8800
    995.0200    981.1600    967.3000    953.4400    961.1800    968.9200
    955.0600    941.2000    927.3400    940.4800    953.6200    966.7600
    979.9000    993.0400    979.1800    965.3200    951.4600    964.6000
    977.7400    990.8800   1004.0200   1017.1600   1030.3000   1043.4400

  USINE N]83- P.BORH   69  70         370.8000
      0.0000      0.0000      0.0000      0.0000      0.0000      0.0000
      0.0000      0.0000      0.0000      0.0000      0.0000      0.0000
      0.0000      0.0000      0.0000      0.0000      0.0000      0.0000
     43.2000     43.2000      0.0000      0.0000     43.2000     43.2000
      0.0000      0.0000      0.0000      0.0000      0.0000      0.0000
      0.0000      0.0000      0.0000      0.0000      0.0000      0.0000
      0.0000      0.0000     77.4000     77.4000      0.0000      0.0000
      0.0000      0.0000      0.0000      0.0000      0.0000      0.0000
      0.0000      0.0000      0.0000      0.0000      0.0000      0.0000
      0.0000      0.0000      0.0000      0.0000      0.0000      0.0000
      0.0000      0.0000      0.0000      0.0000      0.0000      0.0000
      0.0000      0.0000      0.0000      0.0000      0.0000      0.0000
      0.0000      0.0000      0.0000     21.6000     21.6000      0.0000
      0.0000      0.0000      0.0000      0.0000      0.0000      0.0000
      0.0000      0.0000      0.0000      0.0000      0.0000      0.0000
      0.0000      0.0000      0.0000      0.0000      0.0000      0.0000

      0.0000      0.0000      0.0000      0.0000      0.0000      0.0000
      0.0000      0.0000      0.0000      0.0000      0.0000      0.0000
      0.0000      0.0000      0.0000      0.0000      0.0000      0.0000
     28.0000     28.0000      0.0000      0.0000     28.0000     28.0000
      0.0000      0.0000      0.0000      0.0000      0.0000      0.0000
      0.0000      0.0000      0.0000      0.0000      0.0000      0.0000
      0.0000      0.0000     45.5000     45.5000      0.0000      0.0000
      0.0000      0.0000      0.0000      0.0000      0.0000      0.0000
      0.0000      0.0000      0.0000      0.0000      0.0000      0.0000
      0.0000      0.0000      0.0000      0.0000      0.0000      0.0000
      0.0000      0.0000      0.0000      0.0000      0.0000      0.0000
      0.0000      0.0000      0.0000      0.0000      0.0000      0.0000
      0.0000      0.0000      0.0000     14.0000     14.0000      0.0000
      0.0000      0.0000      0.0000      0.0000      0.0000      0.0000
      0.0000      0.0000      0.0000      0.0000      0.0000      0.0000
      0.0000      0.0000      0.0000      0.0000      0.0000      0.0000

  USINE N]84- LAFIGH   70  71         370.8000
      0.0000      0.0000      0.0000      0.0000      0.0000      0.0000
      0.0000      0.0000      0.0000      0.0000      0.0000      0.0000
      0.0000      0.0000      0.0000      0.0000      0.0000      0.0000
     43.2000     43.2000      0.0000      0.0000     43.2000     43.2000
      0.0000      0.0000      0.0000      0.0000      0.0000      0.0000
      0.0000      0.0000      0.0000      0.0000      0.0000      0.0000
      0.0000      0.0000     77.4000     77.4000      0.0000      0.0000
      0.0000      0.0000      0.0000      0.0000      0.0000      0.0000
      0.0000      0.0000      0.0000      0.0000      0.0000      0.0000
      0.0000      0.0000      0.0000      0.0000      0.0000      0.0000
      0.0000      0.0000      0.0000      0.0000      0.0000      0.0000
      0.0000      0.0000      0.0000      0.0000      0.0000      0.0000
      0.0000      0.0000      0.0000     21.6000     21.6000      0.0000
      0.0000      0.0000      0.0000      0.0000      0.0000      0.0000
      0.0000      0.0000      0.0000      0.0000      0.0000      0.0000
      0.0000      0.0000      0.0000      0.0000      0.0000      0.0000

      0.0000      0.0000      0.0000      0.0000      0.0000      0.0000
      0.0000      0.0000      0.0000      0.0000      0.0000      0.0000
      0.0000      0.0000      0.0000      0.0000      0.0000      0.0000
      9.3947      9.3947      0.0000      0.0000      9.3947      9.3947
      0.0000      0.0000      0.0000      0.0000      0.0000      0.0000
      0.0000      0.0000      0.0000      0.0000      0.0000      0.0000
      0.0000      0.0000     15.4091     15.4091      0.0000      0.0000
      0.0000      0.0000      0.0000      0.0000      0.0000      0.0000
      0.0000      0.0000      0.0000      0.0000      0.0000      0.0000
      0.0000      0.0000      0.0000      0.0000      0.0000      0.0000
      0.0000      0.0000      0.0000      0.0000      0.0000      0.0000
      0.0000      0.0000      0.0000      0.0000      0.0000      0.0000
      0.0000      0.0000      0.0000      4.9412      4.9412      0.0000
      0.0000      0.0000      0.0000      0.0000      0.0000      0.0000
      0.0000      0.0000      0.0000      0.0000      0.0000      0.0000
      0.0000      0.0000      0.0000      0.0000      0.0000      0.0000

  USINE N]85- SALELH   71   0        1683.0000
      0.0000      0.0000      0.0000      0.0000      0.0000      0.0000
      0.0000      0.0000      0.0000      0.0000      0.0000      0.0000
      0.0000     27.0000     27.0000     27.0000     27.0000     27.0000
     48.6000     48.6000     48.6000     27.0000     27.0000     48.6000
     48.6000     48.6000     27.0000     27.0000     27.0000     27.0000
     27.0000     27.0000     27.0000     27.0000     27.0000     27.0000
     27.0000     27.0000     48.6000     48.6000     27.0000     27.0000
     27.0000      0.0000      0.0000      0.0000      0.0000      0.0000
      0.0000      0.0000      0.0000      0.0000      0.0000      0.0000
      0.0000      0.0000      0.0000     27.0000     27.0000     27.0000
     12.6000     12.6000     27.0000     27.0000     27.0000     27.0000
     27.0000     27.0000     27.0000     27.0000     27.0000     27.0000
     27.0000     27.0000     27.0000     27.0000     27.0000     27.0000
     27.0000     27.0000     27.0000      0.0000      0.0000      0.0000
      0.0000      0.0000     27.0000     27.0000     27.0000      0.0000
      0.0000      0.0000      0.0000      0.0000      0.0000      0.0000

      0.0000      0.0000      0.0000      0.0000      0.0000      0.0000
      0.0000      0.0000      0.0000      0.0000      0.0000      0.0000
      0.0000      5.2500      5.2500      5.2500      5.2500      5.2500
      7.0000      7.0000      7.0000      5.2500      5.2500      7.0000
      7.0000      7.0000      5.2500      5.2500      5.2500      5.2500
      5.2500      5.2500      5.2500      5.2500      5.2500      5.2500
      5.2500      5.2500      7.0000      7.0000      5.2500      5.2500
      5.2500      0.0000      0.0000      0.0000      0.0000      0.0000
      0.0000      0.0000      0.0000      0.0000      0.0000      0.0000
      0.0000      0.0000      0.0000      5.2500      5.2500      5.2500
      2.0000      2.0000      5.2500      5.2500      5.2500      5.2500
      5.2500      5.2500      5.2500      5.2500      5.2500      5.2500
      5.2500      5.2500      5.2500      5.2500      5.2500      5.2500
      5.2500      5.2500      5.2500      0.0000      0.0000      0.0000
      0.0000      0.0000      5.2500      5.2500      5.2500      0.0000
      0.0000      0.0000      0.0000      0.0000      0.0000      0.0000

   DONNEES POUR LA VALLEE N]15-SSCASSIE DATE: 22/03/10     1 USINE(S)     1 RESERVOIR(S)
  LAC N]76- SSCASR     0.1000E+04      1.230         424.8000
  23611.0000  23629.0000  23647.0000  23665.0000  23683.0000  23701.0000
  23719.0000  23737.0000  23755.0000  23773.0000  23791.0000  23809.0000
  23827.0000  23812.6000  23798.2000  23783.8000  23801.8000  23819.8000
  23837.8000  23855.8000  23873.8000  23891.8000  23909.8000  23927.8000
  23945.8000  23963.8000  23981.8000  23999.8000  24017.8000  24035.8000
  24053.8000  24071.8000  24089.8000  24107.8000  24125.8000  24143.8000
  24129.4000  24115.0000  24100.6000  24086.2000  24071.8000  24057.4000
  24043.0000  24061.0000  24079.0000  24064.6000  24050.2000  24068.2000
  24086.2000  24104.2000  24122.2000  24140.2000  24158.2000  24176.2000
  24194.2000  24212.2000  24230.2000  24248.2000  24233.8000  24219.4000
  24237.4000  24255.4000  24241.0000  24226.6000  24212.2000  24197.8000
  24183.4000  24169.0000  24154.6000  24140.2000  24125.8000  24111.4000
  24097.0000  24082.6000  24068.2000  24053.8000  24039.4000  24025.0000
  24010.6000  23996.2000  23981.8000  23999.8000  24017.8000  24016.0000
  24014.2000  23999.8000  23985.4000  23971.0000  23956.6000  23974.6000
  23992.6000  24010.6000  24028.6000  24014.2000  23999.8000  24017.8000

  USINE N]90- SSCASH   76   0        1303.2000
      0.0000      0.0000      0.0000      0.0000      0.0000      0.0000
      0.0000      0.0000      0.0000      0.0000      0.0000      0.0000
      0.0000     32.4000     32.4000     32.4000      0.0000      0.0000
      0.0000      0.0000      0.0000      0.0000      0.0000      0.0000
      0.0000      0.0000      0.0000      0.0000      0.0000      0.0000
      0.0000      0.0000      0.0000      0.0000      0.0000      0.0000
     32.4000     32.4000     32.4000     32.4000     32.4000     32.4000
     32.4000      0.0000      0.0000     32.4000     32.4000      0.0000
      0.0000      0.0000      0.0000      0.0000      0.0000      0.0000
      0.0000      0.0000      0.0000      0.0000     32.4000     32.4000
      0.0000      0.0000     32.4000     32.4000     32.4000     32.4000
     32.4000     32.4000     32.4000     32.4000     32.4000     32.4000
     32.4000     32.4000     32.4000     32.4000     32.4000     32.4000
     32.4000     32.4000     32.4000      0.0000      0.0000     19.8000
     19.8000     32.4000     32.4000     32.4000     32.4000      0.0000
      0.0000      0.0000      0.0000     32.4000     32.4000      0.0000

      0.0000      0.0000      0.0000      0.0000      0.0000      0.0000
      0.0000      0.0000      0.0000      0.0000      0.0000      0.0000
      0.0000      9.0000      9.0000      9.0000      0.0000      0.0000
      0.0000      0.0000      0.0000      0.0000      0.0000      0.0000
      0.0000      0.0000      0.0000      0.0000      0.0000      0.0000
      0.0000      0.0000      0.0000      0.0000      0.0000      0.0000
      9.0000      9.0000      9.0000      9.0000      9.0000      9.0000
      9.0000      0.0000      0.0000      9.0000      9.0000      0.0000
      0.0000      0.0000      0.0000      0.0000      0.0000      0.0000
      0.0000      0.0000      0.0000      0.0000      9.0000      9.0000
      0.0000      0.0000      9.0000      9.0000      9.0000      9.0000
      9.0000      9.0000      9.0000      9.0000      9.0000      9.0000
      9.0000      9.0000      9.0000      9.0000      9.0000      9.0000
      9.0000      9.0000      9.0000      0.0000      0.0000      4.7500
      4.7500      9.0000      9.0000      9.0000      9.0000      0.0000
      0.0000      0.0000      0.0000      9.0000      9.0000      0.0000

   DONNEES POUR LA VALLEE N]23-MAULDE   DATE: 22/03/10     8 USINE(S)     8 RESERVOIR(S)
  LAC N]94- P.CHAR     0.1000E+04      3.810        -476.1000
  87504.0000  87504.0000  87504.0000  87504.0000  87504.0000  87504.0000
  87504.0000  87504.0000  87504.0000  87504.0000  87504.0000  87504.0000
  87504.0000  87504.0000  87504.0000  87504.0000  87504.0000  87475.0200
  87446.0400  87431.8200  87425.8800  87419.9400  87405.7200  87391.5000
  87377.2800  87363.0600  87363.0600  87363.0600  87363.0600  87363.0600
  87363.0600  87363.0600  87363.0600  87363.0600  87363.0600  87363.0600
  87363.0600  87348.8400  87319.8600  87290.8800  87276.6600  87276.6600
  87276.6600  87276.6600  87276.6600  87276.6600  87276.6600  87276.6600
  87276.6600  87276.6600  87276.6600  87276.6600  87276.6600  87276.6600
  87276.6600  87276.6600  87276.6600  87276.6600  87276.6600  87276.6600
  87276.6600  87276.6600  87262.4400  87248.2200  87234.0000  87219.7800
  87190.8000  87161.8200  87147.6000  87133.3800  87119.1600  87104.9400
  87090.7200  87076.5000  87062.2800  87056.3400  87056.3400  87056.3400
  87056.3400  87056.3400  87056.3400  87056.3400  87056.3400  87056.3400
  87056.3400  87056.3400  87042.1200  87027.9000  87027.9000  87027.9000
  87027.9000  87027.9000  87027.9000  87027.9000  87027.9000  87027.9000

  LAC N]95- M.LARR     0.1000E+04      0.000        -464.0800
   1969.9600   1973.9200   1977.8800   1981.8400   1985.8000   1989.7600
   1993.7200   1997.6800   2001.6400   2005.6000   2009.5600   2013.5200
   2017.4800   2021.4400   1989.4000   1957.3600   1925.3200   1906.9200
   1894.8600   1877.0400   1850.9400   1824.8400   1807.0200   1789.2000
   1771.3800   1753.5600   1721.5200   1689.4800   1693.4400   1697.4000
   1701.3600   1705.3200   1709.2800   1713.2400   1717.2000   1721.1600
   1689.1200   1671.3000   1668.2400   1665.1800   1647.3600   1651.3200
   1655.2800   1659.2400   1663.2000   1667.1600   1671.1200   1675.0800
   1679.0400   1683.0000   1686.9600   1690.9200   1694.8800   1698.8400
   1702.8000   1706.7600   1710.7200   1714.6800   1718.6400   1722.6000
   1726.5600   1730.5200   1712.7000   1694.8800   1677.0600   1659.2400
   1656.1800   1653.1200   1635.3000   1617.4800   1599.6600   1581.8400
   1564.0200   1546.2000   1528.3800   1502.2800   1506.2400   1510.2000
   1514.1600   1518.1200   1522.0800   1526.0400   1530.0000   1533.9600
   1537.9200   1541.8800   1524.0600   1506.2400   1474.2000   1478.1600
   1482.1200   1486.0800   1490.0400   1494.0000   1497.9600   1501.9200

  LAC N]96- MRNEIR     0.1000E+04      0.000           0.0000
      0.0000      0.0000      0.0000      0.0000      0.0000      0.0000
      0.0000      0.0000      0.0000      0.0000      0.0000      0.0000
      0.0000      0.0000      0.0000      0.0000      0.0000      0.0000
      0.0000      0.0000      0.0000      0.0000      0.0000      0.0000
      0.0000      0.0000      0.0000      0.0000      0.0000      0.0000
      0.0000      0.0000      0.0000      0.0000      0.0000      0.0000
      0.0000      0.0000      0.0000      0.0000      0.0000      0.0000
      0.0000      0.0000      0.0000      0.0000      0.0000      0.0000
      0.0000      0.0000      0.0000      0.0000      0.0000      0.0000
      0.0000      0.0000      0.0000      0.0000      0.0000      0.0000
      0.0000      0.0000      0.0000      0.0000      0.0000      0.0000
      0.0000      0.0000      0.0000      0.0000      0.0000      0.0000
      0.0000      0.0000      0.0000      0.0000      0.0000      0.0000
      0.0000      0.0000      0.0000      0.0000      0.0000      0.0000
      0.0000      0.0000      0.0000      0.0000      0.0000      0.0000
      0.0000      0.0000      0.0000      0.0000      0.0000      0.0000

  LAC N]97- FLEIXR     0.1000E+04      0.000           0.0000
      0.0000      0.0000      0.0000      0.0000      0.0000      0.0000
      0.0000      0.0000      0.0000      0.0000      0.0000      0.0000
      0.0000      0.0000      0.0000      0.0000      0.0000      0.0000
      0.0000      0.0000      0.0000      0.0000      0.0000      0.0000
      0.0000      0.0000      0.0000      0.0000      0.0000      0.0000
      0.0000      0.0000      0.0000      0.0000      0.0000      0.0000
      0.0000      0.0000      0.0000      0.0000      0.0000      0.0000
      0.0000      0.0000      0.0000      0.0000      0.0000      0.0000
      0.0000      0.0000      0.0000      0.0000      0.0000      0.0000
      0.0000      0.0000      0.0000      0.0000      0.0000      0.0000
      0.0000      0.0000      0.0000      0.0000      0.0000      0.0000
      0.0000      0.0000      0.0000      0.0000      0.0000      0.0000
      0.0000      0.0000      0.0000      0.0000      0.0000      0.0000
      0.0000      0.0000      0.0000      0.0000      0.0000      0.0000
      0.0000      0.0000      0.0000      0.0000      0.0000      0.0000
      0.0000      0.0000      0.0000      0.0000      0.0000      0.0000

  LAC N]98- BUJALR     0.1000E+04      0.000           0.0000
      0.0000      0.0000      0.0000      0.0000      0.0000      0.0000
      0.0000      0.0000      0.0000      0.0000      0.0000      0.0000
      0.0000      0.0000      0.0000      0.0000      0.0000      0.0000
      0.0000      0.0000      0.0000      0.0000      0.0000      0.0000
      0.0000      0.0000      0.0000      0.0000      0.0000      0.0000
      0.0000      0.0000      0.0000      0.0000      0.0000      0.0000
      0.0000      0.0000      0.0000      0.0000      0.0000      0.0000
      0.0000      0.0000      0.0000      0.0000      0.0000      0.0000
      0.0000      0.0000      0.0000      0.0000      0.0000      0.0000
      0.0000      0.0000      0.0000      0.0000      0.0000      0.0000
      0.0000      0.0000      0.0000      0.0000      0.0000      0.0000
      0.0000      0.0000      0.0000      0.0000      0.0000      0.0000
      0.0000      0.0000      0.0000      0.0000      0.0000      0.0000
      0.0000      0.0000      0.0000      0.0000      0.0000      0.0000
      0.0000      0.0000      0.0000      0.0000      0.0000      0.0000
      0.0000      0.0000      0.0000      0.0000      0.0000      0.0000

  LAC N]99- LANGLR     0.1000E+04      0.000           0.0000
      0.0000      0.0000      0.0000      0.0000      0.0000      0.0000
      0.0000      0.0000      0.0000      0.0000      0.0000      0.0000
      0.0000      0.0000      0.0000      0.0000      0.0000      0.0000
      0.0000      0.0000      0.0000      0.0000      0.0000      0.0000
      0.0000      0.0000      0.0000      0.0000      0.0000      0.0000
      0.0000      0.0000      0.0000      0.0000      0.0000      0.0000
      0.0000      0.0000      0.0000      0.0000      0.0000      0.0000
      0.0000      0.0000      0.0000      0.0000      0.0000      0.0000
      0.0000      0.0000      0.0000      0.0000      0.0000      0.0000
      0.0000      0.0000      0.0000      0.0000      0.0000      0.0000
      0.0000      0.0000      0.0000      0.0000      0.0000      0.0000
      0.0000      0.0000      0.0000      0.0000      0.0000      0.0000
      0.0000      0.0000      0.0000      0.0000      0.0000      0.0000
      0.0000      0.0000      0.0000      0.0000      0.0000      0.0000
      0.0000      0.0000      0.0000      0.0000      0.0000      0.0000
      0.0000      0.0000      0.0000      0.0000      0.0000      0.0000

  LAC N]**- VLEJOR     0.1000E+04      0.000           0.0000
      0.0000      0.0000      0.0000      0.0000      0.0000      0.0000
      0.0000      0.0000      0.0000      0.0000      0.0000      0.0000
      0.0000      0.0000      0.0000      0.0000      0.0000      0.0000
      0.0000      0.0000      0.0000      0.0000      0.0000      0.0000
      0.0000      0.0000      0.0000      0.0000      0.0000      0.0000
      0.0000      0.0000      0.0000      0.0000      0.0000      0.0000
      0.0000      0.0000      0.0000      0.0000      0.0000      0.0000
      0.0000      0.0000      0.0000      0.0000      0.0000      0.0000
      0.0000      0.0000      0.0000      0.0000      0.0000      0.0000
      0.0000      0.0000      0.0000      0.0000      0.0000      0.0000
      0.0000      0.0000      0.0000      0.0000      0.0000      0.0000
      0.0000      0.0000      0.0000      0.0000      0.0000      0.0000
      0.0000      0.0000      0.0000      0.0000      0.0000      0.0000
      0.0000      0.0000      0.0000      0.0000      0.0000      0.0000
      0.0000      0.0000      0.0000      0.0000      0.0000      0.0000
      0.0000      0.0000      0.0000      0.0000      0.0000      0.0000

  LAC N]**- LARTIR     0.1000E+04      0.000          44.5000
    323.1200    320.2400    317.3600    314.4800    311.6000    308.7200
    305.8400    302.9600    300.0800    297.2000    294.3200    291.4400
    288.5600    265.5200    278.4800    291.4400    304.4000    332.7000
    354.6600    367.6200    380.5800    393.5400    406.5000    419.4600
    432.4200    445.3800    458.3400    471.3000    448.2600    425.2200
    402.1800    399.3000    396.4200    373.3800    350.3400    327.3000
    340.2600    353.2200    366.1800    379.1400    392.1000    369.0600
    366.1800    363.3000    340.2600    317.2200    314.3400    311.4600
    310.0200    308.5800    307.1400    305.7000    304.2600    302.8200
    301.3800    299.9400    298.5000    297.0600    295.6200    294.1800
    292.7400    291.3000    305.7000    320.1000    334.5000    348.9000
    363.3000    377.7000    392.1000    406.5000    420.9000    435.3000
    449.7000    464.1000    478.5000    492.9000    471.3000    449.7000
    448.2600    446.8200    425.2200    403.6200    402.1800    400.7400
    379.1400    357.5400    371.9400    386.3400    400.7400    379.1400
    377.7000    376.2600    374.8200    373.3800    371.9400    370.5000

  USINE N]**- P.CHAH   94  95         476.1000
      0.0000      0.0000      0.0000      0.0000      0.0000      0.0000
      0.0000      0.0000      0.0000      0.0000      0.0000      0.0000
      0.0000      0.0000      0.0000      0.0000      0.0000     28.9800
     28.9800     14.2200      5.9400      5.9400     14.2200     14.2200
     14.2200     14.2200      0.0000      0.0000      0.0000      0.0000
      0.0000      0.0000      0.0000      0.0000      0.0000      0.0000
      0.0000     14.2200     28.9800     28.9800     14.2200      0.0000
      0.0000      0.0000      0.0000      0.0000      0.0000      0.0000
      0.0000      0.0000      0.0000      0.0000      0.0000      0.0000
      0.0000      0.0000      0.0000      0.0000      0.0000      0.0000
      0.0000      0.0000     14.2200     14.2200     14.2200     14.2200
     28.9800     28.9800     14.2200     14.2200     14.2200     14.2200
     14.2200     14.2200     14.2200      5.9400      0.0000      0.0000
      0.0000      0.0000      0.0000      0.0000      0.0000      0.0000
      0.0000      0.0000     14.2200     14.2200      0.0000      0.0000
      0.0000      0.0000      0.0000      0.0000      0.0000      0.0000

      0.0000      0.0000      0.0000      0.0000      0.0000      0.0000
      0.0000      0.0000      0.0000      0.0000      0.0000      0.0000
      0.0000      0.0000      0.0000      0.0000      0.0000     17.0000
     17.0000      8.5000      3.0000      3.0000      8.5000      8.5000
      8.5000      8.5000      0.0000      0.0000      0.0000      0.0000
      0.0000      0.0000      0.0000      0.0000      0.0000      0.0000
      0.0000      8.5000     17.0000     17.0000      8.5000      0.0000
      0.0000      0.0000      0.0000      0.0000      0.0000      0.0000
      0.0000      0.0000      0.0000      0.0000      0.0000      0.0000
      0.0000      0.0000      0.0000      0.0000      0.0000      0.0000
      0.0000      0.0000      8.5000      8.5000      8.5000      8.5000
     17.0000     17.0000      8.5000      8.5000      8.5000      8.5000
      8.5000      8.5000      8.5000      3.0000      0.0000      0.0000
      0.0000      0.0000      0.0000      0.0000      0.0000      0.0000
      0.0000      0.0000      8.5000      8.5000      0.0000      0.0000
      0.0000      0.0000      0.0000      0.0000      0.0000      0.0000

  USINE N]**- M.LARH   95  96        1320.3400
      0.0000      0.0000      0.0000      0.0000      0.0000      0.0000
      0.0000      0.0000      0.0000      0.0000      0.0000      0.0000
      0.0000      0.0000     36.0000     36.0000     36.0000     51.3400
     45.0000     36.0000     36.0000     36.0000     36.0000     36.0000
     36.0000     36.0000     36.0000     36.0000      0.0000      0.0000
      0.0000      0.0000      0.0000      0.0000      0.0000      0.0000
     36.0000     36.0000     36.0000     36.0000     36.0000      0.0000
      0.0000      0.0000      0.0000      0.0000      0.0000      0.0000
      0.0000      0.0000      0.0000      0.0000      0.0000      0.0000
      0.0000      0.0000      0.0000      0.0000      0.0000      0.0000
      0.0000      0.0000     36.0000     36.0000     36.0000     36.0000
     36.0000     36.0000     36.0000     36.0000     36.0000     36.0000
     36.0000     36.0000     36.0000     36.0000      0.0000      0.0000
      0.0000      0.0000      0.0000      0.0000      0.0000      0.0000
      0.0000      0.0000     36.0000     36.0000     36.0000      0.0000
      0.0000      0.0000      0.0000      0.0000      0.0000      0.0000

      0.0000      0.0000      0.0000      0.0000      0.0000      0.0000
      0.0000      0.0000      0.0000      0.0000      0.0000      0.0000
      0.0000      0.0000      3.5000      3.5000      3.5000      4.5000
      4.5000      3.5000      3.5000      3.5000      3.5000      3.5000
      3.5000      3.5000      3.5000      3.5000      0.0000      0.0000
      0.0000      0.0000      0.0000      0.0000      0.0000      0.0000
      3.5000      3.5000      3.5000      3.5000      3.5000      0.0000
      0.0000      0.0000      0.0000      0.0000      0.0000      0.0000
      0.0000      0.0000      0.0000      0.0000      0.0000      0.0000
      0.0000      0.0000      0.0000      0.0000      0.0000      0.0000
      0.0000      0.0000      3.5000      3.5000      3.5000      3.5000
      3.5000      3.5000      3.5000      3.5000      3.5000      3.5000
      3.5000      3.5000      3.5000      3.5000      0.0000      0.0000
      0.0000      0.0000      0.0000      0.0000      0.0000      0.0000
      0.0000      0.0000      3.5000      3.5000      3.5000      0.0000
      0.0000      0.0000      0.0000      0.0000      0.0000      0.0000

  USINE N]**- MRNEIH   96  97        1372.1800
      0.5400      0.5400      0.5400      0.5400      0.5400      0.5400
      0.5400      0.5400      0.5400      0.5400      0.5400      0.5400
      0.5400      0.5400     36.5400     36.5400     36.5400     51.8800
     45.5400     36.5400     36.5400     36.5400     36.5400     36.5400
     36.5400     36.5400     36.5400     36.5400      0.5400      0.5400
      0.5400      0.5400      0.5400      0.5400      0.5400      0.5400
     36.5400     36.5400     36.5400     36.5400     36.5400      0.5400
      0.5400      0.5400      0.5400      0.5400      0.5400      0.5400
      0.5400      0.5400      0.5400      0.5400      0.5400      0.5400
      0.5400      0.5400      0.5400      0.5400      0.5400      0.5400
      0.5400      0.5400     36.5400     36.5400     36.5400     36.5400
     36.5400     36.5400     36.5400     36.5400     36.5400     36.5400
     36.5400     36.5400     36.5400     36.5400      0.5400      0.5400
      0.5400      0.5400      0.5400      0.5400      0.5400      0.5400
      0.5400      0.5400     36.5400     36.5400     36.5400      0.5400
      0.5400      0.5400      0.5400      0.5400      0.5400      0.5400

      0.0162      0.0162      0.0162      0.0162      0.0162      0.0162
      0.0162      0.0162      0.0162      0.0162      0.0162      0.0162
      0.0162      0.0162      1.0973      1.0973      1.0973      1.2000
      1.2000      1.0973      1.0973      0.0000      1.0973      1.0973
      1.0973      1.0973      1.0973      1.0973      0.0162      0.0162
      0.0162      0.0162      0.0162      0.0162      0.0162      0.0162
      1.0973      1.0973      1.0973      1.0973      1.0973      0.0162
      0.0162      0.0162      0.0162      0.0162      0.0162      0.0162
      0.0162      0.0162      0.0162      0.0162      0.0162      0.0162
      0.0162      0.0162      0.0162      0.0162      0.0162      0.0162
      0.0162      0.0162      1.0973      1.0973      1.0973      1.0973
      1.0973      1.0973      1.0973      1.0973      1.0973      1.0973
      1.0973      1.0973      1.0973      1.0973      0.0162      0.0162
      0.0162      0.0162      0.0162      0.0162      0.0162      0.0162
      0.0162      0.0162      1.0973      1.0973      1.0973      0.0162
      0.0162      0.0162      0.0162      0.0162      0.0162      0.0162

  USINE N]**- FLEIXH   97  98        1424.0200
      1.0800      1.0800      1.0800      1.0800      1.0800      1.0800
      1.0800      1.0800      1.0800      1.0800      1.0800      1.0800
      1.0800      1.0800     37.0800     37.0800     37.0800     52.4200
     46.0800     37.0800     37.0800     37.0800     37.0800     37.0800
     37.0800     37.0800     37.0800     37.0800      1.0800      1.0800
      1.0800      1.0800      1.0800      1.0800      1.0800      1.0800
     37.0800     37.0800     37.0800     37.0800     37.0800      1.0800
      1.0800      1.0800      1.0800      1.0800      1.0800      1.0800
      1.0800      1.0800      1.0800      1.0800      1.0800      1.0800
      1.0800      1.0800      1.0800      1.0800      1.0800      1.0800
      1.0800      1.0800     37.0800     37.0800     37.0800     37.0800
     37.0800     37.0800     37.0800     37.0800     37.0800     37.0800
     37.0800     37.0800     37.0800     37.0800      1.0800      1.0800
      1.0800      1.0800      1.0800      1.0800      1.0800      1.0800
      1.0800      1.0800     37.0800     37.0800     37.0800      1.0800
      1.0800      1.0800      1.0800      1.0800      1.0800      1.0800

      0.0000      0.0000      0.0000      0.0000      0.0000      0.0000
      0.0000      0.0000      0.0000      0.0000      0.0000      0.0000
      0.0000      0.0000      0.0000      0.0000      0.0000      0.0000
      0.0000      0.0000      0.0000      0.0000      0.0000      0.0000
      0.0000      0.0000      0.0000      0.0000      0.0000      0.0000
      0.0000      0.0000      0.0000      0.0000      0.0000      0.0000
      0.0000      0.0000      0.0000      0.0000      0.0000      0.0000
      0.0000      0.0000      0.0000      0.0000      0.0000      0.0000
      0.0000      0.0000      0.0000      0.0000      0.0000      0.0000
      0.0000      0.0000      0.0000      0.0000      0.0000      0.0000
      0.0000      0.0000      0.0000      0.0000      0.0000      0.0000
      0.0000      0.0000      0.0000      0.0000      0.0000      0.0000
      0.0000      0.0000      0.0000      0.0000      0.0000      0.0000
      0.0000      0.0000      0.0000      0.0000      0.0000      0.0000
      0.0000      0.0000      0.0000      0.0000      0.0000      0.0000
      0.0000      0.0000      0.0000      0.0000      0.0000      0.0000

  USINE N]**- BUJALH   98  99        1475.8600
      1.6200      1.6200      1.6200      1.6200      1.6200      1.6200
      1.6200      1.6200      1.6200      1.6200      1.6200      1.6200
      1.6200      1.6200     37.6200     37.6200     37.6200     52.9600
     46.6200     37.6200     37.6200     37.6200     37.6200     37.6200
     37.6200     37.6200     37.6200     37.6200      1.6200      1.6200
      1.6200      1.6200      1.6200      1.6200      1.6200      1.6200
     37.6200     37.6200     37.6200     37.6200     37.6200      1.6200
      1.6200      1.6200      1.6200      1.6200      1.6200      1.6200
      1.6200      1.6200      1.6200      1.6200      1.6200      1.6200
      1.6200      1.6200      1.6200      1.6200      1.6200      1.6200
      1.6200      1.6200     37.6200     37.6200     37.6200     37.6200
     37.6200     37.6200     37.6200     37.6200     37.6200     37.6200
     37.6200     37.6200     37.6200     37.6200      1.6200      1.6200
      1.6200      1.6200      1.6200      1.6200      1.6200      1.6200
      1.6200      1.6200     37.6200     37.6200     37.6200      1.6200
      1.6200      1.6200      1.6200      1.6200      1.6200      1.6200

      0.0486      0.0486      0.0486      0.0486      0.0486      0.0486
      0.0486      0.0000      0.0000      0.0486      0.0486      0.0486
      0.0486      0.0486      1.1297      1.1297      1.1297      1.2000
      1.2000      1.1297      1.1297      0.0000      1.1297      1.1297
      1.1297      1.1297      1.1297      1.1297      0.0486      0.0486
      0.0486      0.0486      0.0486      0.0486      0.0486      0.0486
      1.1297      1.1297      1.1297      1.1297      1.1297      0.0486
      0.0486      0.0486      0.0486      0.0486      0.0486      0.0486
      0.0486      0.0486      0.0486      0.0486      0.0486      0.0486
      0.0486      0.0486      0.0486      0.0486      0.0486      0.0486
      0.0486      0.0486      1.1297      1.1297      1.1297      1.1297
      1.1297      1.1297      1.1297      1.1297      1.1297      1.1297
      1.1297      1.1297      1.1297      1.1297      0.0486      0.0486
      0.0486      0.0486      0.0486      0.0486      0.0486      0.0486
      0.0486      0.0486      1.1297      1.1297      1.1297      0.0486
      0.0486      0.0486      0.0486      0.0486      0.0486      0.0486

  USINE N]**- LANGLH   99  **        1527.7000
      2.1600      2.1600      2.1600      2.1600      2.1600      2.1600
      2.1600      2.1600      2.1600      2.1600      2.1600      2.1600
      2.1600      2.1600     38.1600     38.1600     38.1600     53.5000
     47.1600     38.1600     38.1600     38.1600     38.1600     38.1600
     38.1600     38.1600     38.1600     38.1600      2.1600      2.1600
      2.1600      2.1600      2.1600      2.1600      2.1600      2.1600
     38.1600     38.1600     38.1600     38.1600     38.1600      2.1600
      2.1600      2.1600      2.1600      2.1600      2.1600      2.1600
      2.1600      2.1600      2.1600      2.1600      2.1600      2.1600
      2.1600      2.1600      2.1600      2.1600      2.1600      2.1600
      2.1600      2.1600     38.1600     38.1600     38.1600     38.1600
     38.1600     38.1600     38.1600     38.1600     38.1600     38.1600
     38.1600     38.1600     38.1600     38.1600      2.1600      2.1600
      2.1600      2.1600      2.1600      2.1600      2.1600      2.1600
      2.1600      2.1600     38.1600     38.1600     38.1600      2.1600
      2.1600      2.1600      2.1600      2.1600      2.1600      2.1600

      0.0649      0.0649      0.0649      0.0649      0.0649      0.0000
      0.0649      0.0000      0.0000      0.0000      0.0649      0.0649
      0.0649      0.0649      1.1459      1.1459      1.1459      1.2000
      1.2000      1.1459      1.1459      0.0000      1.1459      1.1459
      1.1459      1.1459      1.1459      1.1459      0.0649      0.0649
      0.0649      0.0649      0.0649      0.0649      0.0649      0.0649
      1.1459      1.1459      1.1459      1.1459      1.1459      0.0649
      0.0649      0.0649      0.0649      0.0649      0.0649      0.0649
      0.0649      0.0649      0.0649      0.0649      0.0649      0.0649
      0.0649      0.0649      0.0000      0.0649      0.0649      0.0649
      0.0649      0.0649      1.1459      1.1459      1.1459      1.1459
      1.1459      1.1459      1.1459      1.1459      1.1459      1.1459
      1.1459      1.1459      1.1459      1.1459      0.0649      0.0649
      0.0649      0.0649      0.0649      0.0649      0.0649      0.0649
      0.0649      0.0649      1.1459      1.1459      1.1459      0.0649
      0.0649      0.0649      0.0649      0.0649      0.0649      0.0649

  USINE N]**- VLEJOH   **  **        1579.5400
      2.7000      2.7000      2.7000      2.7000      2.7000      2.7000
      2.7000      2.7000      2.7000      2.7000      2.7000      2.7000
      2.7000      2.7000     38.7000     38.7000     38.7000     54.0400
     47.7000     38.7000     38.7000     38.7000     38.7000     38.7000
     38.7000     38.7000     38.7000     38.7000      2.7000      2.7000
      2.7000      2.7000      2.7000      2.7000      2.7000      2.7000
     38.7000     38.7000     38.7000     38.7000     38.7000      2.7000
      2.7000      2.7000      2.7000      2.7000      2.7000      2.7000
      2.7000      2.7000      2.7000      2.7000      2.7000      2.7000
      2.7000      2.7000      2.7000      2.7000      2.7000      2.7000
      2.7000      2.7000     38.7000     38.7000     38.7000     38.7000
     38.7000     38.7000     38.7000     38.7000     38.7000     38.7000
     38.7000     38.7000     38.7000     38.7000      2.7000      2.7000
      2.7000      2.7000      2.7000      2.7000      2.7000      2.7000
      2.7000      2.7000     38.7000     38.7000     38.7000      2.7000
      2.7000      2.7000      2.7000      2.7000      2.7000      2.7000

      0.0811      0.0000      0.0000      0.0811      0.0811      0.0000
      0.0000      0.0000      0.0000      0.0000      0.0000      0.0811
      0.0811      0.0811      1.1622      1.1622      1.1622      1.2000
      1.2000      1.1622      1.1622      0.0000      1.1622      1.1622
      1.1622      1.1622      1.1622      1.1622      0.0811      0.0811
      0.0811      0.0811      0.0811      0.0811      0.0811      0.0811
      1.1622      1.1622      1.1622      1.1622      1.1622      0.0811
      0.0811      0.0811      0.0811      0.0811      0.0811      0.0811
      0.0811      0.0811      0.0811      0.0811      0.0811      0.0000
      0.0811      0.0811      0.0000      0.0811      0.0811      0.0811
      0.0811      0.0811      1.1622      1.1622      1.1622      1.1622
      1.1622      1.1622      1.1622      1.1622      1.1622      1.1622
      1.1622      1.1622      1.1622      1.1622      0.0811      0.0811
      0.0811      0.0811      0.0811      0.0811      0.0811      0.0811
      0.0811      0.0811      1.1622      1.1622      1.1622      0.0811
      0.0811      0.0811      0.0811      0.0811      0.0811      0.0811

  USINE N]**- LARTIH   **   0        1725.1200
      6.8400      6.8400      6.8400      6.8400      6.8400      6.8400
      6.8400      6.8400      6.8400      6.8400      6.8400      6.8400
      6.8400     27.0000     27.0000     27.0000     27.0000     27.0000
     27.0000     27.0000     27.0000     27.0000     27.0000     27.0000
     27.0000     27.0000     27.0000     27.0000     27.0000     27.0000
     27.0000      6.8400      6.8400     27.0000     27.0000     27.0000
     27.0000     27.0000     27.0000     27.0000     27.0000     27.0000
      6.8400      6.8400     27.0000     27.0000      6.8400      6.8400
      6.8400      6.8400      6.8400      6.8400      6.8400      6.8400
      6.8400      6.8400      6.8400      6.8400      6.8400      6.8400
      6.8400      6.8400     27.0000     27.0000     27.0000     27.0000
     27.0000     27.0000     27.0000     27.0000     27.0000     27.0000
     27.0000     27.0000     27.0000     27.0000     27.0000     27.0000
      6.8400      6.8400     27.0000     27.0000      6.8400      6.8400
     27.0000     27.0000     27.0000     27.0000     27.0000     27.0000
      6.8400      6.8400      6.8400      6.8400      6.8400      6.8400

      0.2000      0.2000      0.2000      0.2000      0.2000      0.2000
      0.2000      0.2000      0.2000      0.2000      0.2000      0.2000
      0.2000      0.7000      0.7000      0.7000      0.7000      0.7000
      0.7000      0.7000      0.7000      0.7000      0.7000      0.7000
      0.7000      0.7000      0.7000      0.7000      0.7000      0.7000
      0.7000      0.2000      0.2000      0.7000      0.7000      0.7000
      0.7000      0.7000      0.7000      0.7000      0.7000      0.7000
      0.2000      0.2000      0.7000      0.7000      0.2000      0.2000
      0.2000      0.2000      0.2000      0.2000      0.2000      0.2000
      0.2000      0.2000      0.2000      0.2000      0.2000      0.2000
      0.2000      0.2000      0.7000      0.7000      0.7000      0.7000
      0.7000      0.7000      0.7000      0.7000      0.7000      0.7000
      0.7000      0.7000      0.7000      0.7000      0.7000      0.7000
      0.2000      0.2000      0.7000      0.7000      0.2000      0.2000
      0.7000      0.7000      0.7000      0.7000      0.7000      0.7000
      0.2000      0.2000      0.2000      0.2000      0.2000      0.2000

   DONNEES POUR LA VALLEE N]24-TAURION  DATE: 22/03/10     4 USINE(S)     4 RESERVOIR(S)
  LAC N]**- CTLUSR     0.1000E+04      1.070           6.4800
    171.4000    185.8000    200.2000    214.6000    229.0000    243.4000
    240.1600    236.9200    251.3200    265.7200    262.4800    259.2400
    256.0000    252.7600    249.5200    246.2800    243.0400    239.8000
    236.5600    233.3200    230.0800    226.8400    223.6000    220.3600
    217.1200    213.8800    210.6400    207.4000    204.1600    200.9200
    197.6800    194.4400    191.2000    187.9600    184.7200    181.4800
    178.2400    175.0000    171.7600    168.5200    165.2800    162.0400
    158.8000    155.5600    152.3200    149.0800    163.4800    177.8800
    192.2800    189.0400    185.8000    200.2000    214.6000    229.0000
    243.4000    257.8000    254.5600    251.3200    248.0800    244.8400
    241.6000    238.3600    235.1200    231.8800    228.6400    225.4000
    222.1600    218.9200    215.6800    212.4400    209.2000    205.9600
    202.7200    199.4800    196.2400    193.0000    189.7600    186.5200
    183.2800    180.0400    176.8000    173.5600    170.3200    167.0800
    163.8400    160.6000    157.3600    154.1200    150.8800    147.6400
    144.4000    141.1600    137.9200    134.6800    149.0800    163.4800

  LAC N]**- CHATRR     0.1000E+04      0.000           0.0000
      0.0000      0.0000      0.0000      0.0000      0.0000      0.0000
      0.0000      0.0000      0.0000      0.0000      0.0000      0.0000
      0.0000      0.0000      0.0000      0.0000      0.0000      0.0000
      0.0000      0.0000      0.0000      0.0000      0.0000      0.0000
      0.0000      0.0000      0.0000      0.0000      0.0000      0.0000
      0.0000      0.0000      0.0000      0.0000      0.0000      0.0000
      0.0000      0.0000      0.0000      0.0000      0.0000      0.0000
      0.0000      0.0000      0.0000      0.0000      0.0000      0.0000
      0.0000      0.0000      0.0000      0.0000      0.0000      0.0000
      0.0000      0.0000      0.0000      0.0000      0.0000      0.0000
      0.0000      0.0000      0.0000      0.0000      0.0000      0.0000
      0.0000      0.0000      0.0000      0.0000      0.0000      0.0000
      0.0000      0.0000      0.0000      0.0000      0.0000      0.0000
      0.0000      0.0000      0.0000      0.0000      0.0000      0.0000
      0.0000      0.0000      0.0000      0.0000      0.0000      0.0000
      0.0000      0.0000      0.0000      0.0000      0.0000      0.0000

  LAC N]**- SSMC R     0.1000E+04      0.000          44.8200
   8878.6000   8882.2000   8885.8000   8889.4000   8893.0000   8896.6000
   8917.8400   8939.0800   8942.6800   8946.2800   8967.5200   8988.7600
   9010.0000   8964.1000   8918.2000   8872.3000   8852.1400   8831.9800
   8811.8200   8791.6600   8771.5000   8792.7400   8813.9800   8793.8200
   8773.6600   8753.5000   8733.3400   8713.1800   8734.4200   8755.6600
   8776.9000   8756.7400   8736.5800   8757.8200   8779.0600   8800.3000
   8780.1400   8759.9800   8714.0800   8668.1800   8622.2800   8624.6200
   8645.8600   8667.1000   8688.3400   8709.5800   8713.1800   8716.7800
   8720.3800   8741.6200   8762.8600   8766.4600   8770.0600   8773.6600
   8777.2600   8780.8600   8802.1000   8823.3400   8844.5800   8865.8200
   8887.0600   8908.3000   8862.4000   8816.5000   8796.3400   8817.5800
   8838.8200   8860.0600   8862.4000   8864.7400   8844.5800   8824.4200
   8845.6600   8866.9000   8846.7400   8826.5800   8847.8200   8869.0600
   8848.9000   8828.7400   8808.5800   8829.8200   8851.0600   8872.3000
   8893.5400   8847.6400   8801.7400   8804.0800   8806.4200   8827.6600
   8848.9000   8870.1400   8891.3800   8912.6200   8916.2200   8919.8200

  LAC N]**- CXVANR     0.1000E+04      0.000          28.8398
    315.1600    317.3200    319.4800    321.6400    323.8000    325.9600
    328.1200    330.2800    332.4400    334.6000    336.7600    338.9200
    341.0800    360.5598    383.0598    405.5598    402.3198    399.0798
    395.8398    392.5998    430.7598    427.5198    382.8798    379.6398
    376.3998    373.1598    369.9198    366.6798    340.0398    336.7998
    333.5598    371.7198    409.8798    406.6398    361.9998    317.3598
    314.1198    310.8798    333.3798    355.8798    378.3798    370.6398
    372.7998    374.9598    348.3198    321.6798    323.8398    325.9998
    328.1598    330.3198    332.4798    334.6398    336.7998    338.9598
    341.1198    343.2798    345.4398    342.1998    315.5598    288.9198
    291.0798    293.2398    315.7398    338.2398    376.3998    373.1598
    328.5198    283.8798    258.1398    250.3998    265.1598    279.9198
    276.6798    273.4398    311.5998    326.3598    299.7198    273.0798
    269.8398    266.5998    263.3598    265.5198    267.6798    269.8398
    266.5998    289.0998    311.5998    327.2598    342.9198    345.0798
    347.2398    349.3998    351.5598    348.3198    345.0798    341.8398

  USINE N]**- CTLUSH   **  **        1375.9200
      0.0000      0.0000      0.0000      0.0000      0.0000      0.0000
     17.6400     17.6400      0.0000      0.0000     17.6400     17.6400
     17.6400     17.6400     17.6400     17.6400     17.6400     17.6400
     17.6400     17.6400     17.6400     17.6400     17.6400     17.6400
     17.6400     17.6400     17.6400     17.6400     17.6400     17.6400
     17.6400     17.6400     17.6400     17.6400     17.6400     17.6400
     17.6400     17.6400     17.6400     17.6400     17.6400     17.6400
     17.6400     17.6400     17.6400     17.6400      0.0000      0.0000
      0.0000     17.6400     17.6400      0.0000      0.0000      0.0000
      0.0000      0.0000     17.6400     17.6400     17.6400     17.6400
     17.6400     17.6400     17.6400     17.6400     17.6400     17.6400
     17.6400     17.6400     17.6400     17.6400     17.6400     17.6400
     17.6400     17.6400     17.6400     17.6400     17.6400     17.6400
     17.6400     17.6400     17.6400     17.6400     17.6400     17.6400
     17.6400     17.6400     17.6400     17.6400     17.6400     17.6400
     17.6400     17.6400     17.6400     17.6400      0.0000      0.0000

      0.0000      0.0000      0.0000      0.0000      0.0000      0.0000
      1.7500      1.7500      0.0000      0.0000      1.7500      1.7500
      1.7500      1.7500      1.7500      1.7500      1.7500      1.7500
      1.7500      1.7500      1.7500      1.7500      1.7500      1.7500
      1.7500      1.7500      1.7500      1.7500      1.7500      1.7500
      1.7500      1.7500      1.7500      1.7500      1.7500      1.7500
      1.7500      1.7500      1.7500      1.7500      1.7500      1.7500
      1.7500      1.7500      1.7500      1.7500      0.0000      0.0000
      0.0000      1.7500      1.7500      0.0000      0.0000      0.0000
      0.0000      0.0000      1.7500      1.7500      1.7500      1.7500
      1.7500      1.7500      1.7500      1.7500      1.7500      1.7500
      1.7500      1.7500      1.7500      1.7500      1.7500      1.7500
      1.7500      1.7500      1.7500      1.7500      1.7500      1.7500
      1.7500      1.7500      1.7500      1.7500      1.7500      1.7500
      1.7500      1.7500      1.7500      1.7500      1.7500      1.7500
      1.7500      1.7500      1.7500      1.7500      0.0000      0.0000

  USINE N]**- CHATRH   **  **        1375.9200
      0.0000      0.0000      0.0000      0.0000      0.0000      0.0000
     17.6400     17.6400      0.0000      0.0000     17.6400     17.6400
     17.6400     17.6400     17.6400     17.6400     17.6400     17.6400
     17.6400     17.6400     17.6400     17.6400     17.6400     17.6400
     17.6400     17.6400     17.6400     17.6400     17.6400     17.6400
     17.6400     17.6400     17.6400     17.6400     17.6400     17.6400
     17.6400     17.6400     17.6400     17.6400     17.6400     17.6400
     17.6400     17.6400     17.6400     17.6400      0.0000      0.0000
      0.0000     17.6400     17.6400      0.0000      0.0000      0.0000
      0.0000      0.0000     17.6400     17.6400     17.6400     17.6400
     17.6400     17.6400     17.6400     17.6400     17.6400     17.6400
     17.6400     17.6400     17.6400     17.6400     17.6400     17.6400
     17.6400     17.6400     17.6400     17.6400     17.6400     17.6400
     17.6400     17.6400     17.6400     17.6400     17.6400     17.6400
     17.6400     17.6400     17.6400     17.6400     17.6400     17.6400
     17.6400     17.6400     17.6400     17.6400      0.0000      0.0000

      0.0000      0.0000      0.0000      0.0000      0.0000      0.0000
      0.0000      0.0000      0.0000      0.0000      1.2544      1.2544
      1.2544      1.2544      1.2544      1.2544      1.2544      1.2544
      1.2544      1.2544      1.2544      0.0000      1.2544      1.2544
      1.2544      1.2544      1.2544      1.2544      1.2544      1.2544
      1.2544      1.2544      1.2544      0.0000      1.2544      1.2544
      1.2544      1.2544      1.2544      1.2544      1.2544      1.2544
      1.2544      1.2544      0.0000      1.2544      0.0000      0.0000
      0.0000      1.2544      1.2544      0.0000      0.0000      0.0000
      0.0000      0.0000      0.0000      1.2544      1.2544      1.2544
      1.2544      0.0000      1.2544      1.2544      1.2544      1.2544
      1.2544      1.2544      1.2544      1.2544      1.2544      1.2544
      1.2544      1.2544      1.2544      1.2544      1.2544      1.2544
      1.2544      1.2544      1.2544      0.0000      0.0000      1.2544
      1.2544      1.2544      1.2544      1.2544      1.2544      1.2544
      0.0000      0.0000      0.0000      1.2544      0.0000      0.0000

  USINE N]**- SSMC H   **  **        2022.3000
      3.6000      3.6000      3.6000      3.6000      3.6000      3.6000
      3.6000      3.6000      3.6000      3.6000      3.6000      3.6000
      3.6000     70.7400     70.7400     70.7400     45.0000     45.0000
     45.0000     45.0000     45.0000      3.6000      3.6000     45.0000
     45.0000     45.0000     45.0000     45.0000      3.6000      3.6000
      3.6000     45.0000     45.0000      3.6000      3.6000      3.6000
     45.0000     45.0000     70.7400     70.7400     70.7400     22.5000
      3.6000      3.6000      3.6000      3.6000      3.6000      3.6000
      3.6000      3.6000      3.6000      3.6000      3.6000      3.6000
      3.6000      3.6000      3.6000      3.6000      3.6000      3.6000
      3.6000      3.6000     70.7400     70.7400     45.0000      3.6000
      3.6000      3.6000     22.5000     22.5000     45.0000     45.0000
      3.6000      3.6000     45.0000     45.0000      3.6000      3.6000
     45.0000     45.0000     45.0000      3.6000      3.6000      3.6000
      3.6000     70.7400     70.7400     22.5000     22.5000      3.6000
      3.6000      3.6000      3.6000      3.6000      3.6000      3.6000

      0.2800      0.2800      0.2800      0.2800      0.2800      0.2800
      0.2800      0.2800      0.2800      0.2800      0.2800      0.2800
      0.2800      5.5000      5.5000      5.5000      3.5000      3.5000
      3.5000      3.5000      3.5000      0.2800      0.2800      3.5000
      3.5000      3.5000      3.5000      3.5000      0.2800      0.2800
      0.2800      3.5000      3.5000      0.2800      0.2800      0.2800
      3.5000      3.5000      5.5000      5.5000      5.5000      1.7500
      0.2800      0.2800      0.2800      0.2800      0.2800      0.2800
      0.2800      0.2800      0.2800      0.2800      0.2800      0.2800
      0.2800      0.2800      0.2800      0.2800      0.2800      0.2800
      0.2800      0.2800      5.5000      5.5000      3.5000      0.2800
      0.2800      0.2800      1.7500      1.7500      3.5000      3.5000
      0.2800      0.2800      3.5000      3.5000      0.2800      0.2800
      3.5000      3.5000      3.5000      0.2800      0.2800      0.2800
      0.2800      5.5000      5.5000      1.7500      1.7500      0.2800
      0.2800      0.2800      0.2800      0.2800      0.2800      0.2800

  USINE N]**- CXVANH   **   0        2200.8202
      3.6000      3.6000      3.6000      3.6000      3.6000      3.6000
      3.6000      3.6000      3.6000      3.6000      3.6000      3.6000
      3.6000     53.4202     50.4000     50.4000     50.4000     50.4000
     50.4000     50.4000      9.0000      9.0000     50.4000     50.4000
     50.4000     50.4000     50.4000     50.4000     32.4000      9.0000
      9.0000      9.0000      9.0000      9.0000     50.4000     50.4000
     50.4000     50.4000     50.4000     50.4000     50.4000     32.4000
      3.6000      3.6000     32.4000     32.4000      3.6000      3.6000
      3.6000      3.6000      3.6000      3.6000      3.6000      3.6000
      3.6000      3.6000      3.6000      9.0000     32.4000     32.4000
      3.6000      3.6000     50.4000     50.4000      9.0000      9.0000
     50.4000     50.4000     50.4000     32.4000     32.4000     32.4000
      9.0000      9.0000      9.0000     32.4000     32.4000     32.4000
     50.4000     50.4000     50.4000      3.6000      3.6000      3.6000
      9.0000     50.4000     50.4000      9.0000      9.0000      3.6000
      3.6000      3.6000      3.6000      9.0000      9.0000      9.0000

      0.0500      0.0500      0.0500      0.0500      0.0500      0.0500
      0.0500      0.0500      0.0500      0.0500      0.0500      0.0500
      0.0500      0.7000      0.7000      0.7000      0.7000      0.7000
      0.7000      0.7000      0.1500      0.1500      0.7000      0.7000
      0.7000      0.7000      0.7000      0.7000      0.5000      0.1500
      0.1500      0.1500      0.1500      0.1500      0.7000      0.7000
      0.7000      0.7000      0.7000      0.7000      0.7000      0.5000
      0.0500      0.0500      0.5000      0.5000      0.0500      0.0500
      0.0500      0.0500      0.0500      0.0500      0.0500      0.0500
      0.0500      0.0500      0.0500      0.1500      0.5000      0.5000
      0.0500      0.0500      0.7000      0.7000      0.1500      0.1500
      0.7000      0.7000      0.7000      0.5000      0.5000      0.5000
      0.1500      0.1500      0.1500      0.5000      0.5000      0.5000
      0.7000      0.7000      0.7000      0.0500      0.0500      0.0500
      0.1500      0.7000      0.7000      0.1500      0.1500      0.0500
      0.0500      0.0500      0.0500      0.1500      0.1500      0.1500

   DONNEES POUR LA VALLEE N]29-ARRENS   DATE: 22/03/10     6 USINE(S)     6 RESERVOIR(S)
  LAC N]**- MIGOER     0.1000E+04     25.540           0.0000
    840.0000    840.0000    840.0000    840.0000    840.0000    840.0000
    840.0000    840.0000    840.0000    840.0000    840.0000    840.0000
    840.0000    840.0000    840.0000    840.0000    840.0000    840.0000
    840.0000    840.0000    840.0000    840.0000    840.0000    840.0000
    840.0000    840.0000    840.0000    840.0000    840.0000    840.0000
    840.0000    840.0000    840.0000    840.0000    840.0000    840.0000
    840.0000    840.0000    840.0000    840.0000    840.0000    840.0000
    840.0000    840.0000    840.0000    840.0000    840.0000    840.0000
    840.0000    840.0000    840.0000    840.0000    840.0000    840.0000
    840.0000    840.0000    840.0000    840.0000    840.0000    840.0000
    840.0000    840.0000    840.0000    840.0000    840.0000    840.0000
    840.0000    840.0000    840.0000    840.0000    840.0000    840.0000
    840.0000    840.0000    840.0000    840.0000    840.0000    840.0000
    840.0000    840.0000    840.0000    840.0000    840.0000    840.0000
    840.0000    840.0000    840.0000    840.0000    840.0000    840.0000
    840.0000    840.0000    840.0000    840.0000    840.0000    840.0000

  LAC N]**- TUCOYR     0.1000E+04      0.000           0.0000
      0.0000      0.0000      0.0000      0.0000      0.0000      0.0000
      0.0000      0.0000      0.0000      0.0000      0.0000      0.0000
      0.0000      0.0000      0.0000      0.0000      0.0000      0.0000
      0.0000      0.0000      0.0000      0.0000      0.0000      0.0000
      0.0000      0.0000      0.0000      0.0000      0.0000      0.0000
      0.0000      0.0000      0.0000      0.0000      0.0000      0.0000
      0.0000      0.0000      0.0000      0.0000      0.0000      0.0000
      0.0000      0.0000      0.0000      0.0000      0.0000      0.0000
      0.0000      0.0000      0.0000      0.0000      0.0000      0.0000
      0.0000      0.0000      0.0000      0.0000      0.0000      0.0000
      0.0000      0.0000      0.0000      0.0000      0.0000      0.0000
      0.0000      0.0000      0.0000      0.0000      0.0000      0.0000
      0.0000      0.0000      0.0000      0.0000      0.0000      0.0000
      0.0000      0.0000      0.0000      0.0000      0.0000      0.0000
      0.0000      0.0000      0.0000      0.0000      0.0000      0.0000
      0.0000      0.0000      0.0000      0.0000      0.0000      0.0000

  LAC N]**- TECH R     0.1000E+04      0.000         -55.6200
    497.6000    510.2000    522.8000    535.4000    548.0000    560.6000
    573.2000    585.8000    598.4000    611.0000    623.6000    620.3600
    614.0600    607.7600    601.4600    595.1600    588.8600    582.5600
    576.2600    569.9600    563.6600    557.3600    551.0600    544.7600
    538.4600    532.1600    525.8600    519.5600    513.2600    506.9600
    500.6600    494.3600    488.0600    481.7600    475.4600    469.1600
    462.8600    456.5600    450.2600    443.9600    437.6600    431.3600
    425.0600    418.7600    431.3600    443.9600    456.5600    469.1600
    476.1800    477.4400    478.7000    485.7200    492.7400    505.3400
    517.9400    521.0000    524.0600    517.7600    511.4600    508.2200
    504.9800    501.7400    495.4400    489.1400    482.8400    476.5400
    470.2400    463.9400    457.6400    451.3400    445.0400    438.7400
    432.4400    426.1400    419.8400    413.5400    407.2400    400.9400
    394.6400    395.9000    397.1600    404.1800    411.2000    404.9000
    398.6000    392.3000    386.0000    379.7000    373.4000    386.0000
    398.6000    401.6600    402.9200    404.1800    416.7800    429.3800

  LAC N]**- AUCUNR     0.1000E+04      0.000           0.0000
      0.0000      0.0000      0.0000      0.0000      0.0000      0.0000
      0.0000      0.0000      0.0000      0.0000      0.0000      0.0000
      0.0000      0.0000      0.0000      0.0000      0.0000      0.0000
      0.0000      0.0000      0.0000      0.0000      0.0000      0.0000
      0.0000      0.0000      0.0000      0.0000      0.0000      0.0000
      0.0000      0.0000      0.0000      0.0000      0.0000      0.0000
      0.0000      0.0000      0.0000      0.0000      0.0000      0.0000
      0.0000      0.0000      0.0000      0.0000      0.0000      0.0000
      0.0000      0.0000      0.0000      0.0000      0.0000      0.0000
      0.0000      0.0000      0.0000      0.0000      0.0000      0.0000
      0.0000      0.0000      0.0000      0.0000      0.0000      0.0000
      0.0000      0.0000      0.0000      0.0000      0.0000      0.0000
      0.0000      0.0000      0.0000      0.0000      0.0000      0.0000
      0.0000      0.0000      0.0000      0.0000      0.0000      0.0000
      0.0000      0.0000      0.0000      0.0000      0.0000      0.0000
      0.0000      0.0000      0.0000      0.0000      0.0000      0.0000

  LAC N]**- NOUAUR     0.1000E+04      0.000           0.0000
      0.0000      0.0000      0.0000      0.0000      0.0000      0.0000
      0.0000      0.0000      0.0000      0.0000      0.0000      0.0000
      0.0000      0.0000      0.0000      0.0000      0.0000      0.0000
      0.0000      0.0000      0.0000      0.0000      0.0000      0.0000
      0.0000      0.0000      0.0000      0.0000      0.0000      0.0000
      0.0000      0.0000      0.0000      0.0000      0.0000      0.0000
      0.0000      0.0000      0.0000      0.0000      0.0000      0.0000
      0.0000      0.0000      0.0000      0.0000      0.0000      0.0000
      0.0000      0.0000      0.0000      0.0000      0.0000      0.0000
      0.0000      0.0000      0.0000      0.0000      0.0000      0.0000
      0.0000      0.0000      0.0000      0.0000      0.0000      0.0000
      0.0000      0.0000      0.0000      0.0000      0.0000      0.0000
      0.0000      0.0000      0.0000      0.0000      0.0000      0.0000
      0.0000      0.0000      0.0000      0.0000      0.0000      0.0000
      0.0000      0.0000      0.0000      0.0000      0.0000      0.0000
      0.0000      0.0000      0.0000      0.0000      0.0000      0.0000

  LAC N]**- L.BALR     0.1000E+04      0.000           0.0000
      0.0000      0.0000      0.0000      0.0000      0.0000      0.0000
      0.0000      0.0000      0.0000      0.0000      0.0000      0.0000
      0.0000      0.0000      0.0000      0.0000      0.0000      0.0000
      0.0000      0.0000      0.0000      0.0000      0.0000      0.0000
      0.0000      0.0000      0.0000      0.0000      0.0000      0.0000
      0.0000      0.0000      0.0000      0.0000      0.0000      0.0000
      0.0000      0.0000      0.0000      0.0000      0.0000      0.0000
      0.0000      0.0000      0.0000      0.0000      0.0000      0.0000
      0.0000      0.0000      0.0000      0.0000      0.0000      0.0000
      0.0000      0.0000      0.0000      0.0000      0.0000      0.0000
      0.0000      0.0000      0.0000      0.0000      0.0000      0.0000
      0.0000      0.0000      0.0000      0.0000      0.0000      0.0000
      0.0000      0.0000      0.0000      0.0000      0.0000      0.0000
      0.0000      0.0000      0.0000      0.0000      0.0000      0.0000
      0.0000      0.0000      0.0000      0.0000      0.0000      0.0000
      0.0000      0.0000      0.0000      0.0000      0.0000      0.0000

  USINE N]**- MIGOEH   **  **           0.0000
      0.0000      0.0000      0.0000      0.0000      0.0000      0.0000
      0.0000      0.0000      0.0000      0.0000      0.0000      0.0000
      0.0000      0.0000      0.0000      0.0000      0.0000      0.0000
      0.0000      0.0000      0.0000      0.0000      0.0000      0.0000
      0.0000      0.0000      0.0000      0.0000      0.0000      0.0000
      0.0000      0.0000      0.0000      0.0000      0.0000      0.0000
      0.0000      0.0000      0.0000      0.0000      0.0000      0.0000
      0.0000      0.0000      0.0000      0.0000      0.0000      0.0000
      0.0000      0.0000      0.0000      0.0000      0.0000      0.0000
      0.0000      0.0000      0.0000      0.0000      0.0000      0.0000
      0.0000      0.0000      0.0000      0.0000      0.0000      0.0000
      0.0000      0.0000      0.0000      0.0000      0.0000      0.0000
      0.0000      0.0000      0.0000      0.0000      0.0000      0.0000
      0.0000      0.0000      0.0000      0.0000      0.0000      0.0000
      0.0000      0.0000      0.0000      0.0000      0.0000      0.0000
      0.0000      0.0000      0.0000      0.0000      0.0000      0.0000

      0.0000      0.0000      0.0000      0.0000      0.0000      0.0000
      0.0000      0.0000      0.0000      0.0000      0.0000      0.0000
      0.0000      0.0000      0.0000      0.0000      0.0000      0.0000
      0.0000      0.0000      0.0000      0.0000      0.0000      0.0000
      0.0000      0.0000      0.0000      0.0000      0.0000      0.0000
      0.0000      0.0000      0.0000      0.0000      0.0000      0.0000
      0.0000      0.0000      0.0000      0.0000      0.0000      0.0000
      0.0000      0.0000      0.0000      0.0000      0.0000      0.0000
      0.0000      0.0000      0.0000      0.0000      0.0000      0.0000
      0.0000      0.0000      0.0000      0.0000      0.0000      0.0000
      0.0000      0.0000      0.0000      0.0000      0.0000      0.0000
      0.0000      0.0000      0.0000      0.0000      0.0000      0.0000
      0.0000      0.0000      0.0000      0.0000      0.0000      0.0000
      0.0000      0.0000      0.0000      0.0000      0.0000      0.0000
      0.0000      0.0000      0.0000      0.0000      0.0000      0.0000
      0.0000      0.0000      0.0000      0.0000      0.0000      0.0000

  USINE N]**- TUCOYH   **  **         518.4000
      5.4000      5.4000      5.4000      5.4000      5.4000      5.4000
      5.4000      5.4000      5.4000      5.4000      5.4000      5.4000
      5.4000      5.4000      5.4000      5.4000      5.4000      5.4000
      5.4000      5.4000      5.4000      5.4000      5.4000      5.4000
      5.4000      5.4000      5.4000      5.4000      5.4000      5.4000
      5.4000      5.4000      5.4000      5.4000      5.4000      5.4000
      5.4000      5.4000      5.4000      5.4000      5.4000      5.4000
      5.4000      5.4000      5.4000      5.4000      5.4000      5.4000
      5.4000      5.4000      5.4000      5.4000      5.4000      5.4000
      5.4000      5.4000      5.4000      5.4000      5.4000      5.4000
      5.4000      5.4000      5.4000      5.4000      5.4000      5.4000
      5.4000      5.4000      5.4000      5.4000      5.4000      5.4000
      5.4000      5.4000      5.4000      5.4000      5.4000      5.4000
      5.4000      5.4000      5.4000      5.4000      5.4000      5.4000
      5.4000      5.4000      5.4000      5.4000      5.4000      5.4000
      5.4000      5.4000      5.4000      5.4000      5.4000      5.4000

      0.0000      0.0000      0.0000      2.7500      2.7500      0.0000
      0.0000      0.0000      0.0000      0.0000      0.0000      2.7500
      2.7500      2.7500      2.7500      2.7500      2.7500      2.7500
      2.7500      2.7500      2.7500      0.0000      2.7500      2.7500
      2.7500      2.7500      2.7500      2.7500      2.7500      2.7500
      2.7500      2.7500      2.7500      0.0000      2.7500      2.7500
      2.7500      2.7500      2.7500      2.7500      2.7500      2.7500
      2.7500      2.7500      0.0000      2.7500      0.0000      0.0000
      2.7500      2.7500      2.7500      0.0000      2.7500      0.0000
      0.0000      2.7500      2.7500      2.7500      2.7500      2.7500
      2.7500      0.0000      2.7500      2.7500      2.7500      2.7500
      2.7500      2.7500      2.7500      2.7500      2.7500      2.7500
      2.7500      2.7500      2.7500      2.7500      2.7500      2.7500
      2.7500      2.7500      2.7500      2.7500      0.0000      2.7500
      2.7500      2.7500      2.7500      2.7500      2.7500      2.7500
      0.0000      0.0000      0.0000      2.7500      0.0000      0.0000

  USINE N]**- ARRENH   **  **        1265.2200
      0.0000      0.0000      0.0000      0.0000      0.0000      0.0000
      0.0000      0.0000      0.0000      0.0000      0.0000     15.8400
     18.9000     18.9000     18.9000     18.9000     18.9000     18.9000
     18.9000     18.9000     18.9000     18.9000     18.9000     18.9000
     18.9000     18.9000     18.9000     18.9000     18.9000     18.9000
     18.9000     18.9000     18.9000     18.9000     18.9000     18.9000
     18.9000     18.9000     18.9000     18.9000     18.9000     18.9000
     18.9000     18.9000      0.0000      0.0000      0.0000      0.0000
      5.5800     11.3400     11.3400      5.5800      5.5800      0.0000
      0.0000      9.5400      9.5400     18.9000     18.9000     15.8400
     15.8400     15.8400     18.9000     18.9000     18.9000     18.9000
     18.9000     18.9000     18.9000     18.9000     18.9000     18.9000
     18.9000     18.9000     18.9000     18.9000     18.9000     18.9000
     18.9000     11.3400     11.3400      5.5800      5.5800     18.9000
     18.9000     18.9000     18.9000     18.9000     18.9000      0.0000
      0.0000      9.5400     11.3400     11.3400      0.0000      0.0000

      0.0000      0.0000      0.0000      0.0000      0.0000      0.0000
      0.0000      0.0000      0.0000      0.0000      0.0000     10.0000
     12.0000     12.0000     12.0000     12.0000     12.0000     12.0000
     12.0000     12.0000     12.0000     12.0000     12.0000     12.0000
     12.0000     12.0000     12.0000     12.0000     12.0000     12.0000
     12.0000     12.0000     12.0000     12.0000     12.0000     12.0000
     12.0000     12.0000     12.0000     12.0000     12.0000     12.0000
     12.0000     12.0000      0.0000      0.0000      0.0000      0.0000
      4.0000      8.0000      8.0000      4.0000      4.0000      0.0000
      0.0000      6.5000      6.5000     12.0000     12.0000     10.0000
     10.0000     10.0000     12.0000     12.0000     12.0000     12.0000
     12.0000     12.0000     12.0000     12.0000     12.0000     12.0000
     12.0000     12.0000     12.0000     12.0000     12.0000     12.0000
     12.0000      8.0000      8.0000      4.0000      4.0000     12.0000
     12.0000     12.0000     12.0000     12.0000     12.0000      0.0000
      0.0000      6.5000      8.0000      8.0000      0.0000      0.0000

  USINE N]**- AUCUNH   **  **        1386.1800
      1.2600      1.2600      1.2600      1.2600      1.2600      1.2600
      1.2600      1.2600      1.2600      1.2600      1.2600     17.1000
     20.1600     20.1600     20.1600     20.1600     20.1600     20.1600
     20.1600     20.1600     20.1600     20.1600     20.1600     20.1600
     20.1600     20.1600     20.1600     20.1600     20.1600     20.1600
     20.1600     20.1600     20.1600     20.1600     20.1600     20.1600
     20.1600     20.1600     20.1600     20.1600     20.1600     20.1600
     20.1600     20.1600      1.2600      1.2600      1.2600      1.2600
      6.8400     12.6000     12.6000      6.8400      6.8400      1.2600
      1.2600     10.8000     10.8000     20.1600     20.1600     17.1000
     17.1000     17.1000     20.1600     20.1600     20.1600     20.1600
     20.1600     20.1600     20.1600     20.1600     20.1600     20.1600
     20.1600     20.1600     20.1600     20.1600     20.1600     20.1600
     20.1600     12.6000     12.6000      6.8400      6.8400     20.1600
     20.1600     20.1600     20.1600     20.1600     20.1600      1.2600
      1.2600     10.8000     12.6000     12.6000      1.2600      1.2600

      0.1750      0.0000      0.0000      0.1750      0.1750      0.0000
      0.0000      0.0000      0.0000      0.0000      0.0000      2.3750
      2.8000      2.8000      2.8000      2.8000      2.8000      2.8000
      2.8000      2.8000      2.8000      2.8000      2.8000      2.8000
      2.8000      2.8000      2.8000      2.8000      2.8000      2.8000
      2.8000      2.8000      2.8000      0.0000      2.8000      2.8000
      2.8000      2.8000      2.8000      2.8000      2.8000      2.8000
      2.8000      2.8000      0.0000      0.1750      0.0000      0.0000
      0.9500      1.7500      1.7500      0.9500      0.9500      0.0000
      0.0000      1.5000      1.5000      2.8000      2.8000      2.3750
      2.3750      0.0000      2.8000      2.8000      2.8000      2.8000
      2.8000      2.8000      2.8000      2.8000      2.8000      2.8000
      2.8000      2.8000      2.8000      2.8000      2.8000      2.8000
      2.8000      1.7500      1.7500      0.0000      0.0000      2.8000
      2.8000      2.8000      2.8000      2.8000      2.8000      0.1750
      0.0000      0.0000      0.0000      1.7500      0.0000      0.0000

  USINE N]**- NOUAUH   **  **        1573.3800
     18.7200     18.7200      2.8800      2.8800      2.8800      2.8800
      2.8800      2.8800      2.8800      2.8800      2.8800      2.8800
      2.8800     18.7200     21.7800     21.7800     21.7800     21.7800
     21.7800     21.7800     21.7800     21.7800     21.7800     21.7800
     21.7800     21.7800     21.7800     21.7800     21.7800     21.7800
     21.7800     21.7800     21.7800     21.7800     21.7800     21.7800
     21.7800     21.7800     21.7800     21.7800     21.7800     21.7800
     21.7800     21.7800     21.7800     21.7800      2.8800      2.8800
      2.8800      2.8800      8.4600     14.2200     14.2200      8.4600
      8.4600      2.8800      2.8800     12.4200     12.4200     21.7800
     21.7800     18.7200     18.7200     18.7200     21.7800     21.7800
     21.7800     21.7800     21.7800     21.7800     21.7800     21.7800
     21.7800     21.7800     21.7800     21.7800     21.7800     21.7800
     21.7800     21.7800     21.7800     14.2200     14.2200      8.4600
      8.4600     21.7800     21.7800     21.7800     21.7800     21.7800
     21.7800      2.8800      2.8800     12.4200     14.2200     14.2200

      8.2333      0.0000      0.0000      1.2667      1.2667      0.0000
      0.0000      0.0000      0.0000      0.0000      0.0000      1.2667
      1.2667      8.2333      9.5000      9.5000      9.5000      9.5000
      9.5000      9.5000      9.5000      9.5000      9.5000      9.5000
      9.5000      9.5000      9.5000      9.5000      9.5000      9.5000
      9.5000      9.5000      9.5000      9.5000      9.5000      9.5000
      9.5000      9.5000      9.5000      9.5000      9.5000      9.5000
      9.5000      9.5000      0.0000      9.5000      0.0000      0.0000
      1.2667      1.2667      3.7208      6.2542      6.2542      0.0000
      0.0000      1.2667      0.0000      5.4625      5.4625      9.5000
      9.5000      0.0000      8.2333      8.2333      9.5000      9.5000
      9.5000      9.5000      9.5000      9.5000      9.5000      9.5000
      9.5000      9.5000      9.5000      9.5000      9.5000      9.5000
      9.5000      9.5000      9.5000      6.2542      0.0000      3.7208
      3.7208      9.5000      9.5000      9.5000      9.5000      9.5000
      0.0000      0.0000      0.0000      5.4625      0.0000      0.0000

  USINE N]**- L.BALH   **   0        1996.7400
     24.6600     24.6600      8.8200      8.8200      8.8200      8.8200
      8.8200      8.8200      8.8200      8.8200      8.8200      8.8200
      8.8200     24.6600     27.7200     27.7200     27.7200     27.7200
     27.7200     27.7200     27.7200     27.7200     27.7200     27.7200
     27.7200     27.7200     27.7200     27.7200     27.7200     27.7200
     27.7200     27.7200     27.7200     27.7200     27.7200     27.7200
     27.7200     27.7200     27.7200     27.7200     27.7200     27.7200
     27.7200     27.7200     27.7200     27.7200      8.8200      8.8200
      5.7600      5.7600     11.3400     17.1000     17.1000     11.3400
     11.3400      5.7600      5.7600     15.3000     15.3000     24.6600
     24.6600     21.6000     21.6000     21.6000     24.6600     24.6600
     24.6600     24.6600     24.6600     24.6600     24.6600     24.6600
     24.6600     24.6600     24.6600     24.6600     24.6600     24.6600
     24.6600     24.6600     24.6600     17.1000     17.1000     11.3400
     11.3400     24.6600     24.6600     24.6600     24.6600     24.6600
     24.6600      5.7600      5.7600     15.3000     17.1000     17.1000

      0.7500      0.7500      0.7500      3.6750      3.6750      0.7500
      0.7500      0.7500      0.7500      0.7500      3.6750      3.6750
      3.6750      6.0000      6.0000      6.0000      6.0000      6.0000
      6.0000      6.0000      6.0000      6.0000      6.0000      6.0000
      6.0000      6.0000      6.0000      6.0000      6.0000      6.0000
      6.0000      6.0000      6.0000      6.0000      6.0000      6.0000
      6.0000      6.0000      6.0000      6.0000      6.0000      6.0000
      6.0000      6.0000      0.7500      6.0000      0.7500      0.7500
      2.4000      2.4000      4.7250      6.0000      6.0000      0.7500
      0.7500      2.4000      2.4000      6.0000      6.0000      6.0000
      6.0000      0.7500      6.0000      6.0000      6.0000      6.0000
      6.0000      6.0000      6.0000      6.0000      6.0000      6.0000
      6.0000      6.0000      6.0000      6.0000      6.0000      6.0000
      6.0000      6.0000      6.0000      6.0000      0.7500      4.7250
      4.7250      6.0000      6.0000      6.0000      6.0000      6.0000
      0.7500      0.7500      0.7500      6.0000      0.7500      0.7500

