 'COUT_MAR_CONSO'
     28.0995      25.2574      25.6016      26.0518      23.8738      20.3436
     20.6480      12.0435      14.9990      19.5038      24.9914      28.7088
     33.8043      39.0804      40.1362      43.5483      48.9507      46.2848
     45.7379      45.5789      46.4111      44.0802      43.8678      44.3827
     45.5076      45.7896      45.6121      43.7757      42.1730      38.5317
     39.4664      37.3602      37.8302      34.4037      37.9452      39.1678
     42.3113      52.9465      52.9257      52.9140      50.0135      46.8038
     37.7807      35.5521      35.4008      40.8233      30.5194      33.1059
     34.7777      31.7014      30.6600      30.6212      32.2993      24.2072
     31.5590      30.9810     -29.7999      25.0444      21.8181      30.8044
     32.5492      37.0373      38.5783      45.0706      47.4613      49.2001
     46.4156      47.1243      46.4022      47.1248      45.2357      46.3487
     45.3892      46.3268      43.3138      41.9050      38.6087      35.9795
     35.8942      34.6425      36.1313      39.8047      36.0446      36.3728
     39.4078      47.7346      46.4794      47.2341      45.9312      43.2481
     35.3123      32.9363      31.9521      31.9392      29.8630      29.4230
 'COUT_MAR_PRIMAIRE'
     15.4343      17.7730      21.9052      15.4901      10.1862      19.0324
     14.1357      35.0904      35.2497      22.0101      22.3696      35.1095
     19.6272      29.9349      32.0190      31.5597       4.2322       4.2252
      1.1219       9.5641      11.3040      53.0572      37.9189      39.8220
     16.7237      17.7683      32.8326      34.3630      30.0541      48.3758
     43.2282      25.4849      49.7872      67.0557      38.2369      30.5540
     22.8272       3.3216       4.8959      -0.4232       2.3587      24.5138
     35.0871      27.2280      37.1727       7.0300      24.2403      27.2056
     24.4075      28.1673      19.2361      17.6357      15.5080      25.9905
     25.5136      33.6081      72.3392      37.3938      17.1298      70.3334
     29.0134      51.3293      29.0450      40.5142      24.2490      17.9927
     19.0797      29.2531      27.3750      26.4351      19.4101      27.5027
     39.1019      33.3431       9.5238      19.2186      34.8401      47.3593
     46.5092      38.4290      25.6554      39.1956      47.6757      32.1309
     21.2743      16.9753       0.2176       1.0958      24.5687      27.4169
     26.8119      27.6319      40.8025      10.9882      29.7568      58.6997
 'COUT_MAR_TELER'
     17.6956      17.6889      21.5693       8.0044       6.1275      36.1528
     28.1574      39.6669      40.4913      22.0359      23.6268      20.3709
     27.8482      23.5020      29.4326      21.8929      18.9145      17.0541
     11.5292      12.6342      17.4887      18.8230      16.7871      19.2647
     18.1318      16.4491      17.5316      18.4419      31.9569      36.0202
     38.8931      48.5249      38.1570      48.3942      40.1992      37.6774
     30.1159       2.0435       4.8568       1.5871       4.4115      18.4211
     41.7067      35.3223      34.9247      33.5895      45.1077      20.1918
     14.3721      26.0746      19.3399      21.6120      21.6548      25.1388
     23.2300      21.9150     139.9075      49.4196      18.4178      36.1626
     35.7790      36.0387      34.2065      25.1514      15.1749      17.7269
     11.9134      13.8196      17.3134      25.1741      21.2717      23.6253
     24.4031      14.3234      24.0919      26.7014      38.1231      42.5712
     45.6964      48.1399      25.3423      29.5761      42.9211      49.1470
     40.8410      15.0757      11.1615       8.1961      12.3159      25.9263
     35.8735      35.7771      36.0326      30.1216      42.9830      25.9850
 'COUT_MAR_RESER'
      0.0000       0.0000       0.0000       0.0000       0.0000       0.0000
      0.0000       0.0000       0.0000       0.0000       0.0000       0.0000
      0.0000       0.0000       0.0000       0.0000       0.0000       0.0000
      0.0000       0.0000       0.0000       0.0000       0.0000       0.0000
      0.0000       0.0000       0.0000       0.0000       0.0000       0.0000
      0.0000       0.0000       0.0000       0.0000       0.0000       0.0000
      0.0000       0.0000       0.0000       0.0000       0.0000       0.0000
      0.0000       0.0000       0.0000       0.0000       0.0000       0.0000
      0.0000       0.0000       0.0000       0.0000       0.0000       0.0000
      0.0000       0.0000       0.0000       0.0000       0.0000       0.0000
      0.0000       0.0000       0.0000       0.0000       0.0000       0.0000
      0.0000       0.0000       0.0000       0.0000       0.0000       0.0000
      0.0000       0.0000       0.0000       0.0000       0.0000       0.0000
      0.0000       0.0000       0.0000       0.0000       0.0000       0.0000
      0.0000       0.0000       0.0000       0.0000       0.0000       0.0000
      0.0000       0.0000       0.0000       0.0000       0.0000       0.0000
