   DONNEES POUR LA VALLEE N] 4-AIN      DATE: 07/09/09     8 USINE(S)     7 RESERVOIR(S)
  LAC N]13- VOUGLR     0.1000E+04      2.290      -10234.8000
 348152.6080 348152.6080 348152.6080 348152.6080 348152.6080 348152.6080
 348152.6080 348152.6080 348152.6080 348152.6080 348152.6080 348152.6080
 348152.6080 348152.6080 348152.6080 348050.0080 347841.2080 347632.4080
 347529.8080 347427.2080 347180.6080 346934.0080 346725.2080 346516.4080
 346307.6080 346028.6080 345749.6080 345503.0080 345256.4080 345134.0080
 345011.6080 344909.0080 344909.0080 344909.0080 344806.4080 344703.8080
 344601.2080 344498.6080 344396.0080 344396.0080 344396.0080 344149.4080
 343902.8080 343902.8080 343902.8080 343780.4080 343658.0080 343517.6080
 343377.2080 343377.2080 343377.2080 343274.6080 343172.0080 343172.0080
 343172.0080 343172.0080 343172.0080 343172.0080 343172.0080 343172.0080
 343172.0080 343172.0080 343172.0080 343172.0080 343069.4080 342860.6080
 342651.8080 342443.0080 342196.4080 341949.8080 341670.8080 341391.8080
 341183.0080 340974.2080 340765.4080 340518.8080 340272.2080 340025.6080
 339779.0080 339570.2080 339361.4080 339361.4080 339361.4080 339361.4080
 339361.4080 339258.8080 339156.2080 339053.6080 338951.0080 338704.4080
 338457.8080 338457.8080 338457.8080 338249.0080 338040.2080 338040.2080

  LAC N]14- S.MORR     0.1000E+04      0.000        -230.6000
   1369.4000   1225.4000   1108.4000    991.4000    874.4000    874.4000
    874.4000    874.4000    874.4000    874.4000    874.4000    874.4000
    874.4000    874.4000    874.4000    860.0000    951.8000   1043.6000
   1029.2000   1014.8000   1144.4000   1274.0000   1113.8000   1205.6000
   1297.4000   1208.0000   1370.0000   1499.6000   1629.2000   1634.6000
   1640.0000   1625.6000   1508.6000   1391.6000   1377.2000   1362.8000
   1348.4000   1334.0000   1319.6000   1202.6000   1085.6000   1184.0000
   1313.6000   1196.6000   1079.6000   1085.0000   1207.4000   1347.8000
   1488.2000   1488.2000   1371.2000   1356.8000   1342.4000   1342.4000
   1342.4000   1342.4000   1342.4000   1342.4000   1342.4000   1342.4000
   1225.4000   1108.4000    991.4000    874.4000    860.0000    860.0000
    951.8000   1043.6000   1173.2000   1050.8000    960.8000   1122.8000
   1214.6000   1054.4000   1146.2000   1275.8000   1405.4000   1283.0000
   1412.6000   1504.4000   1596.2000   1479.2000   1362.2000   1245.2000
   1128.2000   1113.8000   1099.4000   1085.0000   1070.6000   1200.2000
   1329.8000   1212.8000   1095.8000   1187.6000   1279.4000   1133.4000

  LAC N]15- COISER     0.1000E+04      0.000        -131.4000
  34577.6000  34739.6000  34874.6000  35009.6000  35144.6000  35162.6000
  35180.6000  35198.6000  35216.6000  35234.6000  35252.6000  35270.6000
  35288.6000  35184.2000  35079.8000  34971.8000  34863.8000  34755.8000
  34647.8000  34431.8000  34215.8000  34228.4000  34493.0000  34277.0000
  34061.0000  34072.9080  34085.5080  34098.1080  33865.8920  33649.8920
  33662.4920  33675.0920  33687.6920  33822.6920  33957.6920  34092.6920
  34227.6920  34362.6920  34497.6920  34632.6920  34645.2920  34689.0920
  34701.6920  34714.2920  34849.2920  34984.2920  35002.2920  35020.2920
  35038.2920  35056.2920  34948.2920  34840.2920  34732.2920  34750.2920
  34768.2920  34786.2920  34804.2920  34822.2920  34840.2920  34735.8920
  34748.4920  34761.0920  34773.6920  34786.2920  34798.8920  34782.6920
  34674.6920  34687.2920  34699.8920  34735.8920  34771.8920  34555.8920
  34568.4920  34833.0920  34845.6920  34737.6920  34629.6920  34773.6920
  34786.2920  34798.8920  34559.4000  34343.4000  34356.0000  34368.6000
  34381.2000  34393.8000  34406.4000  34419.0000  34431.6000  34323.6000
  34215.6000  34350.6000  34485.6000  34377.6000  34269.6000  34433.6000

  LAC N]16- BOLOZR     0.1000E+04      0.000         292.6000
  12796.8000  12822.6000  12824.4000  12826.2000  12828.0000  12829.8000
  12831.6000  12833.4000  12835.2000  12837.0000  12838.8000  12732.6000
  12516.6000  12423.0000  12439.2000  12576.0000  12712.8000  12739.8000
  12766.8000  12901.8000  13036.8000  13053.0000  13069.2000  13204.2000
  13339.2000  13497.6920  13404.0920  13310.4920  13461.7080  13596.7080
  13612.9080  13629.1080  13645.3080  13539.1080  13432.9080  13326.7080
  13220.5080  13114.3080  13008.1080  12901.9080  12918.1080  12824.5080
  12730.9080  12637.3080  12531.1080  12424.9080  12318.7080  12102.7080
  11886.7080  11888.5080  12133.3080  12378.1080  12393.5679  12177.5679
  11961.5679  11963.3679  11965.1679  11966.9679  11968.7679  11984.9679
  12001.1679  12017.3679  12033.5679  12049.7679  11956.1679  11983.1679
  12010.1679  11916.5679  11822.9679  11957.9679  12117.1564  12277.4322
  12183.8322  12090.2322  12106.4322  12243.2322  12380.0322  12432.3080
  12360.3080  12288.3080  12468.4000  12713.2000  12729.4000  12745.6000
  12761.8000  12778.0000  12794.2000  12810.4000  12826.6000  12853.6000
  12880.6000  12774.4000  12668.2000  12805.0000  13049.8000  13051.6000

  LAC N]17- MOUX R     0.1000E+04      2.290         -12.3400
   2472.2000   2450.0000   2451.8000   2453.6000   2455.4000   2457.2000
   2459.0000   2460.8000   2462.6000   2464.4000   2466.2000   2468.0000
   2469.8000   2471.6000   2473.4000   2475.2000   2477.0000   2478.8000
   2480.6000   2482.4000   2484.2000   2486.0000   2487.8000   2489.6000
   2491.4000   2493.2000   2495.0000   2496.8000   2498.6000   2500.4000
   2502.2000   2504.0000   2505.8000   2507.6000   2509.4000   2511.2000
   2513.0000   2514.8000   2516.6000   2518.4000   2520.2000   2522.0000
   2523.8000   2525.6000   2527.4000   2529.2000   2531.0000   2532.8000
   2534.6000   2536.4000   2538.2000   2540.0000   2541.8000   2543.6000
   2545.4000   2547.2000   2549.0000   2550.8000   2552.6000   2554.4000
   2556.2000   2558.0000   2559.8000   2561.6000   2563.4000   2565.2000
   2567.0000   2568.8000   2570.6000   2572.4000   2550.0116   2526.5358
   2528.3358   2530.1358   2531.9358   2533.7358   2535.5358   2512.0600
   2492.2600   2472.4600   2452.6600   2454.4600   2456.2600   2458.0600
   2459.8600   2461.6600   2463.4600   2465.2600   2467.0600   2468.8600
   2470.6600   2472.4600   2474.2600   2476.0600   2477.8600   2479.6600

  LAC N]18- ALLEMR     0.1000E+04      0.000        -105.6400
  18209.0000  18187.4000  18165.8000  18066.8000  17967.8000  17868.8000
  17769.8000  17670.8000  17649.2000  17627.6000  17528.6000  17519.6000
  17593.4000  17667.2000  17658.2000  17649.2000  17613.2000  17687.0000
  17760.8000  17807.7800  17854.7600  17845.7600  17836.7600  17883.7400
  17930.7200  17977.7000  18051.5000  18125.3000  18172.2800  18219.2600
  18156.4400  18093.6200  18030.8000  18021.8000  18012.8000  18003.8000
  17994.8000  17985.8000  17949.8000  17913.8000  17850.9800  17897.9600
  17944.9400  17991.9200  17982.9200  17973.9200  18027.9200  18191.7200
  18292.5200  18175.5200  18004.7000  17833.8800  17892.4000  17993.2000
  18094.0000  17977.0000  17860.0000  17743.0000  17626.0000  17590.0000
  17554.0000  17545.0000  17536.0000  17500.0000  17573.8000  17620.7800
  17667.7600  17714.7400  17761.7200  17808.7000  17882.5000  17956.3000
  18030.1000  18077.0800  18014.2600  17951.4400  17888.6200  17935.6000
  17982.5800  18029.5600  18076.5400  18067.5400  18058.5400  18049.5400
  18040.5400  18094.5400  18148.5400  18139.5400  18130.5400  18177.5200
  18224.5000  18188.5000  18179.5000  18170.5000  18116.5000  18094.3600

  LAC N]19- CUSSER     0.1000E+04      0.000           0.0000
      0.0000      0.0000      0.0000      0.0000      0.0000      0.0000
      0.0000      0.0000      0.0000      0.0000      0.0000      0.0000
      0.0000      0.0000      0.0000      0.0000      0.0000      0.0000
      0.0000      0.0000      0.0000      0.0000      0.0000      0.0000
      0.0000      0.0000      0.0000      0.0000      0.0000      0.0000
      0.0000      0.0000      0.0000      0.0000      0.0000      0.0000
      0.0000      0.0000      0.0000      0.0000      0.0000      0.0000
      0.0000      0.0000      0.0000      0.0000      0.0000      0.0000
      0.0000      0.0000      0.0000      0.0000      0.0000      0.0000
      0.0000      0.0000      0.0000      0.0000      0.0000      0.0000
      0.0000      0.0000      0.0000      0.0000      0.0000      0.0000
      0.0000      0.0000      0.0000      0.0000      0.0000      0.0000
      0.0000      0.0000      0.0000      0.0000      0.0000      0.0000
      0.0000      0.0000      0.0000      0.0000      0.0000      0.0000
      0.0000      0.0000      0.0000      0.0000      0.0000      0.0000
      0.0000      0.0000      0.0000      0.0000      0.0000      0.0000

  USINE N]18- VOUGLH   13  14       10234.8000
    122.4000      0.0000      0.0000      0.0000      0.0000      0.0000
      0.0000      0.0000      0.0000      0.0000      0.0000      0.0000
      0.0000      0.0000      0.0000    102.6000    208.8000    208.8000
    102.6000    102.6000    246.6000    246.6000    208.8000    208.8000
    208.8000    279.0000    279.0000    246.6000    246.6000    122.4000
    122.4000    102.6000      0.0000      0.0000    102.6000    102.6000
    102.6000    102.6000    102.6000      0.0000      0.0000    246.6000
    246.6000      0.0000      0.0000    122.4000    122.4000    140.4000
    140.4000      0.0000      0.0000    102.6000    102.6000      0.0000
      0.0000      0.0000      0.0000      0.0000      0.0000      0.0000
      0.0000      0.0000      0.0000      0.0000    102.6000    208.8000
    208.8000    208.8000    246.6000    246.6000    279.0000    279.0000
    208.8000    208.8000    208.8000    246.6000    246.6000    246.6000
    246.6000    208.8000    208.8000      0.0000      0.0000      0.0000
      0.0000    102.6000    102.6000    102.6000    102.6000    246.6000
    246.6000      0.0000      0.0000    208.8000    208.8000      0.0000

     29.5000      0.0000      0.0000      0.0000      0.0000      0.0000
      0.0000      0.0000      0.0000      0.0000      0.0000      0.0000
      0.0000      0.0000      0.0000     24.5000     49.5000     49.5000
     24.5000     24.5000     59.0000     59.0000     49.5000     49.5000
     49.5000     65.5000     65.5000     59.0000     59.0000     29.5000
     29.5000     24.5000      0.0000      0.0000     24.5000     24.5000
     24.5000     24.5000     24.5000      0.0000      0.0000     59.0000
     59.0000      0.0000      0.0000     29.5000     29.5000     32.5000
     32.5000      0.0000      0.0000     24.5000     24.5000      0.0000
      0.0000      0.0000      0.0000      0.0000      0.0000      0.0000
      0.0000      0.0000      0.0000      0.0000     24.5000     49.5000
     49.5000     49.5000     59.0000     59.0000     65.5000     65.5000
     49.5000     49.5000     49.5000     59.0000     59.0000     59.0000
     59.0000     49.5000     49.5000      0.0000      0.0000      0.0000
      0.0000     24.5000     24.5000     24.5000     24.5000     59.0000
     59.0000      0.0000      0.0000     49.5000     49.5000      0.0000

  USINE N]19- VOUGLP   14  13           0.0000
      0.0000      0.0000      0.0000      0.0000      0.0000      0.0000
      0.0000      0.0000      0.0000      0.0000      0.0000      0.0000
      0.0000      0.0000      0.0000      0.0000      0.0000      0.0000
      0.0000      0.0000      0.0000      0.0000      0.0000      0.0000
      0.0000      0.0000      0.0000      0.0000      0.0000      0.0000
      0.0000      0.0000      0.0000      0.0000      0.0000      0.0000
      0.0000      0.0000      0.0000      0.0000      0.0000      0.0000
      0.0000      0.0000      0.0000      0.0000      0.0000      0.0000
      0.0000      0.0000      0.0000      0.0000      0.0000      0.0000
      0.0000      0.0000      0.0000      0.0000      0.0000      0.0000
      0.0000      0.0000      0.0000      0.0000      0.0000      0.0000
      0.0000      0.0000      0.0000      0.0000      0.0000      0.0000
      0.0000      0.0000      0.0000      0.0000      0.0000      0.0000
      0.0000      0.0000      0.0000      0.0000      0.0000      0.0000
      0.0000      0.0000      0.0000      0.0000      0.0000      0.0000
      0.0000      0.0000      0.0000      0.0000      0.0000      0.0000

      0.0000      0.0000      0.0000      0.0000      0.0000      0.0000
      0.0000      0.0000      0.0000      0.0000      0.0000      0.0000
      0.0000      0.0000      0.0000      0.0000      0.0000      0.0000
      0.0000      0.0000      0.0000      0.0000      0.0000      0.0000
      0.0000      0.0000      0.0000      0.0000      0.0000      0.0000
      0.0000      0.0000      0.0000      0.0000      0.0000      0.0000
      0.0000      0.0000      0.0000      0.0000      0.0000      0.0000
      0.0000      0.0000      0.0000      0.0000      0.0000      0.0000
      0.0000      0.0000      0.0000      0.0000      0.0000      0.0000
      0.0000      0.0000      0.0000      0.0000      0.0000      0.0000
      0.0000      0.0000      0.0000      0.0000      0.0000      0.0000
      0.0000      0.0000      0.0000      0.0000      0.0000      0.0000
      0.0000      0.0000      0.0000      0.0000      0.0000      0.0000
      0.0000      0.0000      0.0000      0.0000      0.0000      0.0000
      0.0000      0.0000      0.0000      0.0000      0.0000      0.0000
      0.0000      0.0000      0.0000      0.0000      0.0000      0.0000

  USINE N]20- S.MORH   14  15       10465.4000
    117.0000    144.0000    117.0000    117.0000    117.0000      0.0000
      0.0000      0.0000      0.0000      0.0000      0.0000      0.0000
      0.0000      0.0000      0.0000    117.0000    117.0000    117.0000
    117.0000    117.0000    117.0000    117.0000    369.0000    117.0000
    117.0000    368.4000    117.0000    117.0000    117.0000    117.0000
    117.0000    117.0000    117.0000    117.0000    117.0000    117.0000
    117.0000    117.0000    117.0000    117.0000    117.0000    148.2000
    117.0000    117.0000    117.0000    117.0000      0.0000      0.0000
      0.0000      0.0000    117.0000    117.0000    117.0000      0.0000
      0.0000      0.0000      0.0000      0.0000      0.0000      0.0000
    117.0000    117.0000    117.0000    117.0000    117.0000    208.8000
    117.0000    117.0000    117.0000    369.0000    369.0000    117.0000
    117.0000    369.0000    117.0000    117.0000    117.0000    369.0000
    117.0000    117.0000    117.0000    117.0000    117.0000    117.0000
    117.0000    117.0000    117.0000    117.0000    117.0000    117.0000
    117.0000    117.0000    117.0000    117.0000    117.0000    146.0000

      7.0000      7.0000      7.0000      7.0000      7.0000      0.0000
      0.0000      0.0000      0.0000      0.0000      0.0000      0.0000
      0.0000      0.0000      0.0000      7.0000      7.0000      7.0000
      7.0000      7.0000      7.0000      7.0000      7.0000      7.0000
      7.0000      7.0000      7.0000      7.0000      7.0000      7.0000
      7.0000      7.0000      7.0000      7.0000      7.0000      7.0000
      7.0000      7.0000      7.0000      7.0000      7.0000      7.0000
      7.0000      7.0000      7.0000      7.0000      0.0000      0.0000
      0.0000      0.0000      7.0000      7.0000      7.0000      0.0000
      0.0000      0.0000      0.0000      0.0000      0.0000      0.0000
      7.0000      7.0000      7.0000      7.0000      7.0000      7.0000
      7.0000      7.0000      7.0000      7.0000      7.0000      7.0000
      7.0000      7.0000      7.0000      7.0000      7.0000      7.0000
      7.0000      7.0000      7.0000      7.0000      7.0000      7.0000
      7.0000      7.0000      7.0000      7.0000      7.0000      7.0000
      7.0000      7.0000      7.0000      7.0000      7.0000      7.0000

  USINE N]21- COISEH   15  16       12324.8000
    122.4000      0.0000      0.0000      0.0000      0.0000      0.0000
      0.0000      0.0000      0.0000      0.0000      0.0000      0.0000
      0.0000    122.4000    122.4000    243.0000    243.0000    243.0000
    243.0000    351.0000    351.0000    122.4000    122.4000    351.0000
    351.0000    374.4920    122.4000    122.4000    367.2160    351.0000
    122.4000    122.4000    122.4000      0.0000      0.0000      0.0000
      0.0000      0.0000      0.0000      0.0000    122.4000    122.4000
    122.4000    122.4000      0.0000      0.0000      0.0000      0.0000
      0.0000      0.0000    243.0000    243.0000    243.0000      0.0000
      0.0000      0.0000      0.0000      0.0000      0.0000    122.4000
    122.4000    122.4000    122.4000    122.4000    122.4000    243.0000
    243.0000    122.4000    122.4000    351.0000    351.0000    351.0000
    122.4000    122.4000    122.4000    243.0000    243.0000    243.0000
    122.4000    122.4000    374.4920    351.0000    122.4000    122.4000
    122.4000    122.4000    122.4000    122.4000    122.4000    243.0000
    243.0000      0.0000      0.0000    243.0000    243.0000      0.0000

      6.0000      0.0000      0.0000      0.0000      0.0000      0.0000
      0.0000      0.0000      0.0000      0.0000      0.0000      0.0000
      0.0000      6.0000      6.0000     11.5000     11.5000     11.5000
     11.5000     16.5000     16.5000      6.0000      6.0000     16.5000
     16.5000     16.5000      6.0000      6.0000     16.5000     16.5000
      6.0000      6.0000      6.0000      0.0000      0.0000      0.0000
      0.0000      0.0000      0.0000      0.0000      6.0000      6.0000
      6.0000      6.0000      0.0000      0.0000      0.0000      0.0000
      0.0000      0.0000     11.5000     11.5000     11.5000      0.0000
      0.0000      0.0000      0.0000      0.0000      0.0000      6.0000
      6.0000      6.0000      6.0000      6.0000      6.0000     11.5000
     11.5000      6.0000      6.0000     16.5000     16.5000     16.5000
      6.0000      6.0000      6.0000     11.5000     11.5000     11.5000
      6.0000      6.0000     16.5000     16.5000      6.0000      6.0000
      6.0000      6.0000      6.0000      6.0000      6.0000     11.5000
     11.5000      0.0000      0.0000     11.5000     11.5000      0.0000

  USINE N]22- MOUX H   17  16         185.1400
     21.6000     24.0000      0.0000      0.0000      0.0000      0.0000
      0.0000      0.0000      0.0000      0.0000      0.0000      0.0000
      0.0000      0.0000      0.0000      0.0000      0.0000      0.0000
      0.0000      0.0000      0.0000      0.0000      0.0000      0.0000
      0.0000      0.0000      0.0000      0.0000      0.0000      0.0000
      0.0000      0.0000      0.0000      0.0000      0.0000      0.0000
      0.0000      0.0000      0.0000      0.0000      0.0000      0.0000
      0.0000      0.0000      0.0000      0.0000      0.0000      0.0000
      0.0000      0.0000      0.0000      0.0000      0.0000      0.0000
      0.0000      0.0000      0.0000      0.0000      0.0000      0.0000
      0.0000      0.0000      0.0000      0.0000      0.0000      0.0000
      0.0000      0.0000      0.0000      0.0000     24.1884     25.2758
      0.0000      0.0000      0.0000      0.0000      0.0000     25.2758
     21.6000     21.6000     21.6000      0.0000      0.0000      0.0000
      0.0000      0.0000      0.0000      0.0000      0.0000      0.0000
      0.0000      0.0000      0.0000      0.0000      0.0000      0.0000

      5.0000      5.0000      0.0000      0.0000      0.0000      0.0000
      0.0000      0.0000      0.0000      0.0000      0.0000      0.0000
      0.0000      0.0000      0.0000      0.0000      0.0000      0.0000
      0.0000      0.0000      0.0000      0.0000      0.0000      0.0000
      0.0000      0.0000      0.0000      0.0000      0.0000      0.0000
      0.0000      0.0000      0.0000      0.0000      0.0000      0.0000
      0.0000      0.0000      0.0000      0.0000      0.0000      0.0000
      0.0000      0.0000      0.0000      0.0000      0.0000      0.0000
      0.0000      0.0000      0.0000      0.0000      0.0000      0.0000
      0.0000      0.0000      0.0000      0.0000      0.0000      0.0000
      0.0000      0.0000      0.0000      0.0000      0.0000      0.0000
      0.0000      0.0000      0.0000      0.0000      5.0000      5.0000
      0.0000      0.0000      0.0000      0.0000      0.0000      5.0000
      5.0000      5.0000      5.0000      0.0000      0.0000      0.0000
      0.0000      0.0000      0.0000      0.0000      0.0000      0.0000
      0.0000      0.0000      0.0000      0.0000      0.0000      0.0000

  USINE N]23- BOLOZH   16  18       12390.1400
    108.0000      0.0000      0.0000      0.0000      0.0000      0.0000
      0.0000      0.0000      0.0000      0.0000      0.0000    108.0000
    217.8000    217.8000    108.0000    108.0000    108.0000    217.8000
    217.8000    217.8000    217.8000    108.0000    108.0000    217.8000
    217.8000    217.8000    217.8000    217.8000    217.8000    217.8000
    108.0000    108.0000    108.0000    108.0000    108.0000    108.0000
    108.0000    108.0000    108.0000    108.0000    108.0000    217.8000
    217.8000    217.8000    108.0000    108.0000    108.0000    217.8000
    217.8000      0.0000      0.0000      0.0000    229.3400    217.8000
    217.8000      0.0000      0.0000      0.0000      0.0000    108.0000
    108.0000    108.0000    108.0000    108.0000    217.8000    217.8000
    217.8000    217.8000    217.8000    217.8000    217.8000    217.8000
    217.8000    217.8000    108.0000    108.0000    108.0000    217.8000
    217.8000    217.8000    217.8000    108.0000    108.0000    108.0000
    108.0000    108.0000    108.0000    108.0000    108.0000    217.8000
    217.8000    108.0000    108.0000    108.0000      0.0000      0.0000

      3.5000      0.0000      0.0000      0.0000      0.0000      0.0000
      0.0000      0.0000      0.0000      0.0000      0.0000      3.5000
      7.0000      7.0000      3.5000      3.5000      3.5000      7.0000
      7.0000      7.0000      7.0000      3.5000      3.5000      7.0000
      7.0000      7.0000      7.0000      7.0000      7.0000      7.0000
      3.5000      3.5000      3.5000      3.5000      3.5000      3.5000
      3.5000      3.5000      3.5000      3.5000      3.5000      7.0000
      7.0000      7.0000      3.5000      3.5000      3.5000      7.0000
      7.0000      0.0000      0.0000      0.0000      7.0000      7.0000
      7.0000      0.0000      0.0000      0.0000      0.0000      3.5000
      3.5000      3.5000      3.5000      3.5000      7.0000      7.0000
      7.0000      7.0000      7.0000      7.0000      7.0000      7.0000
      7.0000      7.0000      3.5000      3.5000      3.5000      7.0000
      7.0000      7.0000      7.0000      3.5000      3.5000      3.5000
      3.5000      3.5000      3.5000      3.5000      3.5000      7.0000
      7.0000      3.5000      3.5000      3.5000      0.0000      0.0000

  USINE N]24- ALLEMH   18  19       12495.7801
     99.0000     21.6000     21.6000     99.0000     99.0000     99.0000
     99.0000     99.0000     21.6000     21.6000     99.0000    117.0000
    144.0000    144.0000    117.0000    117.0000    144.0000    144.0000
    144.0000    170.8200    170.8200    117.0000    117.0000    170.8200
    170.8200    170.8200    144.0000    144.0000    170.8200    170.8200
    170.8200    170.8200    170.8200    117.0000    117.0000    117.0000
    117.0000    117.0000    144.0000    144.0000    170.8200    170.8200
    170.8200    170.8200    117.0000    117.0000     54.0000     54.0000
    117.0000    117.0000    170.8200    170.8200    170.8200    117.0000
    117.0000    117.0000    117.0000    117.0000    117.0000    144.0000
    144.0000    117.0000    117.0000    144.0000    144.0000    170.8200
    170.8200    170.8200    170.8200    170.8200    144.0000    144.0000
    144.0000    170.8200    170.8200    170.8200    170.8200    170.8200
    170.8200    170.8200    170.8200    117.0000    117.0000    117.0000
    117.0000     54.0000     54.0000    117.0000    117.0000    170.8200
    170.8200    144.0000    117.0000    117.0000     54.0000     22.1400

      4.0000      0.9756      0.9756      4.0000      4.0000      4.0000
      4.0000      4.0000      0.9756      0.9756      4.0000      5.0000
      6.0000      6.0000      5.0000      5.0000      6.0000      6.0000
      6.0000      7.0000      7.0000      5.0000      5.0000      7.0000
      7.0000      7.0000      6.0000      6.0000      7.0000      7.0000
      7.0000      7.0000      7.0000      5.0000      5.0000      5.0000
      5.0000      5.0000      6.0000      6.0000      7.0000      7.0000
      7.0000      7.0000      5.0000      5.0000      2.0000      2.0000
      5.0000      5.0000      7.0000      7.0000      7.0000      5.0000
      5.0000      5.0000      5.0000      5.0000      5.0000      6.0000
      6.0000      5.0000      5.0000      6.0000      6.0000      7.0000
      7.0000      7.0000      7.0000      7.0000      6.0000      6.0000
      6.0000      7.0000      7.0000      7.0000      7.0000      7.0000
      7.0000      7.0000      7.0000      5.0000      5.0000      5.0000
      5.0000      2.0000      2.0000      5.0000      5.0000      7.0000
      7.0000      6.0000      5.0000      5.0000      2.0000      1.0000

  USINE N]25- CUSSEH   19   0       76919.9401
    788.4000    788.4000    788.4000    788.4000    788.4000    788.4000
    788.4000    788.4000    788.4000    788.4000    788.4000    788.4000
    788.4000    788.4000    788.4000    788.4000    788.4000    770.4000
    770.4000    693.0000    693.0000    770.4000    770.4000    770.4000
    770.4000    770.4000    693.0000    693.0000    770.4000    788.4000
    815.4000    815.4000    788.4000    788.4000    815.4000    815.4000
    815.4000    842.2200    842.2200    788.4000    788.4000    842.2200
    842.2200    842.2200    815.4000    815.4000    842.2200    842.2200
    842.2200    842.2200    842.2200    788.4000    788.4000    788.4000
    788.4000    788.4000    815.4000    815.4000    842.2200    842.2200
    842.2200    842.2200    788.4000    788.4000    725.4000    725.4000
    788.4000    788.4000    842.2200    842.2200    842.2200    788.4000
    788.4000    788.4000    788.4000    788.4000    788.4000    815.4000
    815.4000    788.4000    788.4000    815.4000    815.4000    842.2200
    842.2200    842.2200    842.2200    842.2200    815.4000    815.4000
    815.4000    842.2200    842.2200    842.2200    842.2200    842.2200

     21.9000      0.0000     21.9000     21.9000     21.9000     21.9000
     21.9000     21.9000     21.9000     21.9000     21.9000     21.9000
     21.9000     21.9000     21.9000     21.9000     21.9000     21.4000
     21.4000     19.2500     19.2500     21.4000     21.4000     21.4000
     21.4000     21.4000     19.2500     19.2500     21.4000     21.9000
     22.0000     22.0000     21.9000     21.9000     22.0000     22.0000
     22.0000     22.0000     22.0000     21.9000     21.9000     22.0000
     22.0000     22.0000     22.0000     22.0000     22.0000      0.0000
     22.0000      0.0000     22.0000     21.9000     21.9000      0.0000
     21.9000     21.9000     22.0000     22.0000     22.0000     22.0000
     22.0000     22.0000     21.9000     21.9000     20.1500     20.1500
     21.9000     21.9000     22.0000     22.0000     22.0000     21.9000
     21.9000     21.9000     21.9000     21.9000     21.9000     22.0000
     22.0000     21.9000     21.9000     22.0000     22.0000     22.0000
     22.0000     22.0000     22.0000     22.0000     22.0000     22.0000
     22.0000     22.0000     22.0000     22.0000     22.0000     22.0000

   DONNEES POUR LA VALLEE N] 7-DRAC1    DATE: 07/09/09     2 USINE(S)     2 RESERVOIR(S)
  LAC N]35- SAUTER     0.1000E+04      4.770           0.0000
  73525.0000  73525.0000  73525.0000  73525.0000  73525.0000  73525.0000
  73525.0000  73525.0000  73525.0000  73525.0000  73525.0000  73525.0000
  73525.0000  73525.0000  73525.0000  73525.0000  73525.0000  73525.0000
  73525.0000  73525.0000  73525.0000  73525.0000  73525.0000  73525.0000
  73525.0000  73525.0000  73525.0000  73525.0000  73525.0000  73525.0000
  73525.0000  73525.0000  73525.0000  73525.0000  73525.0000  73525.0000
  73525.0000  73525.0000  73525.0000  73525.0000  73525.0000  73525.0000
  73525.0000  73525.0000  73525.0000  73525.0000  73525.0000  73525.0000
  73525.0000  73525.0000  73525.0000  73525.0000  73525.0000  73525.0000
  73525.0000  73525.0000  73525.0000  73525.0000  73525.0000  73525.0000
  73525.0000  73525.0000  73525.0000  73525.0000  73525.0000  73525.0000
  73525.0000  73525.0000  73525.0000  73525.0000  73525.0000  73525.0000
  73525.0000  73525.0000  73525.0000  73525.0000  73525.0000  73525.0000
  73525.0000  73525.0000  73525.0000  73525.0000  73525.0000  73525.0000
  73525.0000  73525.0000  73525.0000  73525.0000  73525.0000  73525.0000
  73525.0000  73525.0000  73525.0000  73525.0000  73525.0000  73525.0000

  LAC N]36- SSCOGR     0.1000E+04      0.000       -2275.2000
   6228.0000   6237.0000   6246.0000   6255.0000   6264.0000   6273.0000
   6282.0000   6291.0000   6300.0000   6309.0000   6318.0000   6327.0000
   6336.0000   6345.0000   6354.0000   6363.0000   6372.0000   6287.4000
   6202.8000   6118.2000   6033.6000   5949.0000   5778.0000   5607.0000
   5522.4000   5437.8000   5446.8000   5455.8000   5464.8000   5473.8000
   5482.8000   5491.8000   5500.8000   5509.8000   5518.8000   5527.8000
   5536.8000   5545.8000   5554.8000   5563.8000   5572.8000   5581.8000
   5590.8000   5599.8000   5608.8000   5524.2000   5439.6000   5448.6000
   5457.6000   5466.6000   5475.6000   5484.6000   5493.6000   5502.6000
   5511.6000   5520.6000   5529.6000   5538.6000   5547.6000   5556.6000
   5565.6000   5574.6000   5583.6000   5592.6000   5601.6000   5517.0000
   5432.4000   5347.8000   5176.8000   5005.8000   4921.2000   4836.6000
   4752.0000   4581.0000   4410.0000   4325.4000   4240.8000   4156.2000
   4071.6000   4080.6000   4089.6000   4098.6000   4107.6000   4116.6000
   4125.6000   4134.6000   4143.6000   4059.0000   3974.4000   3889.8000
   3898.8000   3907.8000   3916.8000   3925.8000   3934.8000   3943.8000

  USINE N]48- SAUCOH   35  36           0.0000
      0.0000      0.0000      0.0000      0.0000      0.0000      0.0000
      0.0000      0.0000      0.0000      0.0000      0.0000      0.0000
      0.0000      0.0000      0.0000      0.0000      0.0000      0.0000
      0.0000      0.0000      0.0000      0.0000      0.0000      0.0000
      0.0000      0.0000      0.0000      0.0000      0.0000      0.0000
      0.0000      0.0000      0.0000      0.0000      0.0000      0.0000
      0.0000      0.0000      0.0000      0.0000      0.0000      0.0000
      0.0000      0.0000      0.0000      0.0000      0.0000      0.0000
      0.0000      0.0000      0.0000      0.0000      0.0000      0.0000
      0.0000      0.0000      0.0000      0.0000      0.0000      0.0000
      0.0000      0.0000      0.0000      0.0000      0.0000      0.0000
      0.0000      0.0000      0.0000      0.0000      0.0000      0.0000
      0.0000      0.0000      0.0000      0.0000      0.0000      0.0000
      0.0000      0.0000      0.0000      0.0000      0.0000      0.0000
      0.0000      0.0000      0.0000      0.0000      0.0000      0.0000
      0.0000      0.0000      0.0000      0.0000      0.0000      0.0000

      0.0000      0.0000      0.0000      0.0000      0.0000      0.0000
      0.0000      0.0000      0.0000      0.0000      0.0000      0.0000
      0.0000      0.0000      0.0000      0.0000      0.0000      0.0000
      0.0000      0.0000      0.0000      0.0000      0.0000      0.0000
      0.0000      0.0000      0.0000      0.0000      0.0000      0.0000
      0.0000      0.0000      0.0000      0.0000      0.0000      0.0000
      0.0000      0.0000      0.0000      0.0000      0.0000      0.0000
      0.0000      0.0000      0.0000      0.0000      0.0000      0.0000
      0.0000      0.0000      0.0000      0.0000      0.0000      0.0000
      0.0000      0.0000      0.0000      0.0000      0.0000      0.0000
      0.0000      0.0000      0.0000      0.0000      0.0000      0.0000
      0.0000      0.0000      0.0000      0.0000      0.0000      0.0000
      0.0000      0.0000      0.0000      0.0000      0.0000      0.0000
      0.0000      0.0000      0.0000      0.0000      0.0000      0.0000
      0.0000      0.0000      0.0000      0.0000      0.0000      0.0000
      0.0000      0.0000      0.0000      0.0000      0.0000      0.0000

  USINE N]49- SSCOGH   36   0        3139.2000
      0.0000      0.0000      0.0000      0.0000      0.0000      0.0000
      0.0000      0.0000      0.0000      0.0000      0.0000      0.0000
      0.0000      0.0000      0.0000      0.0000      0.0000     93.6000
     93.6000     93.6000     93.6000     93.6000    180.0000    180.0000
     93.6000     93.6000      0.0000      0.0000      0.0000      0.0000
      0.0000      0.0000      0.0000      0.0000      0.0000      0.0000
      0.0000      0.0000      0.0000      0.0000      0.0000      0.0000
      0.0000      0.0000      0.0000     93.6000     93.6000      0.0000
      0.0000      0.0000      0.0000      0.0000      0.0000      0.0000
      0.0000      0.0000      0.0000      0.0000      0.0000      0.0000
      0.0000      0.0000      0.0000      0.0000      0.0000     93.6000
     93.6000     93.6000    180.0000    180.0000     93.6000     93.6000
     93.6000    180.0000    180.0000     93.6000     93.6000     93.6000
     93.6000      0.0000      0.0000      0.0000      0.0000      0.0000
      0.0000      0.0000      0.0000     93.6000     93.6000     93.6000
      0.0000      0.0000      0.0000      0.0000      0.0000      0.0000

      0.0000      0.0000      0.0000      0.0000      0.0000      0.0000
      0.0000      0.0000      0.0000      0.0000      0.0000      0.0000
      0.0000      0.0000      0.0000      0.0000      0.0000     21.0000
     21.0000     21.0000     21.0000     21.0000     39.0000     39.0000
     21.0000     21.0000      0.0000      0.0000      0.0000      0.0000
      0.0000      0.0000      0.0000      0.0000      0.0000      0.0000
      0.0000      0.0000      0.0000      0.0000      0.0000      0.0000
      0.0000      0.0000      0.0000     21.0000     21.0000      0.0000
      0.0000      0.0000      0.0000      0.0000      0.0000      0.0000
      0.0000      0.0000      0.0000      0.0000      0.0000      0.0000
      0.0000      0.0000      0.0000      0.0000      0.0000     21.0000
     21.0000     21.0000     39.0000     39.0000     21.0000     21.0000
     21.0000     39.0000     39.0000     21.0000     21.0000     21.0000
     21.0000      0.0000      0.0000      0.0000      0.0000      0.0000
      0.0000      0.0000      0.0000     21.0000     21.0000     21.0000
      0.0000      0.0000      0.0000      0.0000      0.0000      0.0000

   DONNEES POUR LA VALLEE N]20-MARONNE  DATE: 07/09/09     3 USINE(S)     3 RESERVOIR(S)
  LAC N]**- ENCHAR     0.1000E+04      3.220         -90.0000
  56463.0000  56463.0000  56463.0000  56463.0000  56463.0000  56463.0000
  56463.0000  56463.0000  56463.0000  56463.0000  56463.0000  56463.0000
  56463.0000  56463.0000  56463.0000  56463.0000  56463.0000  56463.0000
  56463.0000  56463.0000  56463.0000  56463.0000  56463.0000  56463.0000
  56463.0000  56463.0000  56463.0000  56463.0000  56463.0000  56463.0000
  56463.0000  56463.0000  56463.0000  56463.0000  56463.0000  56463.0000
  56463.0000  56463.0000  56463.0000  56463.0000  56463.0000  56463.0000
  56463.0000  56463.0000  56463.0000  56463.0000  56463.0000  56463.0000
  56463.0000  56463.0000  56463.0000  56463.0000  56463.0000  56463.0000
  56463.0000  56463.0000  56463.0000  56463.0000  56463.0000  56463.0000
  56463.0000  56463.0000  56463.0000  56463.0000  56463.0000  56463.0000
  56463.0000  56463.0000  56463.0000  56463.0000  56463.0000  56463.0000
  56463.0000  56463.0000  56463.0000  56463.0000  56463.0000  56463.0000
  56463.0000  56463.0000  56463.0000  56463.0000  56463.0000  56463.0000
  56463.0000  56463.0000  56463.0000  56463.0000  56463.0000  56463.0000
  56463.0000  56463.0000  56463.0000  56463.0000  56463.0000  56373.0000

  LAC N]**- GOURNR     0.1000E+04      0.000         -48.2400
    658.3600    658.7200    659.0800    659.4400    659.8000    660.1600
    660.5200    660.8800    661.2400    661.6000    661.9600    662.3200
    662.6800    663.0400    663.4000    663.7600    664.1200    664.4800
    664.8400    665.2000    665.5600    665.9200    666.2800    637.8400
    609.4000    580.9600    581.3200    581.6800    582.0400    582.4000
    582.7600    583.1200    583.4800    583.8400    584.2000    584.5600
    584.9200    585.2800    585.6400    586.0000    586.3600    586.7200
    587.0800    587.4400    587.8000    588.1600    588.5200    588.8800
    589.2400    589.6000    589.9600    590.3200    590.6800    591.0400
    591.4000    591.7600    592.1200    592.4800    592.8400    593.2000
    593.5600    593.9200    594.2800    594.6400    595.0000    595.3600
    595.7200    596.0800    596.4400    596.8000    597.1600    597.5200
    597.8800    569.4400    541.0000    512.5600    512.9200    513.2800
    513.6400    514.0000    514.3600    514.7200    515.0800    515.4400
    515.8000    516.1600    516.5200    516.8800    517.2400    517.6000
    517.9600    518.3200    518.6800    519.0400    519.4000    609.7600

  LAC N]**- HAUTER     0.1000E+04      0.000          28.8000
   2431.9000   2432.8000   2433.7000   2434.6000   2435.5000   2436.4000
   2437.3000   2438.2000   2439.1000   2440.0000   2440.9000   2441.8000
   2442.7000   2443.6000   2444.5000   2445.4000   2446.3000   2447.2000
   2448.1000   2449.0000   2449.9000   2450.8000   2451.7000   2481.4000
   2511.1000   2540.8000   2541.7000   2542.6000   2543.5000   2544.4000
   2545.3000   2546.2000   2547.1000   2548.0000   2548.9000   2549.8000
   2550.7000   2551.6000   2552.5000   2553.4000   2554.3000   2555.2000
   2556.1000   2557.0000   2557.9000   2558.8000   2559.7000   2560.6000
   2561.5000   2562.4000   2563.3000   2564.2000   2565.1000   2566.0000
   2566.9000   2567.8000   2568.7000   2569.6000   2570.5000   2571.4000
   2572.3000   2537.1242   2538.0242   2538.9242   2539.8242   2540.7242
   2541.6242   2542.5242   2543.4242   2544.3242   2545.2242   2546.1242
   2547.0242   2576.7242   2606.4242   2636.1242   2637.0242   2637.9242
   2638.8242   2639.7242   2640.6242   2641.5242   2642.4242   2643.3242
   2644.2242   2645.1242   2646.0242   2646.9242   2647.8242   2648.7242
   2649.6242   2650.5242   2651.4242   2623.6253   2559.7505   2459.8000

  USINE N]**- ENCHAH   **  **          90.0000
      0.0000      0.0000      0.0000      0.0000      0.0000      0.0000
      0.0000      0.0000      0.0000      0.0000      0.0000      0.0000
      0.0000      0.0000      0.0000      0.0000      0.0000      0.0000
      0.0000      0.0000      0.0000      0.0000      0.0000      0.0000
      0.0000      0.0000      0.0000      0.0000      0.0000      0.0000
      0.0000      0.0000      0.0000      0.0000      0.0000      0.0000
      0.0000      0.0000      0.0000      0.0000      0.0000      0.0000
      0.0000      0.0000      0.0000      0.0000      0.0000      0.0000
      0.0000      0.0000      0.0000      0.0000      0.0000      0.0000
      0.0000      0.0000      0.0000      0.0000      0.0000      0.0000
      0.0000      0.0000      0.0000      0.0000      0.0000      0.0000
      0.0000      0.0000      0.0000      0.0000      0.0000      0.0000
      0.0000      0.0000      0.0000      0.0000      0.0000      0.0000
      0.0000      0.0000      0.0000      0.0000      0.0000      0.0000
      0.0000      0.0000      0.0000      0.0000      0.0000      0.0000
      0.0000      0.0000      0.0000      0.0000      0.0000     90.0000

      0.0000      0.0000      0.0000      0.0000      0.0000      0.0000
      0.0000      0.0000      0.0000      0.0000      0.0000      0.0000
      0.0000      0.0000      0.0000      0.0000      0.0000      0.0000
      0.0000      0.0000      0.0000      0.0000      0.0000      0.0000
      0.0000      0.0000      0.0000      0.0000      0.0000      0.0000
      0.0000      0.0000      0.0000      0.0000      0.0000      0.0000
      0.0000      0.0000      0.0000      0.0000      0.0000      0.0000
      0.0000      0.0000      0.0000      0.0000      0.0000      0.0000
      0.0000      0.0000      0.0000      0.0000      0.0000      0.0000
      0.0000      0.0000      0.0000      0.0000      0.0000      0.0000
      0.0000      0.0000      0.0000      0.0000      0.0000      0.0000
      0.0000      0.0000      0.0000      0.0000      0.0000      0.0000
      0.0000      0.0000      0.0000      0.0000      0.0000      0.0000
      0.0000      0.0000      0.0000      0.0000      0.0000      0.0000
      0.0000      0.0000      0.0000      0.0000      0.0000      0.0000
      0.0000      0.0000      0.0000      0.0000      0.0000     11.5000

  USINE N]**- SSGENH   **  **         172.8000
      0.0000      0.0000      0.0000      0.0000      0.0000      0.0000
      0.0000      0.0000      0.0000      0.0000      0.0000      0.0000
      0.0000      0.0000      0.0000      0.0000      0.0000      0.0000
      0.0000      0.0000      0.0000      0.0000      0.0000     28.8000
     28.8000     28.8000      0.0000      0.0000      0.0000      0.0000
      0.0000      0.0000      0.0000      0.0000      0.0000      0.0000
      0.0000      0.0000      0.0000      0.0000      0.0000      0.0000
      0.0000      0.0000      0.0000      0.0000      0.0000      0.0000
      0.0000      0.0000      0.0000      0.0000      0.0000      0.0000
      0.0000      0.0000      0.0000      0.0000      0.0000      0.0000
      0.0000      0.0000      0.0000      0.0000      0.0000      0.0000
      0.0000      0.0000      0.0000      0.0000      0.0000      0.0000
      0.0000     28.8000     28.8000     28.8000      0.0000      0.0000
      0.0000      0.0000      0.0000      0.0000      0.0000      0.0000
      0.0000      0.0000      0.0000      0.0000      0.0000      0.0000
      0.0000      0.0000      0.0000      0.0000      0.0000      0.0000

      0.0000      0.0000      0.0000      0.0000      0.0000      0.0000
      0.0000      0.0000      0.0000      0.0000      0.0000      0.0000
      0.0000      0.0000      0.0000      0.0000      0.0000      0.0000
      0.0000      0.0000      0.0000      0.0000      0.0000      7.5000
      7.5000      7.5000      0.0000      0.0000      0.0000      0.0000
      0.0000      0.0000      0.0000      0.0000      0.0000      0.0000
      0.0000      0.0000      0.0000      0.0000      0.0000      0.0000
      0.0000      0.0000      0.0000      0.0000      0.0000      0.0000
      0.0000      0.0000      0.0000      0.0000      0.0000      0.0000
      0.0000      0.0000      0.0000      0.0000      0.0000      0.0000
      0.0000      0.0000      0.0000      0.0000      0.0000      0.0000
      0.0000      0.0000      0.0000      0.0000      0.0000      0.0000
      0.0000      7.5000      7.5000      7.5000      0.0000      0.0000
      0.0000      0.0000      0.0000      0.0000      0.0000      0.0000
      0.0000      0.0000      0.0000      0.0000      0.0000      0.0000
      0.0000      0.0000      0.0000      0.0000      0.0000      0.0000

  USINE N]**- HAUTEH   **   0         230.4000
      0.0000      0.0000      0.0000      0.0000      0.0000      0.0000
      0.0000      0.0000      0.0000      0.0000      0.0000      0.0000
      0.0000      0.0000      0.0000      0.0000      0.0000      0.0000
      0.0000      0.0000      0.0000      0.0000      0.0000      0.0000
      0.0000      0.0000      0.0000      0.0000      0.0000      0.0000
      0.0000      0.0000      0.0000      0.0000      0.0000      0.0000
      0.0000      0.0000      0.0000      0.0000      0.0000      0.0000
      0.0000      0.0000      0.0000      0.0000      0.0000      0.0000
      0.0000      0.0000      0.0000      0.0000      0.0000      0.0000
      0.0000      0.0000      0.0000      0.0000      0.0000      0.0000
      0.0000     36.0758      0.0000      0.0000      0.0000      0.0000
      0.0000      0.0000      0.0000      0.0000      0.0000      0.0000
      0.0000      0.0000      0.0000      0.0000      0.0000      0.0000
      0.0000      0.0000      0.0000      0.0000      0.0000      0.0000
      0.0000      0.0000      0.0000      0.0000      0.0000      0.0000
      0.0000      0.0000      0.0000     28.6989     64.7747    100.8505

      0.0000      0.0000      0.0000      0.0000      0.0000      0.0000
      0.0000      0.0000      0.0000      0.0000      0.0000      0.0000
      0.0000      0.0000      0.0000      0.0000      0.0000      0.0000
      0.0000      0.0000      0.0000      0.0000      0.0000      0.0000
      0.0000      0.0000      0.0000      0.0000      0.0000      0.0000
      0.0000      0.0000      0.0000      0.0000      0.0000      0.0000
      0.0000      0.0000      0.0000      0.0000      0.0000      0.0000
      0.0000      0.0000      0.0000      0.0000      0.0000      0.0000
      0.0000      0.0000      0.0000      0.0000      0.0000      0.0000
      0.0000      0.0000      0.0000      0.0000      0.0000      0.0000
      0.0000      0.0000      0.0000      0.0000      0.0000      0.0000
      0.0000      0.0000      0.0000      0.0000      0.0000      0.0000
      0.0000      0.0000      0.0000      0.0000      0.0000      0.0000
      0.0000      0.0000      0.0000      0.0000      0.0000      0.0000
      0.0000      0.0000      0.0000      0.0000      0.0000      0.0000
      0.0000      0.0000      0.0000      0.0000      0.0000      0.0000

   DONNEES POUR LA VALLEE N]30-ARAING   DATE: 07/09/09     2 USINE(S)     2 RESERVOIR(S)
  LAC N]**- ARAINR     0.1000E+04     17.230         -66.9600
   4678.0000   4678.0000   4678.0000   4678.0000   4678.0000   4678.0000
   4678.0000   4678.0000   4678.0000   4678.0000   4678.0000   4678.0000
   4678.0000   4678.0000   4678.0000   4678.0000   4678.0000   4678.0000
   4678.0000   4678.0000   4678.0000   4678.0000   4671.5200   4665.0400
   4665.0400   4665.0400   4665.0400   4665.0400   4665.0400   4665.0400
   4665.0400   4665.0400   4665.0400   4665.0400   4665.0400   4665.0400
   4665.0400   4665.0400   4665.0400   4665.0400   4665.0400   4665.0400
   4665.0400   4665.0400   4665.0400   4665.0400   4665.0400   4665.0400
   4665.0400   4665.0400   4665.0400   4665.0400   4665.0400   4665.0400
   4665.0400   4665.0400   4665.0400   4665.0400   4665.0400   4665.0400
   4665.0400   4665.0400   4665.0400   4665.0400   4665.0400   4662.8800
   4656.4000   4649.9200   4643.4400   4636.9600   4630.4800   4624.0000
   4617.5200   4611.0400   4611.0400   4611.0400   4611.0400   4611.0400
   4611.0400   4611.0400   4611.0400   4611.0400   4611.0400   4611.0400
   4611.0400   4611.0400   4611.0400   4611.0400   4611.0400   4611.0400
   4611.0400   4611.0400   4611.0400   4611.0400   4611.0400   4611.0400

  LAC N]**- BORD5R     0.1000E+04      0.000           0.0000
      0.0000      0.0000      0.0000      0.0000      0.0000      0.0000
      0.0000      0.0000      0.0000      0.0000      0.0000      0.0000
      0.0000      0.0000      0.0000      0.0000      0.0000      0.0000
      0.0000      0.0000      0.0000      0.0000      0.0000      0.0000
      0.0000      0.0000      0.0000      0.0000      0.0000      0.0000
      0.0000      0.0000      0.0000      0.0000      0.0000      0.0000
      0.0000      0.0000      0.0000      0.0000      0.0000      0.0000
      0.0000      0.0000      0.0000      0.0000      0.0000      0.0000
      0.0000      0.0000      0.0000      0.0000      0.0000      0.0000
      0.0000      0.0000      0.0000      0.0000      0.0000      0.0000
      0.0000      0.0000      0.0000      0.0000      0.0000      0.0000
      0.0000      0.0000      0.0000      0.0000      0.0000      0.0000
      0.0000      0.0000      0.0000      0.0000      0.0000      0.0000
      0.0000      0.0000      0.0000      0.0000      0.0000      0.0000
      0.0000      0.0000      0.0000      0.0000      0.0000      0.0000
      0.0000      0.0000      0.0000      0.0000      0.0000      0.0000

  USINE N]**- EYLIEH   **  **          66.9600
      0.0000      0.0000      0.0000      0.0000      0.0000      0.0000
      0.0000      0.0000      0.0000      0.0000      0.0000      0.0000
      0.0000      0.0000      0.0000      0.0000      0.0000      0.0000
      0.0000      0.0000      0.0000      0.0000      6.4800      6.4800
      0.0000      0.0000      0.0000      0.0000      0.0000      0.0000
      0.0000      0.0000      0.0000      0.0000      0.0000      0.0000
      0.0000      0.0000      0.0000      0.0000      0.0000      0.0000
      0.0000      0.0000      0.0000      0.0000      0.0000      0.0000
      0.0000      0.0000      0.0000      0.0000      0.0000      0.0000
      0.0000      0.0000      0.0000      0.0000      0.0000      0.0000
      0.0000      0.0000      0.0000      0.0000      0.0000      2.1600
      6.4800      6.4800      6.4800      6.4800      6.4800      6.4800
      6.4800      6.4800      0.0000      0.0000      0.0000      0.0000
      0.0000      0.0000      0.0000      0.0000      0.0000      0.0000
      0.0000      0.0000      0.0000      0.0000      0.0000      0.0000
      0.0000      0.0000      0.0000      0.0000      0.0000      0.0000

      0.0000      0.0000      0.0000      0.0000      0.0000      0.0000
      0.0000      0.0000      0.0000      0.0000      0.0000      0.0000
      0.0000      0.0000      0.0000      0.0000      0.0000      0.0000
      0.0000      0.0000      0.0000      0.0000     13.5000     13.5000
      0.0000      0.0000      0.0000      0.0000      0.0000      0.0000
      0.0000      0.0000      0.0000      0.0000      0.0000      0.0000
      0.0000      0.0000      0.0000      0.0000      0.0000      0.0000
      0.0000      0.0000      0.0000      0.0000      0.0000      0.0000
      0.0000      0.0000      0.0000      0.0000      0.0000      0.0000
      0.0000      0.0000      0.0000      0.0000      0.0000      0.0000
      0.0000      0.0000      0.0000      0.0000      0.0000      4.5000
     13.5000     13.5000     13.5000     13.5000     13.5000     13.5000
     13.5000     13.5000      0.0000      0.0000      0.0000      0.0000
      0.0000      0.0000      0.0000      0.0000      0.0000      0.0000
      0.0000      0.0000      0.0000      0.0000      0.0000      0.0000
      0.0000      0.0000      0.0000      0.0000      0.0000      0.0000

  USINE N]**- BORD5H   **   0         153.3600
      0.9000      0.9000      0.9000      0.9000      0.9000      0.9000
      0.9000      0.9000      0.9000      0.9000      0.9000      0.9000
      0.9000      0.9000      0.9000      0.9000      0.9000      0.9000
      0.9000      0.9000      0.9000      0.9000      0.9000      0.9000
      0.9000      7.3800      7.3800      0.9000      0.9000      0.9000
      0.9000      0.9000      0.9000      0.9000      0.9000      0.9000
      0.9000      0.9000      0.9000      0.9000      0.9000      0.9000
      0.9000      0.9000      0.9000      0.9000      0.9000      0.9000
      0.9000      0.9000      0.9000      0.9000      0.9000      0.9000
      0.9000      0.9000      0.9000      0.9000      0.9000      0.9000
      0.9000      0.9000      0.9000      0.9000      0.9000      0.9000
      0.9000      0.9000      3.0600      7.3800      7.3800      7.3800
      7.3800      7.3800      7.3800      7.3800      7.3800      0.9000
      0.9000      0.9000      0.9000      0.9000      0.9000      0.9000
      0.9000      0.9000      0.9000      0.9000      0.9000      0.9000
      0.9000      0.9000      0.9000      0.9000      0.9000      0.9000

      0.2812      0.0000      0.2812      0.2812      0.2812      0.0000
      0.2812      0.0000      0.0000      0.2812      0.2812      0.2812
      0.2812      0.2812      0.2812      0.2812      0.2812      0.2812
      0.2812      0.2812      0.2812      0.2812      0.2812      0.2812
      0.0000      2.3062      2.3062      0.2812      0.2812      0.2812
      0.2812      0.2812      0.2812      0.2812      0.2812      0.2812
      0.2812      0.2812      0.2812      0.2812      0.2812      0.2812
      0.2812      0.2812      0.0000      0.2812      0.2812      0.0000
      0.2812      0.0000      0.2812      0.0000      0.2812      0.0000
      0.2812      0.0000      0.2812      0.2812      0.2812      0.2812
      0.2812      0.2812      0.2812      0.2812      0.2812      0.2812
      0.2812      0.2812      0.9563      2.3062      2.3062      2.3062
      2.3062      2.3062      2.3062      2.3062      2.3062      0.2812
      0.2812      0.2812      0.2812      0.2812      0.2812      0.2812
      0.2812      0.2812      0.2812      0.2812      0.2812      0.2812
      0.2812      0.2812      0.0000      0.2812      0.2812      0.2812

