   DONNEES POUR LA VALLEE N] 2-TRUY-SUP DATE: 07/09/09     2 USINE(S)     2 RESERVOIR(S)
  LAC N] 6- GRANDR     0.1000E+04      1.450           0.0000
 171936.9920 171936.9920 171936.9920 171936.9920 171936.9920 171936.9920
 171936.9920 171936.9920 171936.9920 171936.9920 171936.9920 171936.9920
 171936.9920 171936.9920 171936.9920 171936.9920 171936.9920 171936.9920
 171936.9920 171936.9920 171936.9920 171936.9920 171936.9920 171936.9920
 171936.9920 171936.9920 171936.9920 171936.9920 171936.9920 171936.9920
 171936.9920 171936.9920 171936.9920 171936.9920 171936.9920 171936.9920
 171936.9920 171936.9920 171936.9920 171936.9920 171936.9920 171936.9920
 171936.9920 171936.9920 171936.9920 171936.9920 171936.9920 171936.9920
 171936.9920 171936.9920 171936.9920 171936.9920 171936.9920 171936.9920
 171936.9920 171936.9920 171936.9920 171936.9920 171936.9920 171936.9920
 171936.9920 171936.9920 171936.9920 171936.9920 171936.9920 171936.9920
 171936.9920 171936.9920 171936.9920 171936.9920 171936.9920 171936.9920
 171936.9920 171936.9920 171936.9920 171936.9920 171936.9920 171936.9920
 171936.9920 171936.9920 171936.9920 171936.9920 171936.9920 171936.9920
 171936.9920 171936.9920 171936.9920 171936.9920 171936.9920 171936.9920
 171936.9920 171936.9920 171936.9920 171936.9920 171936.9920 171936.9920

  LAC N] 7- LANAUR     0.1000E+04      0.000           0.0000
      0.0000      0.0000      0.0000      0.0000      0.0000      0.0000
      0.0000      0.0000      0.0000      0.0000      0.0000      0.0000
      0.0000      0.0000      0.0000      0.0000      0.0000      0.0000
      0.0000      0.0000      0.0000      0.0000      0.0000      0.0000
      0.0000      0.0000      0.0000      0.0000      0.0000      0.0000
      0.0000      0.0000      0.0000      0.0000      0.0000      0.0000
      0.0000      0.0000      0.0000      0.0000      0.0000      0.0000
      0.0000      0.0000      0.0000      0.0000      0.0000      0.0000
      0.0000      0.0000      0.0000      0.0000      0.0000      0.0000
      0.0000      0.0000      0.0000      0.0000      0.0000      0.0000
      0.0000      0.0000      0.0000      0.0000      0.0000      0.0000
      0.0000      0.0000      0.0000      0.0000      0.0000      0.0000
      0.0000      0.0000      0.0000      0.0000      0.0000      0.0000
      0.0000      0.0000      0.0000      0.0000      0.0000      0.0000
      0.0000      0.0000      0.0000      0.0000      0.0000      0.0000
      0.0000      0.0000      0.0000      0.0000      0.0000      0.0000

  USINE N] 7- GRANDH    6   7           0.0000
      0.0000      0.0000      0.0000      0.0000      0.0000      0.0000
      0.0000      0.0000      0.0000      0.0000      0.0000      0.0000
      0.0000      0.0000      0.0000      0.0000      0.0000      0.0000
      0.0000      0.0000      0.0000      0.0000      0.0000      0.0000
      0.0000      0.0000      0.0000      0.0000      0.0000      0.0000
      0.0000      0.0000      0.0000      0.0000      0.0000      0.0000
      0.0000      0.0000      0.0000      0.0000      0.0000      0.0000
      0.0000      0.0000      0.0000      0.0000      0.0000      0.0000
      0.0000      0.0000      0.0000      0.0000      0.0000      0.0000
      0.0000      0.0000      0.0000      0.0000      0.0000      0.0000
      0.0000      0.0000      0.0000      0.0000      0.0000      0.0000
      0.0000      0.0000      0.0000      0.0000      0.0000      0.0000
      0.0000      0.0000      0.0000      0.0000      0.0000      0.0000
      0.0000      0.0000      0.0000      0.0000      0.0000      0.0000
      0.0000      0.0000      0.0000      0.0000      0.0000      0.0000
      0.0000      0.0000      0.0000      0.0000      0.0000      0.0000

      0.0000      0.0000      0.0000      0.0000      0.0000      0.0000
      0.0000      0.0000      0.0000      0.0000      0.0000      0.0000
      0.0000      0.0000      0.0000      0.0000      0.0000      0.0000
      0.0000      0.0000      0.0000      0.0000      0.0000      0.0000
      0.0000      0.0000      0.0000      0.0000      0.0000      0.0000
      0.0000      0.0000      0.0000      0.0000      0.0000      0.0000
      0.0000      0.0000      0.0000      0.0000      0.0000      0.0000
      0.0000      0.0000      0.0000      0.0000      0.0000      0.0000
      0.0000      0.0000      0.0000      0.0000      0.0000      0.0000
      0.0000      0.0000      0.0000      0.0000      0.0000      0.0000
      0.0000      0.0000      0.0000      0.0000      0.0000      0.0000
      0.0000      0.0000      0.0000      0.0000      0.0000      0.0000
      0.0000      0.0000      0.0000      0.0000      0.0000      0.0000
      0.0000      0.0000      0.0000      0.0000      0.0000      0.0000
      0.0000      0.0000      0.0000      0.0000      0.0000      0.0000
      0.0000      0.0000      0.0000      0.0000      0.0000      0.0000

  USINE N] 8- LANAUH    7   0           0.0000
      0.0000      0.0000      0.0000      0.0000      0.0000      0.0000
      0.0000      0.0000      0.0000      0.0000      0.0000      0.0000
      0.0000      0.0000      0.0000      0.0000      0.0000      0.0000
      0.0000      0.0000      0.0000      0.0000      0.0000      0.0000
      0.0000      0.0000      0.0000      0.0000      0.0000      0.0000
      0.0000      0.0000      0.0000      0.0000      0.0000      0.0000
      0.0000      0.0000      0.0000      0.0000      0.0000      0.0000
      0.0000      0.0000      0.0000      0.0000      0.0000      0.0000
      0.0000      0.0000      0.0000      0.0000      0.0000      0.0000
      0.0000      0.0000      0.0000      0.0000      0.0000      0.0000
      0.0000      0.0000      0.0000      0.0000      0.0000      0.0000
      0.0000      0.0000      0.0000      0.0000      0.0000      0.0000
      0.0000      0.0000      0.0000      0.0000      0.0000      0.0000
      0.0000      0.0000      0.0000      0.0000      0.0000      0.0000
      0.0000      0.0000      0.0000      0.0000      0.0000      0.0000
      0.0000      0.0000      0.0000      0.0000      0.0000      0.0000

      0.0000      0.0000      0.0000      0.0000      0.0000      0.0000
      0.0000      0.0000      0.0000      0.0000      0.0000      0.0000
      0.0000      0.0000      0.0000      0.0000      0.0000      0.0000
      0.0000      0.0000      0.0000      0.0000      0.0000      0.0000
      0.0000      0.0000      0.0000      0.0000      0.0000      0.0000
      0.0000      0.0000      0.0000      0.0000      0.0000      0.0000
      0.0000      0.0000      0.0000      0.0000      0.0000      0.0000
      0.0000      0.0000      0.0000      0.0000      0.0000      0.0000
      0.0000      0.0000      0.0000      0.0000      0.0000      0.0000
      0.0000      0.0000      0.0000      0.0000      0.0000      0.0000
      0.0000      0.0000      0.0000      0.0000      0.0000      0.0000
      0.0000      0.0000      0.0000      0.0000      0.0000      0.0000
      0.0000      0.0000      0.0000      0.0000      0.0000      0.0000
      0.0000      0.0000      0.0000      0.0000      0.0000      0.0000
      0.0000      0.0000      0.0000      0.0000      0.0000      0.0000
      0.0000      0.0000      0.0000      0.0000      0.0000      0.0000

   DONNEES POUR LA VALLEE N] 6-ROMANCHE DATE: 07/09/09     6 USINE(S)     5 RESERVOIR(S)
  LAC N]30- G.MARR     0.1000E+04     20.450        -779.3999
  69184.3600  69238.7200  69320.0800  69401.4400  69482.8000  69564.1600
  69645.5200  69753.8800  69862.2400  69970.6000  70051.9600  70106.3200
  70160.6800  70160.6800  70098.0400  70035.4000  69972.7600  69910.1200
  69847.4800  69784.8400  69722.2000  69659.5600  69504.7600  69349.9600
  69287.3200  69224.6800  69162.0400  69099.4000  69036.7600  69015.8800
  68995.0000  68932.3600  68869.7200  68827.9600  68827.9600  68882.3200
  68936.6800  68936.6800  68894.9200  68832.2800  68769.6400  68727.8800
  68727.8800  68809.2400  68890.6000  68890.6000  68869.7200  68848.8400
  68848.8400  68930.2000  69011.5600  69092.9200  69174.2800  69255.6400
  69337.0001  69418.3601  69499.7201  69581.0801  69662.4401  69716.8001
  69771.1601  69771.1601  69750.2801  69687.6401  69625.0001  69583.2401
  69541.4801  69478.8401  69416.2001  69374.4401  69332.6801  69239.6201
  69146.5601  69053.5001  68990.8601  68928.2201  68865.5801  68844.7001
  68823.8201  68802.9401  68761.1801  68698.5401  68635.9001  68594.1401
  68552.3801  68489.7401  68427.1001  68385.3401  68343.5801  68322.7001
  68322.7001  68404.0601  68485.4201  68485.4201  68443.6601  68350.6001

  LAC N]31- VERN7R     0.1000E+04      0.000         -27.0001
  15044.6400  14990.2800  14908.9200  14827.5600  14746.2000  14664.8400
  14583.4800  14475.1200  14366.7600  14258.4000  14177.0400  14122.6800
  14068.3200  14053.9200  14102.1600  14150.4000  14198.6400  14246.8800
  14295.1200  14343.3600  14391.6000  14439.8400  14580.2400  14720.6400
  14768.8800  14817.1200  14865.3600  14913.6000  14961.8400  14968.3200
  14974.8000  15023.0400  15071.2800  15098.6400  15084.2400  15015.4800
  14946.7200  14932.3200  14959.6800  15007.9200  15056.1600  15097.9200
  15097.9200  15016.5600  14935.2000  14935.2000  14956.0800  14976.9600
  14976.9600  14895.6000  14814.2400  14732.8800  14651.5200  14570.1600
  14488.7999  14407.4399  14326.0799  14244.7199  14163.3599  14108.9999
  14054.6399  14054.6399  14061.1199  14109.3599  14157.5999  14184.9599
  14212.3199  14260.5599  14308.7999  14336.1599  14363.5199  14442.1799
  14520.8399  14599.4999  14647.7399  14695.9799  14744.2199  14750.6999
  14757.1799  14763.6599  14791.0199  14839.2599  14887.4999  14914.8599
  14942.2199  14990.4599  15038.6999  15066.0599  15093.4199  15099.8999
  15099.8999  15018.5399  14937.1799  14937.1799  14978.9399  15071.9999

  LAC N]32- B.ROMR     0.1000E+04      0.000           0.0000
     20.0000     68.6000     27.2000     75.8000     34.4000     40.5200
     20.0000     68.6000     90.0000     48.6000     90.0000     69.4800
     56.3600     35.8400     27.9200     20.0000     26.4800     20.0000
     26.4800     27.9200     34.4000     20.0000     29.0000     20.0000
     90.0000     81.0000     90.0000     81.0000     72.0000     63.0000
     54.0000     65.8800     66.2400     78.1200     90.0000     81.0000
     83.8800     65.8800     47.8800     50.7600     38.0000     20.0000
     20.0000     20.0000     77.6000     45.2000     20.0000     60.0000
     20.0000     68.6000     27.2000     75.8000     34.4000     83.0000
     43.9200     32.4000     90.0000     78.4800     66.9600     55.4400
     43.9200     28.8000     90.0000     82.0800     74.1600     80.6400
     66.2400     56.7200     42.3200     48.8000     34.4000     20.0000
     90.0000     75.6000     82.0800     73.0800     64.0800     55.0800
     46.0800     57.9600     48.9600     53.4800     44.4800     56.3600
     68.2400     50.2400     32.2400     35.1200     38.0000     20.0000
     22.8800     20.0000     90.0000     57.6000     46.0800     20.0000

  LAC N]33- CBON R     0.1000E+04      5.870       -3446.7651
  27108.0000  27078.4800  27048.9600  27019.4400  26989.9200  26960.4000
  26930.8800  26901.3600  26871.8400  26842.3200  26812.8000  26783.2800
  26753.7600  26724.2400  26694.7200  26665.2000  26604.7200  26544.2400
  26514.7200  26485.2000  26418.5844  26351.9687  26285.3531  26218.7374
  26179.6774  26140.6174  26101.5574  26034.9418  25968.3261  25929.2661
  25890.2061  25860.6861  25831.1661  25801.6461  25772.1261  25742.6061
  25713.0861  25683.5661  25654.0461  25624.5261  25595.0061  25565.4861
  25535.9661  25506.4461  25476.9261  25447.4061  25417.8861  25388.3661
  25358.8461  25329.3261  25299.8061  25270.2861  25240.7661  25211.2461
  25181.7261  25152.2061  25122.6861  25093.1661  25063.6461  25034.1261
  25004.6061  24975.0861  24945.5661  24916.0461  24876.9861  24837.9261
  24798.8661  24738.3861  24677.9061  24617.4261  24550.8105  24484.1948
  24454.6748  24425.1549  24395.6349  24335.1549  24274.6749  24214.1949
  24153.7149  24124.1949  24094.6749  24065.1549  24035.6349  24006.1149
  23976.5949  23947.0749  23917.5549  23888.0349  23858.5149  23828.9949
  23799.4749  23769.9549  23740.4349  23710.9149  23681.3949  23661.2349

  LAC N]34- CLAPIR     0.1000E+04      0.000          -6.3887
     59.5000     62.9200     66.3400     69.7600     73.1800     76.6000
     80.0200     83.4400     74.2600     65.0800     55.9000     46.7200
     37.5400     28.3600     19.1800     10.0000     26.4218     43.0018
     28.6218     14.2418     36.7574     59.2731     81.7887    104.3044
     99.2644     94.2244     89.1844    111.7000    134.2157    129.2400
    133.4000    127.8200    122.2400    116.6600    111.0800    105.5000
     99.9200     94.3400     88.7600     83.1800     77.6000     81.0200
     84.4400     87.8600     91.2800     94.7000     98.1200    101.5400
    104.9600     99.3800     93.8000     88.2200     82.6400     77.0600
     71.4800     65.9000     56.7200     47.5400     38.3600     29.1800
     20.0000     10.8200      1.6400      0.0000      0.3600      0.7200
      1.0800     22.8600     44.6400     61.0200     83.5356    106.0513
     91.4713     76.8913     62.3113     78.6913     95.0713    111.4513
    127.8313    122.2513    116.6713    111.0913    105.5113     99.9313
     94.3513     88.7713     83.1913     77.6113     72.0313     66.4513
     69.8713     73.2913     76.7113     80.1313     83.5513     77.6113

  USINE N]42- G.MAIH   30  31        3166.5600
      0.0000      0.0000      0.0000      0.0000      0.0000      0.0000
      0.0000      0.0000      0.0000      0.0000      0.0000      0.0000
      0.0000      0.0000     62.6400     62.6400     62.6400     62.6400
     62.6400     62.6400     62.6400     62.6400    154.8000    154.8000
     62.6400     62.6400     62.6400     62.6400     62.6400     20.8800
     20.8800     62.6400     62.6400     41.7600      0.0000      0.0000
      0.0000      0.0000     41.7600     62.6400     62.6400     41.7600
      0.0000      0.0000      0.0000      0.0000     20.8800     20.8800
      0.0000      0.0000      0.0000      0.0000      0.0000      0.0000
      0.0000      0.0000      0.0000      0.0000      0.0000      0.0000
      0.0000      0.0000     20.8800     62.6400     62.6400     41.7600
     41.7600     62.6400     62.6400     41.7600     41.7600     93.0600
     93.0600     93.0600     62.6400     62.6400     62.6400     20.8800
     20.8800     20.8800     41.7600     62.6400     62.6400     41.7600
     41.7600     62.6400     62.6400     41.7600     41.7600     20.8800
      0.0000      0.0000      0.0000      0.0000     41.7600     93.0600

      0.0000      0.0000      0.0000      0.0000      0.0000      0.0000
      0.0000      0.0000      0.0000      0.0000      0.0000      0.0000
      0.0000      0.0000    135.0000    135.0000    135.0000    135.0000
    135.0000    135.0000    135.0000    135.0000    330.0000    330.0000
    135.0000    135.0000    135.0000    135.0000    135.0000     45.0000
     45.0000    135.0000    135.0000     90.0000      0.0000      0.0000
      0.0000      0.0000     90.0000    135.0000    135.0000     90.0000
      0.0000      0.0000      0.0000      0.0000     45.0000     45.0000
      0.0000      0.0000      0.0000      0.0000      0.0000      0.0000
      0.0000      0.0000      0.0000      0.0000      0.0000      0.0000
      0.0000      0.0000     45.0000    135.0000    135.0000     90.0000
     90.0000    135.0000    135.0000     90.0000     90.0000    200.0000
    200.0000    200.0000    135.0000    135.0000    135.0000     45.0000
     45.0000     45.0000     90.0000    135.0000    135.0000     90.0000
     90.0000    135.0000    135.0000     90.0000     90.0000     45.0000
      0.0000      0.0000      0.0000      0.0000     90.0000    200.0000

  USINE N]43- G.MAIP   31  30        2387.1600
     54.3600     54.3600     81.3600     81.3600     81.3600     81.3600
     81.3600    108.3600    108.3600    108.3600     81.3600     54.3600
     54.3600      0.0000      0.0000      0.0000      0.0000      0.0000
      0.0000      0.0000      0.0000      0.0000      0.0000      0.0000
      0.0000      0.0000      0.0000      0.0000      0.0000      0.0000
      0.0000      0.0000      0.0000      0.0000      0.0000     54.3600
     54.3600      0.0000      0.0000      0.0000      0.0000      0.0000
      0.0000     81.3600     81.3600      0.0000      0.0000      0.0000
      0.0000     81.3600     81.3600     81.3600     81.3600     81.3600
     81.3600     81.3600     81.3600     81.3600     81.3600     54.3600
     54.3600      0.0000      0.0000      0.0000      0.0000      0.0000
      0.0000      0.0000      0.0000      0.0000      0.0000      0.0000
      0.0000      0.0000      0.0000      0.0000      0.0000      0.0000
      0.0000      0.0000      0.0000      0.0000      0.0000      0.0000
      0.0000      0.0000      0.0000      0.0000      0.0000      0.0000
      0.0000     81.3600     81.3600      0.0000      0.0000      0.0000

   -160.0000   -160.0000   -240.0000   -240.0000   -240.0000   -240.0000
   -240.0000   -320.0000   -320.0000   -320.0000   -240.0000   -160.0000
   -160.0000      0.0000      0.0000      0.0000      0.0000      0.0000
      0.0000      0.0000      0.0000      0.0000      0.0000      0.0000
      0.0000      0.0000      0.0000      0.0000      0.0000      0.0000
      0.0000      0.0000      0.0000      0.0000      0.0000   -160.0000
   -160.0000      0.0000      0.0000      0.0000      0.0000      0.0000
      0.0000   -240.0000   -240.0000      0.0000      0.0000      0.0000
      0.0000   -240.0000   -240.0000   -240.0000   -240.0000   -240.0000
   -240.0000   -240.0000   -240.0000   -240.0000   -240.0000   -160.0000
   -160.0000      0.0000      0.0000      0.0000      0.0000      0.0000
      0.0000      0.0000      0.0000      0.0000      0.0000      0.0000
      0.0000      0.0000      0.0000      0.0000      0.0000      0.0000
      0.0000      0.0000      0.0000      0.0000      0.0000      0.0000
      0.0000      0.0000      0.0000      0.0000      0.0000      0.0000
      0.0000   -240.0000   -240.0000      0.0000      0.0000      0.0000

  USINE N]44- OZ   H   31  32        1152.0000
      3.6000      3.6000      3.6000      3.6000      3.6000      3.6000
      3.6000      3.6000      3.6000      3.6000      3.6000      3.6000
      3.6000     18.0000     18.0000     18.0000     18.0000     18.0000
     18.0000     18.0000     18.0000     18.0000     18.0000     18.0000
     18.0000     18.0000     18.0000     18.0000     18.0000     18.0000
     18.0000     18.0000     18.0000     18.0000     18.0000     18.0000
     18.0000     18.0000     18.0000     18.0000     18.0000      3.6000
      3.6000      3.6000      3.6000      3.6000      3.6000      3.6000
      3.6000      3.6000      3.6000      3.6000      3.6000      3.6000
      3.6000      3.6000      3.6000      3.6000      3.6000      3.6000
      3.6000      3.6000     18.0000     18.0000     18.0000     18.0000
     18.0000     18.0000     18.0000     18.0000     18.0000     18.0000
     18.0000     18.0000     18.0000     18.0000     18.0000     18.0000
     18.0000     18.0000     18.0000     18.0000     18.0000     18.0000
     18.0000     18.0000     18.0000     18.0000     18.0000     18.0000
      3.6000      3.6000      3.6000      3.6000      3.6000      3.6000

      0.5000      0.5000      0.5000      0.5000      0.5000      0.5000
      0.5000      0.5000      0.5000      0.5000      0.5000      0.5000
      0.5000      1.7121      1.7121      1.7121      1.7121      1.7121
      1.7121      1.7121      1.7121      1.7121      1.7121      1.7121
      1.7121      1.7121      1.7121      1.7121      1.7121      1.7121
      1.7121      1.7121      1.7121      1.7121      1.7121      1.7121
      1.7121      1.7121      1.7121      1.7121      1.7121      0.5000
      0.5000      0.5000      0.5000      0.5000      0.5000      0.5000
      0.5000      0.5000      0.5000      0.5000      0.5000      0.5000
      0.5000      0.5000      0.5000      0.5000      0.5000      0.5000
      0.5000      0.5000      1.7121      1.7121      1.7121      1.7121
      1.7121      1.7121      1.7121      1.7121      1.7121      1.7121
      1.7121      1.7121      1.7121      1.7121      1.7121      1.7121
      1.7121      1.7121      1.7121      1.7121      1.7121      1.7121
      1.7121      1.7121      1.7121      1.7121      1.7121      1.7121
      0.5000      0.5000      0.5000      0.5000      0.5000      0.5000

  USINE N]45- SSGUIH   33  34        3446.7651
      0.0000     29.5200     29.5200     29.5200     29.5200     29.5200
     29.5200     29.5200     29.5200     29.5200     29.5200     29.5200
     29.5200     29.5200     29.5200     29.5200     60.4800     60.4800
     29.5200     29.5200     66.6156     66.6156     66.6156     66.6156
     39.0600     39.0600     39.0600     66.6156     66.6156     39.0600
     39.0600     29.5200     29.5200     29.5200     29.5200     29.5200
     29.5200     29.5200     29.5200     29.5200     29.5200     29.5200
     29.5200     29.5200     29.5200     29.5200     29.5200     29.5200
     29.5200     29.5200     29.5200     29.5200     29.5200     29.5200
     29.5200     29.5200     29.5200     29.5200     29.5200     29.5200
     29.5200     29.5200     29.5200     29.5200     39.0600     39.0600
     39.0600     60.4800     60.4800     60.4800     66.6156     66.6156
     29.5200     29.5200     29.5200     60.4800     60.4800     60.4800
     60.4800     29.5200     29.5200     29.5200     29.5200     29.5200
     29.5200     29.5200     29.5200     29.5200     29.5200     29.5200
     29.5200     29.5200     29.5200     29.5200     29.5200     20.1600

      0.0000     20.5000     20.5000     20.5000     20.5000     20.5000
     20.5000     20.5000     20.5000     20.5000     20.5000     20.5000
     20.5000     20.5000     20.5000     20.5000     40.5000     40.5000
     20.5000     20.5000     44.5000     44.5000     44.5000     44.5000
     26.0000     26.0000     26.0000     44.5000     44.5000     26.0000
     26.0000     20.5000     20.5000     20.5000     20.5000     20.5000
     20.5000     20.5000     20.5000     20.5000     20.5000     20.5000
     20.5000     20.5000     20.5000     20.5000     20.5000     20.5000
     20.5000     20.5000     20.5000     20.5000     20.5000     20.5000
     20.5000     20.5000     20.5000     20.5000     20.5000     20.5000
     20.5000     20.5000     20.5000     20.5000     26.0000     26.0000
     26.0000     40.5000     40.5000     40.5000     44.5000     44.5000
     20.5000     20.5000     20.5000     40.5000     40.5000     40.5000
     40.5000     20.5000     20.5000     20.5000     20.5000     20.5000
     20.5000     20.5000     20.5000     20.5000     20.5000     20.5000
     20.5000     20.5000     20.5000     20.5000     20.5000     13.5000

  USINE N]46- CLAPIH   34  32        3549.6000
     27.0000     27.0000     27.0000     27.0000     27.0000     27.0000
     27.0000     27.0000     39.6000     39.6000     39.6000     39.6000
     39.6000     39.6000     39.6000     39.6000     45.0000     45.0000
     45.0000     45.0000     45.0000     45.0000     45.0000     45.0000
     45.0000     45.0000     45.0000     45.0000     45.0000     45.0000
     36.0000     36.0000     36.0000     36.0000     36.0000     36.0000
     36.0000     36.0000     36.0000     36.0000     36.0000     27.0000
     27.0000     27.0000     27.0000     27.0000     27.0000     27.0000
     27.0000     36.0000     36.0000     36.0000     36.0000     36.0000
     36.0000     36.0000     39.6000     39.6000     39.6000     39.6000
     39.6000     39.6000     39.6000     39.6000     39.6000     39.6000
     39.6000     39.6000     39.6000     45.0000     45.0000     45.0000
     45.0000     45.0000     45.0000     45.0000     45.0000     45.0000
     45.0000     36.0000     36.0000     36.0000     36.0000     36.0000
     36.0000     36.0000     36.0000     36.0000     36.0000     36.0000
     27.0000     27.0000     27.0000     27.0000     27.0000     27.0000

      0.0000      0.0000      0.0000      0.0000      0.0000      0.0000
      0.0000      0.0000      0.0000      0.0000      0.0000      0.0000
      0.0000      0.0000      0.0000      0.0000      0.0000      0.0000
      0.0000      0.0000      0.0000      0.0000      0.0000      0.0000
      0.0000      0.0000      0.0000      0.0000      0.0000      0.0000
      0.0000      0.0000      0.0000      0.0000      0.0000      0.0000
      0.0000      0.0000      0.0000      0.0000      0.0000      0.0000
      0.0000      0.0000      0.0000      0.0000      0.0000      0.0000
      0.0000      0.0000      0.0000      0.0000      0.0000      0.0000
      0.0000      0.0000      0.0000      0.0000      0.0000      0.0000
      0.0000      0.0000      0.0000      0.0000      0.0000      0.0000
      0.0000      0.0000      0.0000      0.0000      0.0000      0.0000
      0.0000      0.0000      0.0000      0.0000      0.0000      0.0000
      0.0000      0.0000      0.0000      0.0000      0.0000      0.0000
      0.0000      0.0000      0.0000      0.0000      0.0000      0.0000
      0.0000      0.0000      0.0000      0.0000      0.0000      0.0000

  USINE N]47- B.ROMH   32   0        6429.6000
     48.6000      0.0000     90.0000      0.0000     90.0000     42.4800
     69.1200      0.0000     27.2000     90.0000      7.2000     69.1200
     61.7200     69.1200     69.1200     69.1200     69.1200     82.0800
     69.1200     74.1600     69.1200     90.0000     72.0000     90.0000
     11.0000     90.0000     72.0000     90.0000     90.0000     90.0000
     90.0000     69.1200     80.6400     69.1200     69.1200     90.0000
     69.1200     90.0000     90.0000     69.1200     84.7600     90.0000
     72.0000     72.0000      0.0000     90.0000     82.8000      8.6000
     88.6000      0.0000     90.0000      0.0000     90.0000      0.0000
     87.6800     69.1200      0.0000     69.1200     69.1200     69.1200
     69.1200     72.7200      0.0000     69.1200     69.1200     69.1200
     90.0000     85.1200     90.0000     69.1200     90.0000     90.0000
      5.6000     90.0000     69.1200     90.0000     90.0000     90.0000
     90.0000     69.1200     90.0000     76.4800     90.0000     69.1200
     69.1200     90.0000     90.0000     69.1200     69.1200     90.0000
     69.1200     74.8800      2.0000     90.0000     69.1200     83.6800

     38.0000      0.0000     57.0000      0.0000     57.0000     33.2148
     51.0000      0.0000     21.2675     57.0000      5.6296     51.0000
     46.3119     51.0000     51.0000     51.0000     51.0000     54.7241
     51.0000     52.4483     51.0000     57.0000     51.8276     57.0000
      8.6008     57.0000     51.8276     57.0000     57.0000     57.0000
     57.0000     51.0000     54.3103     51.0000     51.0000     57.0000
     51.0000     57.0000     57.0000     51.0000     55.4943     57.0000
     51.8276     51.8276      0.0000     57.0000     54.9310      0.0000
     56.5977      0.0000     57.0000      0.0000     57.0000      0.0000
     56.3333     51.0000      0.0000     51.0000     51.0000     51.0000
     51.0000     52.0345      0.0000     51.0000     51.0000     51.0000
     57.0000     55.5977     57.0000     51.0000     57.0000     57.0000
      4.3786     57.0000     51.0000     57.0000     57.0000     57.0000
     57.0000     51.0000     57.0000     53.1149     57.0000     51.0000
     51.0000     57.0000     57.0000     51.0000     51.0000     57.0000
     51.0000     52.6552      0.0000     57.0000     51.0000     55.1839

   DONNEES POUR LA VALLEE N] 9-ROSELEND DATE: 07/09/09     1 USINE(S)     1 RESERVOIR(S)
  LAC N]42- ROSELR     0.1000E+04     19.190       -2420.2800
 146596.8000 146596.8000 146596.8000 146596.8000 146596.8000 146596.8000
 146596.8000 146596.8000 146596.8000 146596.8000 146596.8000 146596.8000
 146596.8000 146596.8000 146596.8000 146575.7400 146554.6800 146512.2000
 146469.7200 146427.2400 146370.1800 146313.1200 146256.0600 146199.0000
 146141.9400 146077.6800 146013.4200 145956.3600 145899.3000 145856.8200
 145814.3400 145814.3400 145814.3400 145814.3400 145771.8600 145729.3800
 145686.9000 145644.4200 145637.2200 145630.0200 145608.9600 145587.9000
 145545.4200 145502.9400 145502.9400 145502.9400 145502.9400 145502.9400
 145502.9400 145502.9400 145502.9400 145502.9400 145502.9400 145502.9400
 145502.9400 145502.9400 145502.9400 145502.9400 145502.9400 145502.9400
 145502.9400 145502.9400 145502.9400 145495.7400 145474.6800 145417.6200
 145360.5600 145296.3000 145232.0400 145174.9800 145117.9200 145060.8600
 145003.8000 144939.5400 144875.2800 144811.0200 144753.9600 144696.9000
 144639.8400 144582.7800 144525.7200 144525.7200 144525.7200 144525.7200
 144525.7200 144504.6600 144483.6000 144441.1200 144369.4800 144297.8400
 144297.8400 144297.8400 144240.7800 144183.7200 144183.7200 144183.7200

  USINE N]55- BATHIH   42   0        2420.2800
      7.2000      0.0000      0.0000      0.0000      0.0000      0.0000
      0.0000      0.0000      0.0000      0.0000      0.0000      0.0000
      0.0000      0.0000      0.0000     21.0600     21.0600     42.4800
     42.4800     42.4800     57.0600     57.0600     57.0600     57.0600
     57.0600     64.2600     64.2600     57.0600     57.0600     42.4800
     42.4800      0.0000      0.0000      0.0000     42.4800     42.4800
     42.4800     42.4800      7.2000      7.2000     21.0600     21.0600
     42.4800     42.4800      0.0000      0.0000      0.0000      0.0000
      0.0000      0.0000      0.0000      0.0000      0.0000      0.0000
      0.0000      0.0000      0.0000      0.0000      0.0000      0.0000
      0.0000      0.0000      0.0000      7.2000     21.0600     57.0600
     57.0600     64.2600     64.2600     57.0600     57.0600     57.0600
     57.0600     64.2600     64.2600     64.2600     57.0600     57.0600
     57.0600     57.0600     57.0600      0.0000      0.0000      0.0000
      0.0000     21.0600     21.0600     42.4800     71.6400     71.6400
      0.0000      0.0000     57.0600     57.0600      0.0000      0.0000

     20.0000      0.0000      0.0000      0.0000      0.0000      0.0000
      0.0000      0.0000      0.0000      0.0000      0.0000      0.0000
      0.0000      0.0000      0.0000     60.0000     60.0000    120.0000
    120.0000    120.0000    160.0000    160.0000    160.0000    160.0000
    160.0000    180.0000    180.0000    160.0000    160.0000    120.0000
    120.0000      0.0000      0.0000      0.0000    120.0000    120.0000
    120.0000    120.0000     20.0000     20.0000     60.0000     60.0000
    120.0000    120.0000      0.0000      0.0000      0.0000      0.0000
      0.0000      0.0000      0.0000      0.0000      0.0000      0.0000
      0.0000      0.0000      0.0000      0.0000      0.0000      0.0000
      0.0000      0.0000      0.0000     20.0000     60.0000    160.0000
    160.0000    180.0000    180.0000    160.0000    160.0000    160.0000
    160.0000    180.0000    180.0000    180.0000    160.0000    160.0000
    160.0000    160.0000    160.0000      0.0000      0.0000      0.0000
      0.0000     60.0000     60.0000    120.0000    200.0000    200.0000
      0.0000      0.0000    160.0000    160.0000      0.0000      0.0000

   DONNEES POUR LA VALLEE N]14-MONTAHUT DATE: 07/09/09     1 USINE(S)     1 RESERVOIR(S)
  LAC N]71- LAOUZR     0.1000E+04      8.180        -496.0800
  29458.0000  29458.0000  29458.0000  29458.0000  29458.0000  29458.0000
  29458.0000  29458.0000  29458.0000  29458.0000  29458.0000  29458.0000
  29458.0000  29446.1200  29434.2400  29422.3600  29397.7000  29373.0400
  29373.0400  29373.0400  29373.0400  29373.0400  29373.0400  29373.0400
  29373.0400  29373.0400  29373.0400  29373.0400  29373.0400  29373.0400
  29373.0400  29373.0400  29373.0400  29373.0400  29373.0400  29373.0400
  29361.1600  29349.2800  29337.4000  29325.5200  29300.8600  29276.2000
  29251.5400  29239.6600  29227.7800  29215.9000  29215.9000  29215.9000
  29204.0200  29192.1400  29180.2600  29180.2600  29180.2600  29180.2600
  29180.2600  29180.2600  29180.2600  29180.2600  29180.2600  29180.2600
  29180.2600  29168.3800  29156.5000  29144.6200  29119.9600  29095.3000
  29095.3000  29095.3000  29095.3000  29095.3000  29095.3000  29095.3000
  29095.3000  29095.3000  29095.3000  29095.3000  29095.3000  29095.3000
  29095.3000  29095.3000  29095.3000  29095.3000  29095.3000  29095.3000
  29083.4200  29071.5400  29059.6600  29035.0000  29010.3400  28985.6800
  28985.6800  28985.6800  28985.6800  28973.8000  28961.9200  28961.9200

  USINE N]87- MTAHUH   71   0         496.0800
      0.0000      0.0000      0.0000      0.0000      0.0000      0.0000
      0.0000      0.0000      0.0000      0.0000      0.0000      0.0000
      0.0000     11.8800     11.8800     11.8800     24.6600     24.6600
      0.0000      0.0000      0.0000      0.0000      0.0000      0.0000
      0.0000      0.0000      0.0000      0.0000      0.0000      0.0000
      0.0000      0.0000      0.0000      0.0000      0.0000      0.0000
     11.8800     11.8800     11.8800     11.8800     24.6600     24.6600
     24.6600     11.8800     11.8800     11.8800      0.0000      0.0000
     11.8800     11.8800     11.8800      0.0000      0.0000      0.0000
      0.0000      0.0000      0.0000      0.0000      0.0000      0.0000
      0.0000     11.8800     11.8800     11.8800     24.6600     24.6600
      0.0000      0.0000      0.0000      0.0000      0.0000      0.0000
      0.0000      0.0000      0.0000      0.0000      0.0000      0.0000
      0.0000      0.0000      0.0000      0.0000      0.0000      0.0000
     11.8800     11.8800     11.8800     24.6600     24.6600     24.6600
      0.0000      0.0000      0.0000     11.8800     11.8800      0.0000

      0.0000      0.0000      0.0000      0.0000      0.0000      0.0000
      0.0000      0.0000      0.0000      0.0000      0.0000      0.0000
      0.0000     17.5000     17.5000     17.5000     35.0000     35.0000
      0.0000      0.0000      0.0000      0.0000      0.0000      0.0000
      0.0000      0.0000      0.0000      0.0000      0.0000      0.0000
      0.0000      0.0000      0.0000      0.0000      0.0000      0.0000
     17.5000     17.5000     17.5000     17.5000     35.0000     35.0000
     35.0000     17.5000     17.5000     17.5000      0.0000      0.0000
     17.5000     17.5000     17.5000      0.0000      0.0000      0.0000
      0.0000      0.0000      0.0000      0.0000      0.0000      0.0000
      0.0000     17.5000     17.5000     17.5000     35.0000     35.0000
      0.0000      0.0000      0.0000      0.0000      0.0000      0.0000
      0.0000      0.0000      0.0000      0.0000      0.0000      0.0000
      0.0000      0.0000      0.0000      0.0000      0.0000      0.0000
     17.5000     17.5000     17.5000     35.0000     35.0000     35.0000
      0.0000      0.0000      0.0000     17.5000     17.5000      0.0000

   DONNEES POUR LA VALLEE N]19-CREUSE   DATE: 07/09/09     3 USINE(S)     3 RESERVOIR(S)
  LAC N]**- EGUZOR     0.1000E+04      1.030         -39.9600
  13310.3400  13312.6800  13315.0200  13317.3600  13319.7000  13322.0400
  13324.3800  13326.7200  13329.0600  13331.4000  13333.7400  13336.0800
  13338.4200  13340.7600  13343.1000  13345.4400  13347.7800  13350.1200
  13352.4600  13354.8000  13357.1400  13359.4800  13361.8200  13364.1600
  13366.5000  13336.0800  13305.6600  13275.2400  13244.8200  13247.1600
  13249.5000  13251.8400  13254.1800  13256.5200  13258.8600  13261.2000
  13263.5400  13265.8800  13268.2200  13270.5600  13272.9000  13275.2400
  13277.5800  13279.9200  13282.2600  13284.6000  13286.9400  13289.2800
  13291.6200  13293.9600  13296.3000  13298.6400  13300.9800  13303.3200
  13305.6600  13308.0000  13310.3400  13312.6800  13315.0200  13317.3600
  13319.7000  13322.0400  13324.3800  13326.7200  13329.0600  13331.4000
  13333.7400  13336.0800  13338.4200  13340.7600  13276.3200  13211.8800
  13214.2200  13216.5600  13218.9000  13221.2400  13223.5800  13225.9200
  13228.2600  13230.6000  13232.9400  13235.2800  13237.6200  13239.9600
  13242.3000  13244.6400  13246.9800  13249.3200  13251.6600  13254.0000
  13256.3400  13258.6800  13261.0200  13263.3600  13265.7000  13268.0400

  LAC N]**- R.MOIR     0.1000E+04      0.000          39.9600
   1804.6600   1802.3200   1799.9800   1797.6400   1795.3000   1792.9600
   1790.6200   1788.2800   1785.9400   1783.6000   1781.2600   1778.9200
   1776.5800   1774.2400   1771.9000   1769.5600   1767.2200   1764.8800
   1762.5400   1760.2000   1757.8600   1755.5200   1753.1800   1750.8400
   1748.5000   1746.1600   1776.5800   1807.0000   1837.4200   1867.8400
   1865.5000   1863.1600   1860.8200   1858.4800   1856.1400   1853.8000
   1851.4600   1849.1200   1846.7800   1844.4400   1842.1000   1839.7600
   1837.4200   1835.0800   1832.7400   1830.4000   1828.0600   1825.7200
   1823.3800   1821.0400   1818.7000   1816.3600   1814.0200   1811.6800
   1809.3400   1807.0000   1804.6600   1802.3200   1799.9800   1797.6400
   1795.3000   1792.9600   1790.6200   1788.2800   1785.9400   1783.6000
   1781.2600   1778.9200   1776.5800   1774.2400   1771.9000   1836.3400
   1900.7800   1898.4400   1896.1000   1893.7600   1891.4200   1889.0800
   1886.7400   1884.4000   1882.0600   1879.7200   1877.3800   1875.0400
   1872.7000   1870.3600   1868.0200   1865.6800   1863.3400   1861.0000
   1858.6600   1856.3200   1853.9800   1851.6400   1849.3000   1846.9600

  LAC N]**- R.AIGR     0.1000E+04      0.000           0.0000
      0.0000      0.0000      0.0000      0.0000      0.0000      0.0000
      0.0000      0.0000      0.0000      0.0000      0.0000      0.0000
      0.0000      0.0000      0.0000      0.0000      0.0000      0.0000
      0.0000      0.0000      0.0000      0.0000      0.0000      0.0000
      0.0000      0.0000      0.0000      0.0000      0.0000      0.0000
      0.0000      0.0000      0.0000      0.0000      0.0000      0.0000
      0.0000      0.0000      0.0000      0.0000      0.0000      0.0000
      0.0000      0.0000      0.0000      0.0000      0.0000      0.0000
      0.0000      0.0000      0.0000      0.0000      0.0000      0.0000
      0.0000      0.0000      0.0000      0.0000      0.0000      0.0000
      0.0000      0.0000      0.0000      0.0000      0.0000      0.0000
      0.0000      0.0000      0.0000      0.0000      0.0000      0.0000
      0.0000      0.0000      0.0000      0.0000      0.0000      0.0000
      0.0000      0.0000      0.0000      0.0000      0.0000      0.0000
      0.0000      0.0000      0.0000      0.0000      0.0000      0.0000
      0.0000      0.0000      0.0000      0.0000      0.0000      0.0000

  USINE N]**- EGUZOH   **  **         385.5600
      1.2600      1.2600      1.2600      1.2600      1.2600      1.2600
      1.2600      1.2600      1.2600      1.2600      1.2600      1.2600
      1.2600      1.2600      1.2600      1.2600      1.2600      1.2600
      1.2600      1.2600      1.2600      1.2600      1.2600      1.2600
      1.2600     34.0200     34.0200     34.0200     34.0200      1.2600
      1.2600      1.2600      1.2600      1.2600      1.2600      1.2600
      1.2600      1.2600      1.2600      1.2600      1.2600      1.2600
      1.2600      1.2600      1.2600      1.2600      1.2600      1.2600
      1.2600      1.2600      1.2600      1.2600      1.2600      1.2600
      1.2600      1.2600      1.2600      1.2600      1.2600      1.2600
      1.2600      1.2600      1.2600      1.2600      1.2600      1.2600
      1.2600      1.2600      1.2600      1.2600     68.0400     68.0400
      1.2600      1.2600      1.2600      1.2600      1.2600      1.2600
      1.2600      1.2600      1.2600      1.2600      1.2600      1.2600
      1.2600      1.2600      1.2600      1.2600      1.2600      1.2600
      1.2600      1.2600      1.2600      1.2600      1.2600      1.2600

      0.0500      0.0500      0.0500      0.0500      0.0500      0.0500
      0.0500      0.0500      0.0500      0.0500      0.0500      0.0500
      0.0500      0.0500      0.0500      0.0500      0.0500      0.0500
      0.0500      0.0500      0.0500      0.0500      0.0500      0.0500
      0.0500      4.2500      4.2500      4.2500      4.2500      0.0500
      0.0500      0.0500      0.0500      0.0500      0.0500      0.0500
      0.0500      0.0500      0.0500      0.0500      0.0500      0.0500
      0.0500      0.0500      0.0500      0.0500      0.0500      0.0500
      0.0500      0.0500      0.0500      0.0500      0.0500      0.0500
      0.0500      0.0500      0.0500      0.0500      0.0500      0.0500
      0.0500      0.0500      0.0500      0.0500      0.0500      0.0500
      0.0500      0.0500      0.0500      0.0500      8.5000      8.5000
      0.0500      0.0500      0.0500      0.0500      0.0500      0.0500
      0.0500      0.0500      0.0500      0.0500      0.0500      0.0500
      0.0500      0.0500      0.0500      0.0500      0.0500      0.0500
      0.0500      0.0500      0.0500      0.0500      0.0500      0.0500

  USINE N]**- R.MOIH   **  **         345.6000
      3.6000      3.6000      3.6000      3.6000      3.6000      3.6000
      3.6000      3.6000      3.6000      3.6000      3.6000      3.6000
      3.6000      3.6000      3.6000      3.6000      3.6000      3.6000
      3.6000      3.6000      3.6000      3.6000      3.6000      3.6000
      3.6000      3.6000      3.6000      3.6000      3.6000      3.6000
      3.6000      3.6000      3.6000      3.6000      3.6000      3.6000
      3.6000      3.6000      3.6000      3.6000      3.6000      3.6000
      3.6000      3.6000      3.6000      3.6000      3.6000      3.6000
      3.6000      3.6000      3.6000      3.6000      3.6000      3.6000
      3.6000      3.6000      3.6000      3.6000      3.6000      3.6000
      3.6000      3.6000      3.6000      3.6000      3.6000      3.6000
      3.6000      3.6000      3.6000      3.6000      3.6000      3.6000
      3.6000      3.6000      3.6000      3.6000      3.6000      3.6000
      3.6000      3.6000      3.6000      3.6000      3.6000      3.6000
      3.6000      3.6000      3.6000      3.6000      3.6000      3.6000
      3.6000      3.6000      3.6000      3.6000      3.6000      3.6000

      0.0500      0.0500      0.0500      0.0500      0.0500      0.0500
      0.0500      0.0500      0.0500      0.0500      0.0500      0.0500
      0.0500      0.0500      0.0500      0.0500      0.0500      0.0500
      0.0500      0.0500      0.0500      0.0500      0.0500      0.0500
      0.0500      0.0500      0.0500      0.0500      0.0500      0.0500
      0.0500      0.0500      0.0500      0.0500      0.0500      0.0500
      0.0500      0.0500      0.0500      0.0500      0.0500      0.0500
      0.0500      0.0500      0.0500      0.0500      0.0500      0.0500
      0.0500      0.0500      0.0500      0.0500      0.0500      0.0500
      0.0500      0.0500      0.0500      0.0500      0.0500      0.0500
      0.0500      0.0500      0.0500      0.0500      0.0500      0.0500
      0.0500      0.0500      0.0500      0.0500      0.0500      0.0500
      0.0500      0.0500      0.0500      0.0500      0.0500      0.0500
      0.0500      0.0500      0.0500      0.0500      0.0500      0.0500
      0.0500      0.0500      0.0500      0.0500      0.0500      0.0500
      0.0500      0.0500      0.0500      0.0500      0.0500      0.0500

  USINE N]**- R.AIGH   **   0         345.6000
      3.6000      3.6000      3.6000      3.6000      3.6000      3.6000
      3.6000      3.6000      3.6000      3.6000      3.6000      3.6000
      3.6000      3.6000      3.6000      3.6000      3.6000      3.6000
      3.6000      3.6000      3.6000      3.6000      3.6000      3.6000
      3.6000      3.6000      3.6000      3.6000      3.6000      3.6000
      3.6000      3.6000      3.6000      3.6000      3.6000      3.6000
      3.6000      3.6000      3.6000      3.6000      3.6000      3.6000
      3.6000      3.6000      3.6000      3.6000      3.6000      3.6000
      3.6000      3.6000      3.6000      3.6000      3.6000      3.6000
      3.6000      3.6000      3.6000      3.6000      3.6000      3.6000
      3.6000      3.6000      3.6000      3.6000      3.6000      3.6000
      3.6000      3.6000      3.6000      3.6000      3.6000      3.6000
      3.6000      3.6000      3.6000      3.6000      3.6000      3.6000
      3.6000      3.6000      3.6000      3.6000      3.6000      3.6000
      3.6000      3.6000      3.6000      3.6000      3.6000      3.6000
      3.6000      3.6000      3.6000      3.6000      3.6000      3.6000

      0.1000      0.0000      0.1000      0.1000      0.1000      0.0000
      0.1000      0.0000      0.0000      0.1000      0.1000      0.1000
      0.1000      0.1000      0.1000      0.1000      0.1000      0.1000
      0.1000      0.1000      0.1000      0.1000      0.1000      0.1000
      0.1000      0.1000      0.1000      0.1000      0.1000      0.1000
      0.1000      0.1000      0.1000      0.1000      0.1000      0.1000
      0.1000      0.1000      0.1000      0.1000      0.1000      0.1000
      0.1000      0.1000      0.1000      0.1000      0.1000      0.1000
      0.1000      0.1000      0.1000      0.1000      0.1000      0.0000
      0.1000      0.1000      0.1000      0.1000      0.1000      0.1000
      0.1000      0.1000      0.1000      0.1000      0.1000      0.1000
      0.1000      0.1000      0.1000      0.1000      0.1000      0.1000
      0.1000      0.1000      0.1000      0.1000      0.1000      0.1000
      0.1000      0.1000      0.1000      0.1000      0.1000      0.1000
      0.1000      0.1000      0.1000      0.1000      0.1000      0.1000
      0.1000      0.1000      0.1000      0.1000      0.1000      0.1000

   DONNEES POUR LA VALLEE N]24-NEUVIC   DATE: 07/09/09     1 USINE(S)     1 RESERVOIR(S)
  LAC N]**- N.USSR     0.1000E+04      0.050           0.0000
  16949.0000  16949.0000  16949.0000  16949.0000  16949.0000  16949.0000
  16949.0000  16949.0000  16949.0000  16949.0000  16949.0000  16949.0000
  16949.0000  16949.0000  16949.0000  16949.0000  16949.0000  16949.0000
  16949.0000  16949.0000  16949.0000  16949.0000  16949.0000  16949.0000
  16949.0000  16949.0000  16949.0000  16949.0000  16949.0000  16949.0000
  16949.0000  16949.0000  16949.0000  16949.0000  16949.0000  16949.0000
  16949.0000  16949.0000  16949.0000  16949.0000  16949.0000  16949.0000
  16949.0000  16949.0000  16949.0000  16949.0000  16949.0000  16949.0000
  16949.0000  16949.0000  16949.0000  16949.0000  16949.0000  16949.0000
  16949.0000  16949.0000  16949.0000  16949.0000  16949.0000  16949.0000
  16949.0000  16949.0000  16949.0000  16949.0000  16949.0000  16949.0000
  16949.0000  16949.0000  16949.0000  16949.0000  16949.0000  16949.0000
  16949.0000  16949.0000  16949.0000  16949.0000  16949.0000  16949.0000
  16949.0000  16949.0000  16949.0000  16949.0000  16949.0000  16949.0000
  16949.0000  16949.0000  16949.0000  16949.0000  16949.0000  16949.0000
  16949.0000  16949.0000  16949.0000  16949.0000  16949.0000  16949.0000

  USINE N]**- N.USSH   **   0           0.0000
      0.0000      0.0000      0.0000      0.0000      0.0000      0.0000
      0.0000      0.0000      0.0000      0.0000      0.0000      0.0000
      0.0000      0.0000      0.0000      0.0000      0.0000      0.0000
      0.0000      0.0000      0.0000      0.0000      0.0000      0.0000
      0.0000      0.0000      0.0000      0.0000      0.0000      0.0000
      0.0000      0.0000      0.0000      0.0000      0.0000      0.0000
      0.0000      0.0000      0.0000      0.0000      0.0000      0.0000
      0.0000      0.0000      0.0000      0.0000      0.0000      0.0000
      0.0000      0.0000      0.0000      0.0000      0.0000      0.0000
      0.0000      0.0000      0.0000      0.0000      0.0000      0.0000
      0.0000      0.0000      0.0000      0.0000      0.0000      0.0000
      0.0000      0.0000      0.0000      0.0000      0.0000      0.0000
      0.0000      0.0000      0.0000      0.0000      0.0000      0.0000
      0.0000      0.0000      0.0000      0.0000      0.0000      0.0000
      0.0000      0.0000      0.0000      0.0000      0.0000      0.0000
      0.0000      0.0000      0.0000      0.0000      0.0000      0.0000

      0.0000      0.0000      0.0000      0.0000      0.0000      0.0000
      0.0000      0.0000      0.0000      0.0000      0.0000      0.0000
      0.0000      0.0000      0.0000      0.0000      0.0000      0.0000
      0.0000      0.0000      0.0000      0.0000      0.0000      0.0000
      0.0000      0.0000      0.0000      0.0000      0.0000      0.0000
      0.0000      0.0000      0.0000      0.0000      0.0000      0.0000
      0.0000      0.0000      0.0000      0.0000      0.0000      0.0000
      0.0000      0.0000      0.0000      0.0000      0.0000      0.0000
      0.0000      0.0000      0.0000      0.0000      0.0000      0.0000
      0.0000      0.0000      0.0000      0.0000      0.0000      0.0000
      0.0000      0.0000      0.0000      0.0000      0.0000      0.0000
      0.0000      0.0000      0.0000      0.0000      0.0000      0.0000
      0.0000      0.0000      0.0000      0.0000      0.0000      0.0000
      0.0000      0.0000      0.0000      0.0000      0.0000      0.0000
      0.0000      0.0000      0.0000      0.0000      0.0000      0.0000
      0.0000      0.0000      0.0000      0.0000      0.0000      0.0000

   DONNEES POUR LA VALLEE N]32-AUDE     DATE: 07/09/09     2 USINE(S)     2 RESERVOIR(S)
  LAC N]**- PUYVAR     0.1000E+04     14.580           0.0000
   2933.0000   2933.0000   2933.0000   2933.0000   2933.0000   2933.0000
   2933.0000   2933.0000   2933.0000   2933.0000   2933.0000   2933.0000
   2933.0000   2933.0000   2933.0000   2933.0000   2933.0000   2933.0000
   2933.0000   2933.0000   2933.0000   2933.0000   2933.0000   2933.0000
   2933.0000   2933.0000   2933.0000   2933.0000   2933.0000   2933.0000
   2933.0000   2933.0000   2933.0000   2933.0000   2933.0000   2933.0000
   2933.0000   2933.0000   2933.0000   2933.0000   2933.0000   2933.0000
   2933.0000   2933.0000   2933.0000   2933.0000   2933.0000   2933.0000
   2933.0000   2933.0000   2933.0000   2933.0000   2933.0000   2933.0000
   2933.0000   2933.0000   2933.0000   2933.0000   2933.0000   2933.0000
   2933.0000   2933.0000   2933.0000   2933.0000   2933.0000   2933.0000
   2933.0000   2933.0000   2933.0000   2933.0000   2933.0000   2933.0000
   2933.0000   2933.0000   2933.0000   2933.0000   2933.0000   2933.0000
   2933.0000   2933.0000   2933.0000   2933.0000   2933.0000   2933.0000
   2933.0000   2933.0000   2933.0000   2933.0000   2933.0000   2933.0000
   2933.0000   2933.0000   2933.0000   2933.0000   2933.0000   2933.0000

  LAC N]**- NENTIR     0.1000E+04      0.000           0.0000
      0.0000      0.0000      0.0000      0.0000      0.0000      0.0000
      0.0000      0.0000      0.0000      0.0000      0.0000      0.0000
      0.0000      0.0000      0.0000      0.0000      0.0000      0.0000
      0.0000      0.0000      0.0000      0.0000      0.0000      0.0000
      0.0000      0.0000      0.0000      0.0000      0.0000      0.0000
      0.0000      0.0000      0.0000      0.0000      0.0000      0.0000
      0.0000      0.0000      0.0000      0.0000      0.0000      0.0000
      0.0000      0.0000      0.0000      0.0000      0.0000      0.0000
      0.0000      0.0000      0.0000      0.0000      0.0000      0.0000
      0.0000      0.0000      0.0000      0.0000      0.0000      0.0000
      0.0000      0.0000      0.0000      0.0000      0.0000      0.0000
      0.0000      0.0000      0.0000      0.0000      0.0000      0.0000
      0.0000      0.0000      0.0000      0.0000      0.0000      0.0000
      0.0000      0.0000      0.0000      0.0000      0.0000      0.0000
      0.0000      0.0000      0.0000      0.0000      0.0000      0.0000
      0.0000      0.0000      0.0000      0.0000      0.0000      0.0000

  USINE N]**- ESCO2H   **  **           0.0000
      0.0000      0.0000      0.0000      0.0000      0.0000      0.0000
      0.0000      0.0000      0.0000      0.0000      0.0000      0.0000
      0.0000      0.0000      0.0000      0.0000      0.0000      0.0000
      0.0000      0.0000      0.0000      0.0000      0.0000      0.0000
      0.0000      0.0000      0.0000      0.0000      0.0000      0.0000
      0.0000      0.0000      0.0000      0.0000      0.0000      0.0000
      0.0000      0.0000      0.0000      0.0000      0.0000      0.0000
      0.0000      0.0000      0.0000      0.0000      0.0000      0.0000
      0.0000      0.0000      0.0000      0.0000      0.0000      0.0000
      0.0000      0.0000      0.0000      0.0000      0.0000      0.0000
      0.0000      0.0000      0.0000      0.0000      0.0000      0.0000
      0.0000      0.0000      0.0000      0.0000      0.0000      0.0000
      0.0000      0.0000      0.0000      0.0000      0.0000      0.0000
      0.0000      0.0000      0.0000      0.0000      0.0000      0.0000
      0.0000      0.0000      0.0000      0.0000      0.0000      0.0000
      0.0000      0.0000      0.0000      0.0000      0.0000      0.0000

      0.0000      0.0000      0.0000      0.0000      0.0000      0.0000
      0.0000      0.0000      0.0000      0.0000      0.0000      0.0000
      0.0000      0.0000      0.0000      0.0000      0.0000      0.0000
      0.0000      0.0000      0.0000      0.0000      0.0000      0.0000
      0.0000      0.0000      0.0000      0.0000      0.0000      0.0000
      0.0000      0.0000      0.0000      0.0000      0.0000      0.0000
      0.0000      0.0000      0.0000      0.0000      0.0000      0.0000
      0.0000      0.0000      0.0000      0.0000      0.0000      0.0000
      0.0000      0.0000      0.0000      0.0000      0.0000      0.0000
      0.0000      0.0000      0.0000      0.0000      0.0000      0.0000
      0.0000      0.0000      0.0000      0.0000      0.0000      0.0000
      0.0000      0.0000      0.0000      0.0000      0.0000      0.0000
      0.0000      0.0000      0.0000      0.0000      0.0000      0.0000
      0.0000      0.0000      0.0000      0.0000      0.0000      0.0000
      0.0000      0.0000      0.0000      0.0000      0.0000      0.0000
      0.0000      0.0000      0.0000      0.0000      0.0000      0.0000

  USINE N]**- NENTIH   **   0           0.0000
      0.0000      0.0000      0.0000      0.0000      0.0000      0.0000
      0.0000      0.0000      0.0000      0.0000      0.0000      0.0000
      0.0000      0.0000      0.0000      0.0000      0.0000      0.0000
      0.0000      0.0000      0.0000      0.0000      0.0000      0.0000
      0.0000      0.0000      0.0000      0.0000      0.0000      0.0000
      0.0000      0.0000      0.0000      0.0000      0.0000      0.0000
      0.0000      0.0000      0.0000      0.0000      0.0000      0.0000
      0.0000      0.0000      0.0000      0.0000      0.0000      0.0000
      0.0000      0.0000      0.0000      0.0000      0.0000      0.0000
      0.0000      0.0000      0.0000      0.0000      0.0000      0.0000
      0.0000      0.0000      0.0000      0.0000      0.0000      0.0000
      0.0000      0.0000      0.0000      0.0000      0.0000      0.0000
      0.0000      0.0000      0.0000      0.0000      0.0000      0.0000
      0.0000      0.0000      0.0000      0.0000      0.0000      0.0000
      0.0000      0.0000      0.0000      0.0000      0.0000      0.0000
      0.0000      0.0000      0.0000      0.0000      0.0000      0.0000

      0.0000      0.0000      0.0000      0.0000      0.0000      0.0000
      0.0000      0.0000      0.0000      0.0000      0.0000      0.0000
      0.0000      0.0000      0.0000      0.0000      0.0000      0.0000
      0.0000      0.0000      0.0000      0.0000      0.0000      0.0000
      0.0000      0.0000      0.0000      0.0000      0.0000      0.0000
      0.0000      0.0000      0.0000      0.0000      0.0000      0.0000
      0.0000      0.0000      0.0000      0.0000      0.0000      0.0000
      0.0000      0.0000      0.0000      0.0000      0.0000      0.0000
      0.0000      0.0000      0.0000      0.0000      0.0000      0.0000
      0.0000      0.0000      0.0000      0.0000      0.0000      0.0000
      0.0000      0.0000      0.0000      0.0000      0.0000      0.0000
      0.0000      0.0000      0.0000      0.0000      0.0000      0.0000
      0.0000      0.0000      0.0000      0.0000      0.0000      0.0000
      0.0000      0.0000      0.0000      0.0000      0.0000      0.0000
      0.0000      0.0000      0.0000      0.0000      0.0000      0.0000
      0.0000      0.0000      0.0000      0.0000      0.0000      0.0000

