'CONSO' '07/09/2009' '13:25' 
'08/09/2009' 
'CONSOMMATION' 
 4.51170903E+04 
 4.59105942E+04  4.36505942E+04  4.44420061E+04  4.39460061E+04  4.40837061E+04  4.19317061E+04 
 4.20671062E+04  4.13611062E+04  4.13121062E+04  4.16141062E+04  4.34821062E+04  4.46011062E+04 
 4.52351062E+04  4.76031062E+04  4.94761062E+04  5.09710537E+04  5.14570537E+04  5.22512537E+04 
 5.21272537E+04  5.25402537E+04  5.30743536E+04  5.35406736E+04  5.36243736E+04  5.42333736E+04 
 5.32077736E+04  5.39367736E+04  5.32834536E+04  5.32822536E+04  5.30302536E+04  5.26192536E+04 
 5.19772536E+04  5.18472536E+04  5.06962536E+04  5.05422536E+04  5.03652536E+04  5.02052536E+04 
 4.97002536E+04  5.08802536E+04  5.05322536E+04  5.11532536E+04  5.12778536E+04  5.13698536E+04 
 5.05738536E+04  4.89481736E+04  4.82775736E+04  5.02845736E+04  4.77392536E+04  4.66382536E+04 
 4.82500536E+04  4.58610536E+04  4.63130536E+04  4.56860536E+04  4.61750536E+04  4.47570536E+04 
 4.54000536E+04  4.46920536E+04  4.46360536E+04  4.49380536E+04  4.51964536E+04  4.63074536E+04 
 4.66534536E+04  4.89234536E+04  4.94408537E+04  5.11658537E+04  5.20168537E+04  5.30295537E+04 
 5.30635537E+04  5.36765537E+04  5.42806536E+04  5.44269736E+04  5.53006736E+04  5.59166736E+04 
 5.51230736E+04  5.59190736E+04  5.52937536E+04  5.56355536E+04  5.55335536E+04  5.47025536E+04 
 5.48645536E+04  5.43040536E+04  5.36880536E+04  5.31860536E+04  5.28990536E+04  5.26050536E+04 
 5.27390536E+04  5.35910536E+04  5.35250536E+04  5.37641536E+04  5.43647536E+04  5.43335537E+04 
 5.31095537E+04  5.13907736E+04  5.11381737E+04  5.28923736E+04  4.97090536E+04  4.86163537E+04 
'PRIMAIRE' 
 5.71157034E+02 
 5.42624546E+02  5.47624546E+02  5.48649807E+02  5.48649807E+02  5.49674831E+02  5.48649807E+02 
 5.50374831E+02  5.50374831E+02  5.50374831E+02  5.50374831E+02  5.49349807E+02  5.50374831E+02 
 5.34704577E+02  5.35029602E+02  5.33654608E+02  5.32629614E+02  5.19779626E+02  5.19779626E+02 
 5.16004193E+02  5.16004193E+02  5.14979168E+02  5.12979168E+02  5.07979168E+02  5.07979168E+02 
 4.95454205E+02  4.96479168E+02  5.11954205E+02  5.11954205E+02  5.11954205E+02  5.11954205E+02 
 5.13679589E+02  5.14379589E+02  5.14379589E+02  5.14379589E+02  5.14379589E+02  5.14379589E+02 
 5.14379589E+02  5.15404614E+02  5.15104614E+02  5.15104614E+02  5.15429577E+02  5.15429577E+02 
 5.14404614E+02  5.14404614E+02  5.25979577E+02  5.22004602E+02  5.24054589E+02  5.23029626E+02 
 5.39724843E+02  5.44724843E+02  5.45749807E+02  5.45749807E+02  5.47674831E+02  5.46649807E+02 
 5.48374831E+02  5.48374831E+02  5.48374831E+02  5.48374831E+02  5.47349807E+02  5.48374831E+02 
 5.32704577E+02  5.33029602E+02  5.31654608E+02  5.30629614E+02  5.17779626E+02  5.17779626E+02 
 5.14304193E+02  5.14304193E+02  5.13279168E+02  5.13279168E+02  5.12979168E+02  5.07979168E+02 
 4.95454205E+02  4.96479168E+02  5.11954205E+02  5.11954205E+02  5.11954205E+02  5.11954205E+02 
 5.13679589E+02  5.14379589E+02  5.14379589E+02  5.14929589E+02  5.14929589E+02  5.14929589E+02 
 5.14929589E+02  5.15404614E+02  5.15404614E+02  5.15104614E+02  5.15429577E+02  5.15429577E+02 
 5.14404614E+02  5.14404614E+02  5.25979577E+02  5.22004602E+02  5.24054589E+02  5.23029626E+02 
'TELEREGLAGE' 
 6.39000000E+02 
 8.71250000E+02  5.63750000E+02  5.63750000E+02  5.63750000E+02  5.63750000E+02  5.63750000E+02 
 5.63750000E+02  5.63750000E+02  5.63750000E+02  5.63750000E+02  5.63750000E+02  5.63750000E+02 
 6.15000000E+02  7.68750000E+02  7.68750000E+02  6.13974976E+02  6.13974976E+02  6.13974976E+02 
 6.13974976E+02  6.13974976E+02  6.13974976E+02  6.13974976E+02  6.13974976E+02  6.13974976E+02 
 6.13974976E+02  6.13974976E+02  6.13974976E+02  6.13974976E+02  6.13974976E+02  6.13974976E+02 
 6.13974976E+02  6.13974976E+02  6.13974976E+02  6.13974976E+02  6.13974976E+02  6.13974976E+02 
 6.13974976E+02  6.13974976E+02  6.13974976E+02  7.67724976E+02  7.67724976E+02  6.13974976E+02 
 6.13974976E+02  6.13974976E+02  6.13974976E+02  7.16474976E+02  7.17500000E+02  6.15000000E+02 
 8.71250000E+02  5.63750000E+02  5.63750000E+02  5.63750000E+02  5.63750000E+02  5.63750000E+02 
 5.63750000E+02  5.63750000E+02  5.63750000E+02  5.63750000E+02  5.63750000E+02  5.63750000E+02 
 6.15000000E+02  7.68750000E+02  7.68750000E+02  6.13974976E+02  6.13974976E+02  6.13974976E+02 
 6.13974976E+02  6.13974976E+02  6.13974976E+02  6.13974976E+02  6.13974976E+02  6.13974976E+02 
 6.13974976E+02  6.13974976E+02  6.13974976E+02  6.13974976E+02  6.13974976E+02  6.13974976E+02 
 6.13974976E+02  6.13974976E+02  6.13974976E+02  6.13974976E+02  6.13974976E+02  6.13974976E+02 
 6.13974976E+02  6.13974976E+02  6.13974976E+02  7.67724976E+02  7.67724976E+02  6.13974976E+02 
 6.13974976E+02  6.13974976E+02  6.13974976E+02  7.16474976E+02  7.17500000E+02  6.15000000E+02 
'RESERVE' 
 0.00000000E+00 
 0.00000000E+00  0.00000000E+00  0.00000000E+00  0.00000000E+00  0.00000000E+00  0.00000000E+00 
 0.00000000E+00  0.00000000E+00  0.00000000E+00  0.00000000E+00  0.00000000E+00  0.00000000E+00 
 0.00000000E+00  0.00000000E+00  0.00000000E+00  0.00000000E+00  0.00000000E+00  0.00000000E+00 
 0.00000000E+00  0.00000000E+00  0.00000000E+00  0.00000000E+00  0.00000000E+00  0.00000000E+00 
 0.00000000E+00  0.00000000E+00  0.00000000E+00  0.00000000E+00  0.00000000E+00  0.00000000E+00 
 0.00000000E+00  0.00000000E+00  0.00000000E+00  0.00000000E+00  0.00000000E+00  0.00000000E+00 
 0.00000000E+00  0.00000000E+00  0.00000000E+00  0.00000000E+00  0.00000000E+00  0.00000000E+00 
 0.00000000E+00  0.00000000E+00  0.00000000E+00  0.00000000E+00  0.00000000E+00  0.00000000E+00 
 0.00000000E+00  0.00000000E+00  0.00000000E+00  0.00000000E+00  0.00000000E+00  0.00000000E+00 
 0.00000000E+00  0.00000000E+00  0.00000000E+00  0.00000000E+00  0.00000000E+00  0.00000000E+00 
 0.00000000E+00  0.00000000E+00  0.00000000E+00  0.00000000E+00  0.00000000E+00  0.00000000E+00 
 0.00000000E+00  0.00000000E+00  0.00000000E+00  0.00000000E+00  0.00000000E+00  0.00000000E+00 
 0.00000000E+00  0.00000000E+00  0.00000000E+00  0.00000000E+00  0.00000000E+00  0.00000000E+00 
 0.00000000E+00  0.00000000E+00  0.00000000E+00  0.00000000E+00  0.00000000E+00  0.00000000E+00 
 0.00000000E+00  0.00000000E+00  0.00000000E+00  0.00000000E+00  0.00000000E+00  0.00000000E+00 
 0.00000000E+00  0.00000000E+00  0.00000000E+00  0.00000000E+00  0.00000000E+00  0.00000000E+00 
'COUT_MAR_CONSO' 
 1.69563007E+01 
 4.76484985E+01  3.33937988E+01  3.65558014E+01  3.63802986E+01  3.72977982E+01 -1.79183998E+01 
 3.26615982E+01 -4.71700013E-01  5.42589998E+00  2.14874992E+01  1.54376001E+01  3.18090992E+01 
 3.41412010E+01  4.71403008E+01  4.56867981E+01  5.14140015E+01  5.56403008E+01  5.55592995E+01 
 5.92589989E+01  6.02545013E+01  6.08832016E+01  6.24356995E+01  6.53480988E+01  6.96636963E+01 
 6.49441986E+01  6.86242981E+01  6.53561020E+01  6.44427032E+01  6.64553986E+01  6.30609016E+01 
 5.82882996E+01  5.56482010E+01  5.53846016E+01  5.52192001E+01  5.33476982E+01  5.19410019E+01 
 5.16116982E+01  5.35927010E+01  5.24819984E+01  5.33578987E+01  5.20357018E+01  5.29621010E+01 
 5.16912003E+01  5.12448997E+01  4.68629990E+01  5.32809982E+01  4.67251015E+01  3.94043007E+01 
 4.39612999E+01  3.29835014E+01  3.37322998E+01  3.30159988E+01  3.31684990E+01  1.52374001E+01 
 3.43602982E+01  3.02525005E+01  1.08954000E+01  3.11569004E+01  3.26216011E+01  3.58088989E+01 
 3.50029984E+01  4.29516983E+01  4.53130989E+01  4.73092995E+01  5.42151985E+01  5.39700012E+01 
 5.79939995E+01  6.41798019E+01  6.57617035E+01  6.48815002E+01  6.78647003E+01  7.07011032E+01 
 6.41813965E+01  6.97823029E+01  6.50930023E+01  6.63594971E+01  6.35299988E+01  6.05107994E+01 
 5.71846008E+01  5.39542999E+01  5.98897018E+01  5.38384018E+01  5.28499985E+01  5.24522018E+01 
 5.17318001E+01  5.45658989E+01  5.16306992E+01  5.21869011E+01  5.46324005E+01  5.50932999E+01 
 5.22130013E+01  5.09580002E+01  4.76570015E+01  5.23451004E+01  4.20889015E+01  2.70517998E+01 
'COUT_MAR_RESER' 
 0.00000000E+00 
 0.00000000E+00  0.00000000E+00  0.00000000E+00  0.00000000E+00  0.00000000E+00  0.00000000E+00 
 0.00000000E+00  0.00000000E+00  0.00000000E+00  0.00000000E+00  0.00000000E+00  0.00000000E+00 
 0.00000000E+00  0.00000000E+00  0.00000000E+00  0.00000000E+00  0.00000000E+00  0.00000000E+00 
 0.00000000E+00  0.00000000E+00  0.00000000E+00  0.00000000E+00  0.00000000E+00  0.00000000E+00 
 0.00000000E+00  0.00000000E+00  0.00000000E+00  0.00000000E+00  0.00000000E+00  0.00000000E+00 
 0.00000000E+00  0.00000000E+00  0.00000000E+00  0.00000000E+00  0.00000000E+00  0.00000000E+00 
 0.00000000E+00  0.00000000E+00  0.00000000E+00  0.00000000E+00  0.00000000E+00  0.00000000E+00 
 0.00000000E+00  0.00000000E+00  0.00000000E+00  0.00000000E+00  0.00000000E+00  0.00000000E+00 
 0.00000000E+00  0.00000000E+00  0.00000000E+00  0.00000000E+00  0.00000000E+00  0.00000000E+00 
 0.00000000E+00  0.00000000E+00  0.00000000E+00  0.00000000E+00  0.00000000E+00  0.00000000E+00 
 0.00000000E+00  0.00000000E+00  0.00000000E+00  0.00000000E+00  0.00000000E+00  0.00000000E+00 
 0.00000000E+00  0.00000000E+00  0.00000000E+00  0.00000000E+00  0.00000000E+00  0.00000000E+00 
 0.00000000E+00  0.00000000E+00  0.00000000E+00  0.00000000E+00  0.00000000E+00  0.00000000E+00 
 0.00000000E+00  0.00000000E+00  0.00000000E+00  0.00000000E+00  0.00000000E+00  0.00000000E+00 
 0.00000000E+00  0.00000000E+00  0.00000000E+00  0.00000000E+00  0.00000000E+00  0.00000000E+00 
 0.00000000E+00  0.00000000E+00  0.00000000E+00  0.00000000E+00  0.00000000E+00  0.00000000E+00 
'COUT_MAR_PRIMAIRE' 
 3.54383011E+01 
 3.26690006E+00  3.72601013E+01  7.11709976E+00  2.40695992E+01  1.80564995E+01  1.37605000E+01 
 5.56250000E+00  1.45060997E+01  1.38350000E+01  1.32187004E+01  9.52219963E+00  2.64671001E+01 
 3.47813988E+01  3.61366005E+01  3.65271988E+01  5.32700005E+01  4.64911003E+01  4.43097000E+01 
 4.14380989E+01  4.06021996E+01  4.65190010E+01  4.46669998E+01  3.05105000E+01  5.88479996E+00 
 3.94640999E+01  1.79799998E+00  4.65413017E+01  5.23059998E+01  3.77513008E+01  4.48708000E+01 
 4.05079994E+01  4.08843002E+01  3.59059982E+01  3.76184998E+01  4.09681015E+01  6.90440979E+01 
 6.20490990E+01  2.89048996E+01  5.01563988E+01  1.53678999E+01  1.52904997E+01  3.99333000E+01 
 4.03958015E+01  5.21581001E+01  7.92230988E+01  8.96650028E+00  4.54113998E+01  4.81072998E+01 
 1.55057001E+01  3.33109016E+01  2.54811001E+01  3.99977989E+01  3.67230988E+01  2.14673996E+01 
 2.49869995E+01  3.30059013E+01  4.37999001E+01  2.87180004E+01  1.79706001E+01  3.28258018E+01 
 2.73327007E+01  2.01807995E+01  3.53577995E+01  4.17202988E+01  1.82150993E+01  7.20532990E+01 
 6.32543983E+01  4.65805016E+01  5.19920998E+01  4.80253983E+01  1.61548004E+01  1.67069995E+00 
 3.41192017E+01  9.26900029E-01  4.12491989E+01  2.60939999E+01  6.79339981E+00  4.23035011E+01 
 6.54809036E+01  8.94064026E+01  2.97449994E+00  3.87004013E+01  5.57897987E+01  6.31761017E+01 
 5.78336983E+01  2.93043003E+01  4.09267006E+01  3.07933006E+01  5.23369980E+00  1.71819992E+01 
 3.95730019E+01  4.92817001E+01  6.61769028E+01  1.64722996E+01  4.50461998E+01  4.65910988E+01 
'COUT_MAR_TELER' 
 5.46599998E+01 
 1.25520003E+00  2.22684994E+01  1.86968002E+01  1.90552998E+01  1.44452000E+01  1.27302999E+01 
 8.33199978E-01  1.15186996E+01  1.15186996E+01  4.31799984E+00  5.53941994E+01  2.81707001E+01 
 2.64552002E+01  4.26271019E+01  3.78072014E+01  3.52818985E+01  2.66863003E+01  2.61623993E+01 
 2.07502003E+01  1.70690994E+01  1.47054996E+01  8.98579979E+00  6.52960014E+00  1.84150004E+00 
 6.37220001E+00  4.72240019E+00  4.84779978E+00  4.06799984E+00  1.04809999E+00  7.42080021E+00 
 1.30501003E+01  1.69396000E+01  1.93306007E+01  2.45527992E+01  2.40884991E+01  2.19557991E+01 
 2.67784996E+01  2.88703003E+01  2.94683990E+01  4.58218994E+01  4.38585014E+01  3.08934002E+01 
 3.27165985E+01  3.70483017E+01  3.78754997E+01  3.28988991E+01  3.49056015E+01  5.24183006E+01 
 1.51371002E+01  3.08243008E+01  3.22958984E+01  2.86641998E+01  2.70431995E+01  5.58064003E+01 
 1.81560001E+01  2.29780998E+01  6.09874992E+01  2.74752998E+01  3.10860996E+01  2.32296009E+01 
 3.05340004E+01  2.99776993E+01  3.18906002E+01  3.51861000E+01  3.37277985E+01  1.63099995E+01 
 1.23676996E+01  3.52699995E+00  4.29969978E+00  1.97469997E+00  4.86699998E-01  7.65600026E-01 
 7.09969997E+00  5.65170002E+00  2.82870007E+00  1.02880001E+00  1.33411999E+01  7.23549986E+00 
 1.16330004E+01  9.27560043E+00  2.00340004E+01  2.45424995E+01  2.50347996E+01  2.07768993E+01 
 2.98511009E+01  2.39442997E+01  2.61522999E+01  4.20122986E+01  4.07626991E+01  2.55193005E+01 
 3.65476990E+01  3.85043983E+01  4.04315987E+01  3.91297989E+01  3.38802986E+01  6.31419983E+01 
'FIN' 
