'PLANETA' '07/09/2009' '13:25' 
'08/09/2009' 
'BLAYAT 1' 
0 0 0 
'BLAYAT 1' 
1 
4 
5 
0 
1440 28800 3 5 
0 0 3 -1000 
'BLAYAT 2' 
0 0 0 
'BLAYAT 2' 
1 
0 
-1000 
0 
30 0 3 -1000 
0 0 3 -1000 
'BLAYAT 3' 
0 0 0 
'BLAYAT 3' 
1 
4 
4 
0 
1440 28800 3 4 
0 0 3 -1000 
'BLAYAT 4' 
0 0 0 
'BLAYAT 4' 
1 
0 
-1000 
0 
1440 28800 3 -1000 
0 0 3 -1000 
'BUGEYT 2' 
0 0 0 
'BUGEYT 2' 
1 
4 
2 
3 
1440 13350 3 2 
0 0 3 -1000 
'BUGEYT 3' 
0 0 0 
'BUGEYT 3' 
1 
0 
-1000 
0 
1440 11490 3 -1000 
0 0 3 -1000 
'BUGEYT 4' 
0 0 0 
'BUGEYT 4' 
1 
0 
-1000 
0 
1440 28800 3 -1000 
0 0 3 -1000 
'BUGEYT 5' 
0 0 0 
'BUGEYT 5' 
1 
4 
2 
0 
480 28800 3 2 
0 0 3 -1000 
'BVIL7T 1' 
0 0 0 
'BVIL7T 1' 
1 
4 
2 
1 
180 2820 3 2 
0 0 3 -1000 
'BVIL7T 2' 
0 0 0 
'BVIL7T 2' 
1 
0 
-1000 
0 
1440 28800 3 -1000 
0 0 3 -1000 
'CATTET 1' 
0 0 0 
'CATTET 1' 
1 
4 
6 
1 
150 1350 3 6 
0 0 3 -1000 
'CATTET 2' 
0 0 0 
'CATTET 2' 
1 
4 
6 
0 
960 1380 3 6 
0 0 3 -1000 
'CATTET 3' 
0 0 0 
'CATTET 3' 
1 
0 
-1000 
0 
1440 11490 3 -1000 
0 0 3 -1000 
'CATTET 4' 
0 0 0 
'CATTET 4' 
1 
4 
6 
0 
870 28800 3 6 
0 0 3 -1000 
'CHIN2T 1' 
0 0 0 
'CHIN2T 1' 
1 
0 
-1000 
0 
1440 28800 3 -1000 
0 0 3 -1000 
'CHIN2T 2' 
0 0 0 
'CHIN2T 2' 
1 
4 
5 
0 
1440 28800 3 5 
0 0 3 -1000 
'CHIN2T 3' 
0 0 0 
'CHIN2T 3' 
1 
0 
-1000 
0 
1440 28800 3 -1000 
0 0 3 -1000 
'CHIN2T 4' 
0 0 0 
'CHIN2T 4' 
1 
4 
5 
0 
150 28800 3 5 
0 0 3 -1000 
'CHOO2T 1' 
0 0 0 
'CHOO2T 1' 
1 
4 
6 
3 
180 28800 3 6 
0 0 3 -1000 
'CHOO2T 2' 
0 0 0 
'CHOO2T 2' 
1 
4 
6 
3 
1050 28800 3 6 
0 0 3 -1000 
'CIVAUT 1' 
0 0 0 
'CIVAUT 1' 
1 
4 
6 
0 
1440 28800 3 6 
0 0 3 -1000 
'CIVAUT 2' 
0 0 0 
'CIVAUT 2' 
1 
0 
-1000 
0 
1440 28800 3 -1000 
0 0 3 -1000 
'CRUA5T 1' 
0 0 0 
'CRUA5T 1' 
1 
4 
5 
0 
1440 28800 3 5 
0 0 3 -1000 
'CRUA5T 2' 
0 0 0 
'CRUA5T 2' 
1 
4 
5 
0 
1440 28800 3 5 
0 0 3 -1000 
'CRUA5T 3' 
0 0 0 
'CRUA5T 3' 
1 
0 
-1000 
0 
1440 24330 3 -1000 
0 0 3 -1000 
'CRUA5T 4' 
0 0 0 
'CRUA5T 4' 
1 
4 
5 
0 
990 28800 3 5 
0 0 3 -1000 
'D.BURT 1' 
0 0 0 
'D.BURT 1' 
1 
4 
4 
1 
150 14790 3 4 
0 0 3 -1000 
'D.BURT 2' 
0 0 0 
'D.BURT 2' 
1 
4 
6 
2 
120 28800 3 6 
0 0 3 -1000 
'D.BURT 3' 
0 0 0 
'D.BURT 3' 
1 
0 
-1000 
0 
1440 28800 3 -1000 
0 0 3 -1000 
'D.BURT 4' 
0 0 0 
'D.BURT 4' 
1 
4 
5 
0 
150 4260 3 5 
0 0 3 -1000 
'FESS5T 1' 
0 0 0 
'FESS5T 1' 
1 
4 
5 
0 
1440 28800 3 5 
0 0 3 -1000 
'FESS5T 2' 
0 0 0 
'FESS5T 2' 
1 
0 
-1000 
0 
1440 28800 3 -1000 
0 0 3 -1000 
'FLAMAT 1' 
0 0 0 
'FLAMAT 1' 
1 
0 
-1000 
0 
1440 4260 3 -1000 
0 0 3 -1000 
'FLAMAT 2' 
0 0 0 
'FLAMAT 2' 
1 
4 
6 
1 
150 12120 3 6 
0 0 3 -1000 
'GOLF5T 1' 
0 0 0 
'GOLF5T 1' 
1 
4 
6 
0 
30 2400 3 6 
0 0 3 -1000 
'GOLF5T 2' 
0 0 0 
'GOLF5T 2' 
1 
4 
2 
1 
660 14340 3 2 
0 0 3 -1000 
'GRAV5T 1' 
0 0 0 
'GRAV5T 1' 
1 
0 
-1000 
0 
1440 1410 3 -1000 
0 0 3 -1000 
'GRAV5T 2' 
0 0 0 
'GRAV5T 2' 
1 
4 
5 
3 
1440 5700 3 5 
0 0 3 -1000 
'GRAV5T 3' 
0 0 0 
'GRAV5T 3' 
1 
4 
5 
0 
1440 28800 3 5 
0 0 3 -1000 
'GRAV5T 4' 
0 0 0 
'GRAV5T 4' 
1 
4 
4 
1 
180 28800 3 4 
0 0 3 -1000 
'GRAV5T 5' 
0 0 0 
'GRAV5T 5' 
1 
4 
5 
0 
90 1380 3 5 
0 0 3 -1000 
'GRAV5T 6' 
0 0 0 
'GRAV5T 6' 
1 
4 
6 
0 
90 28800 3 6 
0 0 3 -1000 
'N.SE5T 1' 
0 0 0 
'N.SE5T 1' 
1 
0 
-1000 
0 
1440 11490 3 -1000 
0 0 3 -1000 
'N.SE5T 2' 
0 0 0 
'N.SE5T 2' 
1 
0 
-1000 
0 
1440 28800 3 -1000 
0 0 3 -1000 
'PALUET 1' 
0 0 0 
'PALUET 1' 
1 
4 
6 
1 
60 3300 3 6 
0 0 3 -1000 
'PALUET 2' 
0 0 0 
'PALUET 2' 
1 
4 
6 
0 
1440 28800 3 6 
0 0 3 -1000 
'PALUET 3' 
0 0 0 
'PALUET 3' 
1 
4 
6 
2 
60 28800 3 6 
0 0 3 -1000 
'PALUET 4' 
0 0 0 
'PALUET 4' 
1 
4 
6 
1 
180 2010 3 6 
0 0 3 -1000 
'PENLYT 1' 
0 0 0 
'PENLYT 1' 
1 
4 
6 
1 
60 28800 3 6 
0 0 3 -1000 
'PENLYT 2' 
0 0 0 
'PENLYT 2' 
1 
4 
6 
0 
1440 28800 3 6 
0 0 3 -1000 
'SSAL7T 1' 
0 0 0 
'SSAL7T 1' 
1 
4 
6 
0 
1440 28800 3 6 
0 0 3 -1000 
'SSAL7T 2' 
0 0 0 
'SSAL7T 2' 
1 
0 
-1000 
0 
1440 210 3 -1000 
0 0 3 -1000 
'SSEA2T 1' 
0 0 0 
'SSEA2T 1' 
1 
4 
5 
0 
1440 28800 3 5 
0 0 3 -1000 
'SSEA2T 2' 
0 0 0 
'SSEA2T 2' 
1 
4 
5 
0 
1440 28800 3 5 
0 0 3 -1000 
'TRICAT 1' 
0 0 0 
'TRICAT 1' 
1 
4 
5 
0 
1440 13650 3 5 
0 0 3 -1000 
'TRICAT 2' 
0 0 0 
'TRICAT 2' 
1 
4 
5 
0 
1440 4230 3 5 
0 0 3 -1000 
'TRICAT 3' 
0 0 0 
'TRICAT 3' 
1 
4 
5 
3 
1440 9750 3 5 
0 0 3 -1000 
'TRICAT 4' 
0 0 0 
'TRICAT 4' 
1 
0 
-1000 
0 
1440 24570 3 -1000 
0 0 3 -1000 
'PROVET 4' 
0 0 0 
'PROVET 4' 
1 
0 
-1000 
0 
1440 28800 3 -1000 
0 0 3 -1000 
'BLENOT 2' 
0 0 0 
'BLENOT 2' 
1 
4 
1 
2 
30 930 3 1 
0 0 3 -1000 
'BLENOT 3' 
0 0 0 
'BLENOT 3' 
1 
4 
1 
2 
30 960 3 1 
0 0 3 -1000 
'BLENOT 4' 
0 0 0 
'BLENOT 4' 
1 
0 
-1000 
0 
1440 28800 3 -1000 
0 0 3 -1000 
'BOUCHT 1' 
0 0 0 
'BOUCHT 1' 
1 
4 
1 
2 
90 1080 3 1 
0 0 3 -1000 
'CORD5T 4' 
0 0 0 
'CORD5T 4' 
1 
0 
-1000 
0 
1440 28800 3 -1000 
0 0 3 -1000 
'CORD5T 5' 
0 0 0 
'CORD5T 5' 
1 
4 
1 
1 
60 1020 3 1 
0 0 3 -1000 
'HAVRET 1' 
0 0 0 
'HAVRET 1' 
1 
4 
2 
1 
60 960 3 2 
0 0 3 -1000 
'HAVRET 2' 
0 0 0 
'HAVRET 2' 
1 
4 
1 
1 
120 1230 3 1 
0 0 3 -1000 
'HAVRET 4' 
0 0 0 
'HAVRET 4' 
1 
0 
-1000 
0 
1440 28800 3 -1000 
0 0 3 -1000 
'MAXE T 1' 
0 0 0 
'MAXE T 1' 
1 
4 
1 
1 
120 1080 3 1 
0 0 3 -1000 
'MAXE T 2' 
0 0 0 
'MAXE T 2' 
1 
4 
1 
1 
180 1050 3 1 
0 0 3 -1000 
'VITRYT 3' 
0 0 0 
'VITRYT 3' 
1 
0 
-1000 
0 
1440 6960 3 -1000 
0 0 3 -1000 
'VITRYT 4' 
0 0 0 
'VITRYT 4' 
1 
0 
-1000 
0 
1440 7230 3 -1000 
0 0 3 -1000 
'ARAMOT 1' 
0 0 0 
'ARAMOT 1' 
1 
0 
-1000 
0 
1440 28800 3 -1000 
0 0 3 -1000 
'ARAMOT 2' 
0 0 0 
'ARAMOT 2' 
1 
0 
-1000 
0 
1440 28800 3 -1000 
0 0 3 -1000 
'CORD5T 2' 
0 0 0 
'CORD5T 2' 
1 
4 
1 
0 
210 960 3 1 
0 0 3 -1000 
'CORD5T 3' 
0 0 0 
'CORD5T 3' 
1 
0 
-1000 
0 
1440 28800 3 -1000 
0 0 3 -1000 
'GENN3T 1' 
0 0 0 
'GENN3T 1' 
1 
0 
-1000 
0 
1440 28800 3 -1000 
0 0 3 -1000 
'M.PONT 1' 
0 0 0 
'M.PONT 1' 
1 
0 
-1000 
0 
1440 16260 3 -1000 
0 0 3 -1000 
'M.PONT 2' 
0 0 0 
'M.PONT 2' 
1 
0 
-1000 
0 
1440 28800 3 -1000 
0 0 3 -1000 
'M.PONT 3' 
0 0 0 
'M.PONT 3' 
1 
0 
-1000 
0 
1440 28800 3 -1000 
0 0 3 -1000 
'PORC2T 1' 
0 0 0 
'PORC2T 1' 
1 
0 
-1000 
0 
1440 8670 3 -1000 
0 0 3 -1000 
'PORC2T 2' 
0 0 0 
'PORC2T 2' 
1 
0 
-1000 
0 
1440 17580 3 -1000 
0 0 3 -1000 
'PORC2T 3' 
0 0 0 
'PORC2T 3' 
1 
0 
-1000 
0 
1440 28800 3 -1000 
0 0 3 -1000 
'PORC2T 4' 
0 0 0 
'PORC2T 4' 
1 
0 
-1000 
0 
1440 28800 3 -1000 
0 0 3 -1000 
'VAIR6T 1' 
0 0 0 
'VAIR6T 1' 
1 
0 
-1000 
0 
1440 19290 3 -1000 
0 0 3 -1000 
'VAIR6T 2' 
0 0 0 
'VAIR6T 2' 
1 
0 
-1000 
0 
1440 19290 3 -1000 
0 0 3 -1000 
'VAIR6T 3' 
0 0 0 
'VAIR6T 3' 
1 
0 
-1000 
0 
390 360 3 -1000 
0 0 3 -1000 
'PSMA.T 1' 
0 0 0 
'PSMA.T 1' 
1 
0 
-1000 
0 
60 30 3 -1000 
0 0 3 -1000 
'PSMA.T 2' 
0 0 0 
'PSMA.T 2' 
1 
0 
-1000 
0 
1440 28800 3 -1000 
0 0 3 -1000 
'PSMA.T 3' 
0 0 0 
'PSMA.T 3' 
1 
0 
-1000 
0 
1440 28800 3 -1000 
0 0 3 -1000 
'PCMA.T 9' 
0 0 0 
'PCMA.T 9' 
1 
0 
-1000 
0 
60 30 3 -1000 
0 0 3 -1000 
'PSAP.T 1' 
0 0 0 
'PSAP.T 1' 
1 
0 
-1000 
0 
60 30 3 -1000 
0 0 3 -1000 
'PS60.T 1' 
0 0 0 
'PS60.T 1' 
1 
0 
-1000 
0 
1440 28800 3 -1000 
0 0 3 -1000 
'PS25.T 1' 
0 0 0 
'PS25.T 1' 
1 
0 
-1000 
0 
1440 21630 3 -1000 
0 0 3 -1000 
'CGDPAT 1' 
0 0 0 
'CGDPAT 1' 
1 
0 
-1000 
0 
1440 28800 3 -1000 
0 0 3 -1000 
'CGDPBT 1' 
0 0 0 
'CGDPBT 1' 
1 
0 
-1000 
0 
1440 28800 3 -1000 
0 0 3 -1000 
'CGPTPT 1' 
0 0 0 
'CGPTPT 1' 
1 
0 
-1000 
0 
1440 28800 3 -1000 
0 0 3 -1000 
'CGPTPT 2' 
0 0 0 
'CGPTPT 2' 
1 
0 
-1000 
0 
1440 28800 3 -1000 
0 0 3 -1000 
'THPTPT 1' 
0 0 0 
'THPTPT 1' 
1 
0 
-1000 
0 
1440 28800 3 -1000 
0 0 3 -1000 
'AUPTPT 1' 
0 0 0 
'AUPTPT 1' 
1 
0 
-1000 
0 
1440 28800 3 -1000 
0 0 3 -1000 
'CGDTPT 1' 
0 0 0 
'CGDTPT 1' 
1 
0 
-1000 
0 
1440 28800 3 -1000 
0 0 3 -1000 
'CGDTXT 1' 
0 0 0 
'CGDTXT 1' 
1 
0 
-1000 
0 
1440 28800 3 -1000 
0 0 3 -1000 
'CGDRPT 1' 
0 0 0 
'CGDRPT 1' 
1 
0 
-1000 
0 
1440 28800 3 -1000 
0 0 3 -1000 
'DFEGST 1' 
0 0 0 
'DFEGST 1' 
1 
0 
-1000 
0 
1440 28800 3 -1000 
0 0 3 -1000 
'DSEGST 1' 
0 0 0 
'DSEGST 1' 
1 
0 
-1000 
0 
1440 28800 3 -1000 
0 0 3 -1000 
'DWEGST 1' 
0 0 0 
'DWEGST 1' 
1 
0 
-1000 
0 
1440 28800 3 -1000 
0 0 3 -1000 
'DWELDT 1' 
0 0 0 
'DWELDT 1' 
1 
0 
-1000 
0 
1440 28800 3 -1000 
0 0 3 -1000 
'DFELDT 1' 
0 0 0 
'DFELDT 1' 
1 
0 
-1000 
0 
1440 28800 3 -1000 
0 0 3 -1000 
'ARRI5T 1' 
0 0 0 
'ARRI5T 1' 
1 
0 
-1000 
0 
1440 28800 3 -1000 
0 0 3 -1000 
'ARRI5T 2' 
0 0 0 
'ARRI5T 2' 
1 
0 
-1000 
0 
1440 28800 3 -1000 
0 0 3 -1000 
'BRENNT 1' 
0 0 0 
'BRENNT 1' 
1 
0 
-1000 
0 
1440 28800 3 -1000 
0 0 3 -1000 
'BRENNT 2' 
0 0 0 
'BRENNT 2' 
1 
0 
-1000 
0 
1440 28800 3 -1000 
0 0 3 -1000 
'BRENNT 3' 
0 0 0 
'BRENNT 3' 
1 
0 
-1000 
0 
1440 28800 3 -1000 
0 0 3 -1000 
'DIRINT 1' 
0 0 0 
'DIRINT 1' 
1 
0 
-1000 
0 
1440 28800 3 -1000 
0 0 3 -1000 
'DIRINT 2' 
0 0 0 
'DIRINT 2' 
1 
0 
-1000 
0 
1440 27990 3 -1000 
0 0 3 -1000 
'PHENIT 1' 
0 0 0 
'PHENIT 1' 
1 
0 
-1000 
0 
1440 28800 3 -1000 
0 0 3 -1000 
'RICHET 0' 
0 0 0 
'RICHET 0' 
1 
0 
-1000 
0 
1440 28800 3 -1000 
0 0 3 -1000 
'VLEJUT 1' 
0 0 0 
'VLEJUT 1' 
1 
0 
-1000 
0 
1440 28800 3 -1000 
0 0 3 -1000 
'PI25.T 1' 
0 0 0 
'PI25.T 1' 
1 
0 
-1000 
0 
120 120 3 -1000 
0 0 3 -1000 
'PIMP.T 1' 
0 0 0 
'PIMP.T 1' 
1 
0 
-1000 
0 
120 120 3 -1000 
0 0 3 -1000 
'PSSA.T 1' 
0 0 0 
'PSSA.T 1' 
1 
0 
-1000 
0 
120 120 3 -1000 
0 0 3 -1000 
'CGHTAT 1' 
0 0 0 
'CGHTAT 1' 
1 
4 
1 
0 
1440 28800 3 1 
0 0 3 -1000 
'CGHTAT 2' 
0 0 0 
'CGHTAT 2' 
1 
0 
-1000 
0 
1440 28800 3 -1000 
0 0 3 -1000 
'CGHTBT 1' 
0 0 0 
'CGHTBT 1' 
1 
4 
2 
2 
1440 28800 3 2 
0 0 3 -1000 
'CGHTBT 2' 
0 0 0 
'CGHTBT 2' 
1 
0 
-1000 
0 
1440 28800 3 -1000 
0 0 3 -1000 
'PMAR.T 1' 
0 0 0 
'PMAR.T 1' 
1 
0 
-1000 
0 
120 120 3 -1000 
0 0 3 -1000 
'CGPTFT 1' 
0 0 0 
'CGPTFT 1' 
1 
0 
-1000 
0 
1440 28800 3 -1000 
0 0 3 -1000 
'CGPTFT 2' 
0 0 0 
'CGPTFT 2' 
1 
0 
-1000 
0 
1440 28800 3 -1000 
0 0 3 -1000 
'CGPTXT 1' 
0 0 0 
'CGPTXT 1' 
1 
4 
1 
0 
1440 28800 3 1 
0 0 3 -1000 
'CGPTXT 2' 
0 0 0 
'CGPTXT 2' 
1 
0 
-1000 
0 
1440 28800 3 -1000 
0 0 3 -1000 
'CGRPDT 1' 
0 0 0 
'CGRPDT 1' 
1 
4 
1 
0 
1440 7170 3 1 
0 0 3 -1000 
'CGRPDT 2' 
0 0 0 
'CGRPDT 2' 
1 
0 
-1000 
0 
1440 28800 3 -1000 
0 0 3 -1000 
'THPTFT 1' 
0 0 0 
'THPTFT 1' 
1 
0 
-1000 
0 
1440 28800 3 -1000 
0 0 3 -1000 
'THPTXT 1' 
0 0 0 
'THPTXT 1' 
1 
4 
1 
0 
1440 28800 3 1 
0 0 3 -1000 
'THRPDT 1' 
0 0 0 
'THRPDT 1' 
1 
4 
1 
0 
1440 28800 3 1 
0 0 3 -1000 
'EOPTFT 1' 
0 0 0 
'EOPTFT 1' 
1 
0 
-1000 
0 
1440 28800 3 -1000 
0 0 3 -1000 
'EOPTXT 1' 
0 0 0 
'EOPTXT 1' 
1 
4 
1 
0 
1440 28800 3 1 
0 0 3 -1000 
'EOPTXT 2' 
0 0 0 
'EOPTXT 2' 
1 
0 
-1000 
0 
1440 28800 3 -1000 
0 0 3 -1000 
'EORPDT 1' 
0 0 0 
'EORPDT 1' 
1 
4 
1 
2 
60 28800 3 1 
0 0 3 -1000 
'EORPDT 2' 
0 0 0 
'EORPDT 2' 
1 
0 
-1000 
0 
1440 28800 3 -1000 
0 0 3 -1000 
'EORPDT 3' 
0 0 0 
'EORPDT 3' 
1 
0 
-1000 
0 
1440 28800 3 -1000 
0 0 3 -1000 
'HYPTLT 1' 
0 0 0 
'HYPTLT 1' 
1 
0 
-1000 
0 
1440 28800 3 -1000 
0 0 3 -1000 
'HYPTET 1' 
0 0 0 
'HYPTET 1' 
1 
0 
-1000 
0 
1440 28800 3 -1000 
0 0 3 -1000 
'HYPTFT 1' 
0 0 0 
'HYPTFT 1' 
1 
0 
-1000 
0 
1440 28800 3 -1000 
0 0 3 -1000 
'HYPTXT 1' 
0 0 0 
'HYPTXT 1' 
1 
4 
1 
0 
1440 28800 3 1 
0 0 3 -1000 
'HYRPDT 1' 
0 0 0 
'HYRPDT 1' 
1 
4 
1 
0 
1440 28800 3 1 
0 0 3 -1000 
'AUPTFT 1' 
0 0 0 
'AUPTFT 1' 
1 
0 
-1000 
0 
1440 28800 3 -1000 
0 0 3 -1000 
'AUPTXT 1' 
0 0 0 
'AUPTXT 1' 
1 
4 
1 
0 
1440 28800 3 1 
0 0 3 -1000 
'AURPDT 1' 
0 0 0 
'AURPDT 1' 
1 
4 
1 
0 
1440 28800 3 1 
0 0 3 -1000 
'FIN' 
