'CONSO' '06/09/2009' '13:16' 
'07/09/2009' 
'CONSOMMATION' 
 4.38175237E+04 
 4.36248500E+04  4.14788500E+04  4.21823500E+04  4.18813500E+04  4.08421500E+04  3.96051500E+04 
 3.87521500E+04  3.82701500E+04  3.82911500E+04  3.89151500E+04  4.11381500E+04  4.27361500E+04 
 4.36811500E+04  4.58791500E+04  4.49931500E+04  4.71464500E+04  4.77060950E+04  4.90740950E+04 
 5.04232950E+04  5.10802950E+04  5.04801950E+04  5.05608950E+04  5.13202450E+04  5.18232450E+04 
 5.08324450E+04  5.18314450E+04  5.11391450E+04  5.15369450E+04  5.07539450E+04  5.03249450E+04 
 4.92879450E+04  4.90919450E+04  4.80919450E+04  4.78889450E+04  4.72759450E+04  4.71189450E+04 
 4.74789450E+04  4.89363450E+04  5.00705450E+04  5.07515450E+04  5.12227450E+04  5.14758450E+04 
 4.96958450E+04  4.81061450E+04  4.72077450E+04  4.93427450E+04  4.57711450E+04  4.49041450E+04 
 4.66972450E+04  4.43284450E+04  4.55496450E+04  4.50686450E+04  4.56326450E+04  4.41276450E+04 
 4.42286450E+04  4.36266450E+04  4.28296450E+04  4.32296450E+04  4.43896450E+04  4.56006450E+04 
 4.62644450E+04  4.85296450E+04  4.93306450E+04  5.12156450E+04  5.05934000E+04  5.13984000E+04 
 5.17466000E+04  5.21656000E+04  5.26485000E+04  5.29555000E+04  5.32161000E+04  5.37748000E+04 
 5.27800000E+04  5.35470000E+04  5.27221000E+04  5.28119000E+04  5.20052000E+04  5.16739000E+04 
 5.10789000E+04  5.09389000E+04  5.09769000E+04  5.08542000E+04  5.01502000E+04  4.99942000E+04 
 4.99182000E+04  5.11652000E+04  4.99898000E+04  5.07858000E+04  5.06688000E+04  5.08850000E+04 
 4.99360000E+04  4.84323000E+04  4.68539000E+04  4.87349000E+04  4.66524000E+04  4.54254000E+04 
'PRIMAIRE' 
 5.32503968E+02 
 5.40561492E+02  5.45561492E+02  5.59771444E+02  5.58746419E+02  5.59771444E+02  5.62371444E+02 
 5.61646419E+02  5.61646419E+02  5.61646419E+02  5.61646419E+02  5.60621395E+02  5.61646419E+02 
 5.61646419E+02  5.58546419E+02  5.45001492E+02  5.43376467E+02  5.30951504E+02  5.30951504E+02 
 5.14651504E+02  5.14051504E+02  4.99140600E+02  4.98540600E+02  4.98540600E+02  4.93540600E+02 
 4.93740600E+02  4.93740600E+02  5.09390600E+02  5.09390600E+02  5.15026480E+02  5.16901516E+02 
 5.16901516E+02  5.16901516E+02  5.17451517E+02  5.16426492E+02  5.16426492E+02  5.16426492E+02 
 5.16426492E+02  5.12626492E+02  5.13651517E+02  5.13015637E+02  5.12465637E+02  5.12465637E+02 
 5.13490600E+02  5.14301516E+02  5.27501504E+02  5.22501504E+02  5.24551492E+02  5.24551492E+02 
 5.24960298E+02  5.29960298E+02  5.46446422E+02  5.46446422E+02  5.47497020E+02  5.47497020E+02 
 5.47797020E+02  5.47797020E+02  5.47797020E+02  5.47797020E+02  5.46746421E+02  5.46746421E+02 
 5.45695823E+02  5.46246421E+02  5.30450896E+02  5.31501494E+02  5.20594610E+02  5.20594610E+02 
 5.20294610E+02  5.20294610E+02  5.19658730E+02  5.19658730E+02  5.19658730E+02  5.19658730E+02 
 5.33358730E+02  5.28358730E+02  5.39858730E+02  5.38808132E+02  5.44294609E+02  5.44294609E+02 
 5.44594610E+02  5.43544011E+02  5.45294012E+02  5.45294012E+02  5.44243414E+02  5.43643414E+02 
 5.43043414E+02  5.37894012E+02  5.36843413E+02  5.41207534E+02  5.41857534E+02  5.41857534E+02 
 5.41857534E+02  5.42493413E+02  5.54950298E+02  5.51000896E+02  5.52651495E+02  5.51600896E+02 
'TELEREGLAGE' 
 5.88750000E+02 
 8.71250000E+02  5.12500000E+02  5.12500000E+02  6.66250000E+02  6.66250000E+02  5.12500000E+02 
 5.12500000E+02  5.12500000E+02  5.12500000E+02  5.12500000E+02  5.12500000E+02  5.12500000E+02 
 5.63750000E+02  5.63750000E+02  5.63750000E+02  7.67724976E+02  7.67724976E+02  6.13974976E+02 
 6.13974976E+02  6.13974976E+02  6.13974976E+02  6.13974976E+02  6.13974976E+02  6.65224976E+02 
 6.65224976E+02  6.13974976E+02  6.13974976E+02  6.13974976E+02  6.13974976E+02  6.13974976E+02 
 6.13974976E+02  6.13974976E+02  6.13974976E+02  6.13974976E+02  6.13974976E+02  6.13974976E+02 
 6.13974976E+02  6.13974976E+02  6.13974976E+02  6.13974976E+02  6.13974976E+02  6.13974976E+02 
 6.13974976E+02  7.16474976E+02  7.16474976E+02  6.13974976E+02  6.15000000E+02  6.15000000E+02 
 6.30375000E+02  6.30375000E+02  6.30375000E+02  5.77843811E+02  5.77843811E+02  5.77843811E+02 
 5.77843811E+02  5.77843811E+02  5.77843811E+02  5.77843811E+02  6.30375000E+02  6.30375000E+02 
 6.30375000E+02  6.82906189E+02  6.82906189E+02  6.82906189E+02  6.82906189E+02  6.82906189E+02 
 6.82906189E+02  6.82906189E+02  6.82906189E+02  6.82906189E+02  6.82906189E+02  6.82906189E+02 
 7.07906189E+02  7.07906189E+02  7.07906189E+02  7.07906189E+02  7.07906189E+02  7.07906189E+02 
 6.55375000E+02  6.55375000E+02  6.55375000E+02  6.55375000E+02  6.55375000E+02  6.55375000E+02 
 7.07906189E+02  7.07906189E+02  7.07906189E+02  8.65500000E+02  8.65500000E+02  7.07906189E+02 
 7.07906189E+02  7.07906189E+02  7.07906189E+02  7.07906189E+02  6.55375000E+02  6.55375000E+02 
'RESERVE' 
 0.00000000E+00 
 0.00000000E+00  0.00000000E+00  0.00000000E+00  0.00000000E+00  0.00000000E+00  0.00000000E+00 
 0.00000000E+00  0.00000000E+00  0.00000000E+00  0.00000000E+00  0.00000000E+00  0.00000000E+00 
 0.00000000E+00  0.00000000E+00  0.00000000E+00  0.00000000E+00  0.00000000E+00  0.00000000E+00 
 0.00000000E+00  0.00000000E+00  0.00000000E+00  0.00000000E+00  0.00000000E+00  0.00000000E+00 
 0.00000000E+00  0.00000000E+00  0.00000000E+00  0.00000000E+00  0.00000000E+00  0.00000000E+00 
 0.00000000E+00  0.00000000E+00  0.00000000E+00  0.00000000E+00  0.00000000E+00  0.00000000E+00 
 0.00000000E+00  0.00000000E+00  0.00000000E+00  0.00000000E+00  0.00000000E+00  0.00000000E+00 
 0.00000000E+00  0.00000000E+00  0.00000000E+00  0.00000000E+00  0.00000000E+00  0.00000000E+00 
 0.00000000E+00  0.00000000E+00  0.00000000E+00  0.00000000E+00  0.00000000E+00  0.00000000E+00 
 0.00000000E+00  0.00000000E+00  0.00000000E+00  0.00000000E+00  0.00000000E+00  0.00000000E+00 
 0.00000000E+00  0.00000000E+00  0.00000000E+00  0.00000000E+00  0.00000000E+00  0.00000000E+00 
 0.00000000E+00  0.00000000E+00  0.00000000E+00  0.00000000E+00  0.00000000E+00  0.00000000E+00 
 0.00000000E+00  0.00000000E+00  0.00000000E+00  0.00000000E+00  0.00000000E+00  0.00000000E+00 
 0.00000000E+00  0.00000000E+00  0.00000000E+00  0.00000000E+00  0.00000000E+00  0.00000000E+00 
 0.00000000E+00  0.00000000E+00  0.00000000E+00  0.00000000E+00  0.00000000E+00  0.00000000E+00 
 0.00000000E+00  0.00000000E+00  0.00000000E+00  0.00000000E+00  0.00000000E+00  0.00000000E+00 
'COUT_MAR_CONSO' 
 3.84261017E+01 
 3.02842007E+01  2.61343002E+01  2.59689999E+01  2.44022999E+01  2.74088993E+01  2.68085003E+01 
 2.33218002E+01 -5.31892014E+01  1.49231005E+01  2.45123005E+01  2.85093002E+01  3.03397007E+01 
 3.41450005E+01  4.34294014E+01  4.28241005E+01  4.52706985E+01  4.32555008E+01  4.42980003E+01 
 4.30568008E+01  4.61285019E+01  5.03569984E+01  4.65046005E+01  4.87540016E+01  5.10005989E+01 
 4.87914009E+01  5.27454987E+01  4.62210999E+01  4.67481995E+01  4.78815994E+01  4.60303993E+01 
 4.27084007E+01  4.27677002E+01  4.59560013E+01  4.22818985E+01  4.25829010E+01  3.85607986E+01 
 3.99287987E+01  4.28156013E+01  4.65906982E+01  4.36775017E+01  4.76585999E+01  4.90787010E+01 
 4.49138985E+01  4.34804993E+01  3.95087013E+01  4.52486000E+01  3.92004013E+01  3.56693993E+01 
 3.79725990E+01  3.31183014E+01  3.53967018E+01  1.75671005E+01  4.13599014E+01  3.71870003E+01 
 2.77392998E+01 -6.67222977E+01  1.52470999E+01  2.83153992E+01  3.44029999E+01  3.75780983E+01 
 3.99012985E+01  4.53722000E+01  4.90340996E+01  5.26263008E+01  5.09539986E+01  5.60668983E+01 
 5.90784988E+01  6.14179001E+01  6.45173035E+01  6.37765007E+01  6.50046005E+01  6.92927017E+01 
 6.56313019E+01  7.05034027E+01  6.54064026E+01  6.41203995E+01  6.39155006E+01  5.54921989E+01 
 5.17787018E+01  5.15377007E+01  5.04252014E+01  5.07935982E+01  4.82067986E+01  4.61852989E+01 
 4.53588982E+01  4.93338013E+01  4.54024010E+01  4.62300987E+01  4.94828987E+01  4.61332016E+01 
 4.30850983E+01  4.25359993E+01  3.69808006E+01  4.43628998E+01  3.94762001E+01  1.64918995E+01 
'COUT_MAR_RESER' 
 0.00000000E+00 
 0.00000000E+00  0.00000000E+00  0.00000000E+00  0.00000000E+00  0.00000000E+00  0.00000000E+00 
 0.00000000E+00  0.00000000E+00  0.00000000E+00  0.00000000E+00  0.00000000E+00  0.00000000E+00 
 0.00000000E+00  0.00000000E+00  0.00000000E+00  0.00000000E+00  0.00000000E+00  0.00000000E+00 
 0.00000000E+00  0.00000000E+00  0.00000000E+00  0.00000000E+00  0.00000000E+00  0.00000000E+00 
 0.00000000E+00  0.00000000E+00  0.00000000E+00  0.00000000E+00  0.00000000E+00  0.00000000E+00 
 0.00000000E+00  0.00000000E+00  0.00000000E+00  0.00000000E+00  0.00000000E+00  0.00000000E+00 
 0.00000000E+00  0.00000000E+00  0.00000000E+00  0.00000000E+00  0.00000000E+00  0.00000000E+00 
 0.00000000E+00  0.00000000E+00  0.00000000E+00  0.00000000E+00  0.00000000E+00  0.00000000E+00 
 0.00000000E+00  0.00000000E+00  0.00000000E+00  0.00000000E+00  0.00000000E+00  0.00000000E+00 
 0.00000000E+00  0.00000000E+00  0.00000000E+00  0.00000000E+00  0.00000000E+00  0.00000000E+00 
 0.00000000E+00  0.00000000E+00  0.00000000E+00  0.00000000E+00  0.00000000E+00  0.00000000E+00 
 0.00000000E+00  0.00000000E+00  0.00000000E+00  0.00000000E+00  0.00000000E+00  0.00000000E+00 
 6.70899987E-01  0.00000000E+00  0.00000000E+00  0.00000000E+00  0.00000000E+00  0.00000000E+00 
 0.00000000E+00  0.00000000E+00  0.00000000E+00  0.00000000E+00  0.00000000E+00  0.00000000E+00 
 0.00000000E+00  0.00000000E+00  0.00000000E+00  0.00000000E+00  0.00000000E+00  0.00000000E+00 
 0.00000000E+00  0.00000000E+00  0.00000000E+00  0.00000000E+00  0.00000000E+00  0.00000000E+00 
'COUT_MAR_PRIMAIRE' 
 4.77344017E+01 
 2.26956005E+01  2.02507000E+01  2.38246994E+01  2.74580002E+01  2.60559006E+01  2.28290005E+01 
 2.05974998E+01  1.95333996E+01  1.55404997E+01  2.50477009E+01  2.58211002E+01  3.50494995E+01 
 3.17665005E+01  3.48904991E+01  3.55769005E+01  3.14624996E+01  3.24099998E+01  3.66120987E+01 
 3.53167992E+01  4.05308990E+01  3.46535988E+01  3.21446991E+01  2.19727001E+01  4.68529987E+00 
 2.69585991E+01  3.04380012E+00  3.79379997E+01  3.37298012E+01  3.66102982E+01  3.73601990E+01 
 3.52991982E+01  3.93611984E+01  4.24449997E+01  4.71613007E+01  4.80108986E+01  4.65895996E+01 
 4.06794014E+01  3.49466019E+01  3.20382996E+01  2.60032997E+01  1.85443001E+01  1.01337004E+01 
 3.83676987E+01  4.34314995E+01  3.67817993E+01  2.46207008E+01  2.67490005E+01  3.18456993E+01 
 2.97110996E+01  2.00387993E+01  2.48862000E+01  3.02357998E+01  1.82894001E+01  2.00373001E+01 
 2.21144009E+01  2.21592007E+01  2.20415001E+01  1.84370995E+01  2.58796005E+01  3.17318001E+01 
 3.32374001E+01  3.18878994E+01  3.26792984E+01  3.21440010E+01  4.45439987E+01  4.13815994E+01 
 4.08022995E+01  4.13666992E+01  4.23184013E+01  3.85569992E+01  3.16443996E+01  1.59085999E+01 
 3.60304985E+01  1.57909002E+01  4.15163994E+01  4.35046997E+01  4.38446007E+01  3.68132019E+01 
 3.94767990E+01  4.30253983E+01  4.06329002E+01  4.46269989E+01  3.77798004E+01  4.59240990E+01 
 3.95912018E+01  2.59834995E+01  4.09514999E+01  3.55064011E+01  3.05720005E+01  2.73530998E+01 
 3.37212982E+01  3.77765999E+01  2.60025997E+01  3.69789009E+01  4.24606018E+01  4.41120987E+01 
'COUT_MAR_TELER' 
 3.33871002E+01 
 1.45997000E+01  2.27098007E+01  2.14333992E+01  2.25743008E+01  1.90429001E+01  2.03689995E+01 
 1.91870003E+01  2.00140991E+01  3.74311981E+01  2.52320995E+01  1.99087009E+01  1.67399998E+01 
 3.47204018E+01  3.67382011E+01  3.12548008E+01  3.75126991E+01  3.81595993E+01  3.43162003E+01 
 3.16228008E+01  2.90363007E+01  2.58265991E+01  2.73929996E+01  2.53278999E+01  2.03167000E+01 
 3.12707996E+01  2.04029007E+01  3.16047993E+01  2.94160004E+01  3.16557007E+01  3.33413010E+01 
 3.74492989E+01  3.64421005E+01  2.81679001E+01  3.20614014E+01  2.94479008E+01  6.47856979E+01 
 5.04325981E+01  4.26110992E+01  2.70923004E+01  2.60105991E+01  2.49771996E+01  2.30720997E+01 
 2.19946003E+01  3.23827019E+01  4.03306007E+01  2.83372993E+01  3.20261993E+01  3.97324982E+01 
 2.15967007E+01  2.65629997E+01  2.73286991E+01  4.12750015E+01  1.25754004E+01  1.88372993E+01 
 1.96343002E+01  1.89468002E+01  1.88810005E+01  2.93448009E+01  2.65995007E+01  2.09678001E+01 
 3.38764000E+01  3.76655998E+01  3.58106995E+01  2.66140003E+01  2.63507004E+01  2.06410007E+01 
 2.01196995E+01  9.86289978E+00  6.61059999E+00  6.76709986E+00  5.74399996E+00  8.90699983E-01 
 7.58279991E+00  3.12120008E+00  2.41090012E+00  7.63689995E+00  6.57490015E+00  2.02677994E+01 
 2.45484009E+01  2.55461006E+01  2.52332993E+01  2.37889996E+01  2.42080994E+01  2.54088001E+01 
 2.83363991E+01  2.48778000E+01  2.38952999E+01  2.36320000E+01  2.39270992E+01  2.27667007E+01 
 2.41382999E+01  3.04312992E+01  3.76113014E+01  2.62851009E+01  2.72903996E+01  6.73888016E+01 
'FIN' 
