'GROUPES' '06/09/2009' '13:16' 
'BLAYAT 1' 
'N'  2.50000000E+01 'BLAY001' 2 2  4.32500000E+02  5.00000000E+01  5.00000000E+01  5.00000000E+01  1.80000000E+01  1.80000000E+01  1.80000000E+01 
 0.00000000E+00  7.09999800E+00  0.00000000E+00 
'L'  0.00000000E+00  0.00000000E+00  6.00000000E+01  0.00000000E+00 
 3.00000000E+01  3.00000000E+01 1440 1440 120 
5 
 2.00000000E+02  4.50000000E+02  6.00000000E+02  7.50000000E+02  9.25000000E+02 
'BLAYAT 2' 
'N'  2.50000000E+01 'BLAY002' 2 2  4.49000000E+02  5.00000000E+01  5.00000000E+01  5.00000000E+01  1.80000000E+01  1.80000000E+01  1.80000000E+01 
 0.00000000E+00  7.09999800E+00  0.00000000E+00 
'L'  0.00000000E+00  0.00000000E+00  6.00000000E+01  0.00000000E+00 
 2.00000000E+00  3.00000000E+01 1440 1440 120 
5 
 2.00000000E+02  4.50000000E+02  6.00000000E+02  7.50000000E+02  9.58000000E+02 
'BLAYAT 3' 
'N'  2.50000000E+01 'BLAY003' 2 2  4.43500000E+02  1.00000000E-06  1.00000000E-06  1.00000000E-06  1.80000000E+01  1.80000000E+01  1.80000000E+01 
 0.00000000E+00  7.09999800E+00  0.00000000E+00 
'L'  0.00000000E+00  0.00000000E+00  6.00000000E+01  0.00000000E+00 
 1.50000000E+01  3.00000000E+01 1440 1440 120 
5 
 2.30000000E+02  4.50000000E+02  6.00000000E+02  7.50000000E+02  9.47000000E+02 
'BLAYAT 4' 
'N'  2.50000000E+01 'BLAY004' 2 2  4.28500000E+02  5.00000000E+01  5.00000000E+01  5.00000000E+01  1.80000000E+01  1.80000000E+01  1.80000000E+01 
 0.00000000E+00  7.09999800E+00  0.00000000E+00 
'L'  0.00000000E+00  0.00000000E+00  6.00000000E+01  0.00000000E+00 
 3.00000000E+01  3.00000000E+01 1440 1440 120 
5 
 1.90000000E+02  4.50000000E+02  6.00000000E+02  7.50000000E+02  9.17000000E+02 
'BUGEYT 2' 
'N'  2.50000000E+01 'BUGE005' 2 2  4.25500000E+02  3.50000000E+01  3.50000000E+01  3.50000000E+01  1.80000000E+01  1.80000000E+01  1.80000000E+01 
 0.00000000E+00  1.31999998E+01  0.00000000E+00 
'L'  0.00000000E+00  0.00000000E+00  6.00000000E+01  0.00000000E+00 
 4.00000000E+00  1.50000000E+01 1440 1440 120 
2 
 8.39000000E+02  8.75000000E+02 
'BUGEYT 3' 
'N'  2.50000000E+01 'BUGE006' 2 2  4.24500000E+02  3.50000000E+01  3.50000000E+01  3.50000000E+01  1.80000000E+01  1.80000000E+01  1.80000000E+01 
 0.00000000E+00  7.09999800E+00  0.00000000E+00 
'L'  0.00000000E+00  0.00000000E+00  6.00000000E+01  0.00000000E+00 
 3.00000000E+01  3.00000000E+01 1440 1440 120 
5 
 2.20000000E+02  4.50000000E+02  6.00000000E+02  7.50000000E+02  9.09000000E+02 
'BUGEYT 4' 
'N'  2.50000000E+01 'BUGE007' 2 2  4.11000000E+02  3.50000000E+01  3.50000000E+01  3.50000000E+01  1.80000000E+01  1.80000000E+01  1.80000000E+01 
 0.00000000E+00  7.09999800E+00  0.00000000E+00 
'L'  0.00000000E+00  0.00000000E+00  6.00000000E+01  0.00000000E+00 
 2.00000000E+00  1.50000000E+01 1440 1440 120 
5 
 2.10000000E+02  4.50000000E+02  6.00000000E+02  7.50000000E+02  8.82000000E+02 
'BUGEYT 5' 
'N'  2.50000000E+01 'BUGE008' 2 2  4.09000000E+02  3.50000000E+01  3.50000000E+01  3.50000000E+01  1.80000000E+01  1.80000000E+01  1.80000000E+01 
 0.00000000E+00  8.41000175E+00  0.00000000E+00 
'L'  0.00000000E+00  0.00000000E+00  6.00000000E+01  0.00000000E+00 
 2.00000000E+00  3.00000000E+01 1440 1440 120 
5 
 2.10000000E+02  4.50000000E+02  6.00000000E+02  7.50000000E+02  8.78000000E+02 
'BVIL7T 1' 
'N'  2.50000000E+01 'BVIL009' 2 2  0.00000000E+00  7.00000000E+01  7.00000000E+01  7.00000000E+01  2.70000000E+01  2.70000000E+01  2.70000000E+01 
 0.00000000E+00  7.40999985E+00  0.00000000E+00 
'L'  0.00000000E+00  0.00000000E+00  6.00000000E+01  0.00000000E+00 
 4.00000000E+01  4.00000000E+01 1440 1440 120 
6 
 2.60000000E+02  4.50000000E+02  6.00000000E+02  8.00000000E+02  1.00000000E+03  1.31400000E+03 
'BVIL7T 2' 
'N'  2.50000000E+01 'BVIL010' 2 2  0.00000000E+00  7.00000000E+01  7.00000000E+01  7.00000000E+01  2.70000000E+01  2.70000000E+01  2.70000000E+01 
 0.00000000E+00  7.09999800E+00  0.00000000E+00 
'L'  0.00000000E+00  0.00000000E+00  6.00000000E+01  0.00000000E+00 
 4.00000000E+01  4.00000000E+01 1440 1440 120 
6 
 2.60000000E+02  4.50000000E+02  6.00000000E+02  8.00000000E+02  1.00000000E+03  1.31600000E+03 
'CATTET 1' 
'N'  2.50000000E+01 'CATT011' 2 2  0.00000000E+00  7.00000000E+01  7.00000000E+01  7.00000000E+01  2.70000000E+01  2.70000000E+01  2.70000000E+01 
 0.00000000E+00  8.59999847E+00  0.00000000E+00 
'L'  0.00000000E+00  0.00000000E+00  6.00000000E+01  0.00000000E+00 
 4.00000000E+01  4.00000000E+01 1440 1440 120 
6 
 2.60000000E+02  4.50000000E+02  6.00000000E+02  8.00000000E+02  1.00000000E+03  1.29900000E+03 
'CATTET 2' 
'N'  2.50000000E+01 'CATT012' 2 2  0.00000000E+00  7.00000000E+01  7.00000000E+01  7.00000000E+01  2.70000000E+01  2.70000000E+01  2.70000000E+01 
 0.00000000E+00  8.65999794E+00  0.00000000E+00 
'L'  0.00000000E+00  0.00000000E+00  6.00000000E+01  0.00000000E+00 
 4.00000000E+01  4.00000000E+01 1440 1440 120 
6 
 2.60000000E+02  4.50000000E+02  6.00000000E+02  8.00000000E+02  1.00000000E+03  1.30600000E+03 
'CATTET 3' 
'N'  2.50000000E+01 'CATT013' 2 2  0.00000000E+00  7.00000000E+01  7.00000000E+01  7.00000000E+01  2.70000000E+01  2.70000000E+01  2.70000000E+01 
 0.00000000E+00  7.09999800E+00  0.00000000E+00 
'L'  0.00000000E+00  0.00000000E+00  6.00000000E+01  0.00000000E+00 
 4.00000000E+01  4.00000000E+01 1440 1440 120 
6 
 3.50000000E+02  4.50000000E+02  6.00000000E+02  8.00000000E+02  1.00000000E+03  1.29500000E+03 
'CATTET 4' 
'N'  2.50000000E+01 'CATT014' 2 2  0.00000000E+00  7.00000000E+01  7.00000000E+01  7.00000000E+01  2.70000000E+01  2.70000000E+01  2.70000000E+01 
 0.00000000E+00  8.74000263E+00  0.00000000E+00 
'L'  0.00000000E+00  0.00000000E+00  6.00000000E+01  0.00000000E+00 
 4.00000000E+01  4.00000000E+01 1440 1440 120 
6 
 3.40000000E+02  4.50000000E+02  6.00000000E+02  8.00000000E+02  1.00000000E+03  1.29900000E+03 
'CHIN2T 1' 
'N'  2.50000000E+01 'CHIN015' 2 2  4.15000000E+02  5.00000000E+01  5.00000000E+01  5.00000000E+01  1.80000000E+01  1.80000000E+01  1.80000000E+01 
 0.00000000E+00  7.09999800E+00  0.00000000E+00 
'L'  0.00000000E+00  0.00000000E+00  6.00000000E+01  0.00000000E+00 
 3.00000000E+01  3.00000000E+01 1440 1440 120 
5 
 1.76000000E+02  4.50000000E+02  6.00000000E+02  7.50000000E+02  8.90000000E+02 
'CHIN2T 2' 
'N'  2.50000000E+01 'CHIN016' 2 2  4.22500000E+02  5.00000000E+01  5.00000000E+01  5.00000000E+01  1.80000000E+01  1.80000000E+01  1.80000000E+01 
 0.00000000E+00  7.09999800E+00  0.00000000E+00 
'L'  0.00000000E+00  0.00000000E+00  6.00000000E+01  0.00000000E+00 
 3.00000000E+01  3.00000000E+01 1440 1440 120 
5 
 1.76000000E+02  4.50000000E+02  6.00000000E+02  7.50000000E+02  9.05000000E+02 
'CHIN2T 3' 
'N'  2.50000000E+01 'CHIN017' 2 2  4.03000000E+02  5.00000000E+01  1.00000000E+01  5.00000000E+01  1.80000000E+01  1.80000000E+01  1.80000000E+01 
 0.00000000E+00  7.09999800E+00  0.00000000E+00 
'L'  0.00000000E+00  0.00000000E+00  6.00000000E+01  0.00000000E+00 
 3.00000000E+01  3.00000000E+01 1440 1440 120 
5 
 1.76000000E+02  4.50000000E+02  6.00000000E+02  7.50000000E+02  8.66000000E+02 
'CHIN2T 4' 
'N'  2.50000000E+01 'CHIN018' 2 2  4.26000000E+02  5.00000000E+01  5.00000000E+01  5.00000000E+01  1.80000000E+01  1.80000000E+01  1.80000000E+01 
 0.00000000E+00  7.09999800E+00  0.00000000E+00 
'L'  0.00000000E+00  0.00000000E+00  6.00000000E+01  0.00000000E+00 
 9.00000000E+00  3.00000000E+01 1440 1440 120 
5 
 1.76000000E+02  4.50000000E+02  6.00000000E+02  7.50000000E+02  9.12000000E+02 
'CHOO2T 1' 
'N'  2.50000000E+01 'CHOO019' 2 2  0.00000000E+00  1.00000000E-06  1.00000000E-06  1.00000000E-06  3.00000000E+01  3.00000000E+01  3.00000000E+01 
 0.00000000E+00  7.27999783E+00  0.00000000E+00 
'L'  0.00000000E+00  0.00000000E+00  6.00000000E+01  0.00000000E+00 
 1.20000000E+01  3.00000000E+01 1440 1440 120 
6 
 3.75000000E+02  4.50000000E+02  6.00000000E+02  8.00000000E+02  1.00000000E+03  1.50000000E+03 
'CHOO2T 2' 
'N'  2.50000000E+01 'CHOO020' 2 2  0.00000000E+00  1.00000000E-06  1.00000000E-06  1.00000000E-06  3.00000000E+01  3.00000000E+01  3.00000000E+01 
 0.00000000E+00  8.88000011E+00  0.00000000E+00 
'L'  0.00000000E+00  0.00000000E+00  6.00000000E+01  0.00000000E+00 
 1.80000000E+01  3.00000000E+01 1440 1440 120 
6 
 3.75000000E+02  4.50000000E+02  6.00000000E+02  8.00000000E+02  1.00000000E+03  1.45000000E+03 
'CIVAUT 1' 
'N'  2.50000000E+01 'CIVA021' 2 2  0.00000000E+00  1.00000000E-06  1.00000000E-06  1.00000000E-06  3.00000000E+01  3.00000000E+01  3.00000000E+01 
 0.00000000E+00  7.25999975E+00  0.00000000E+00 
'L'  0.00000000E+00  0.00000000E+00  6.00000000E+01  0.00000000E+00 
 1.60000000E+01  3.00000000E+01 1440 1440 120 
6 
 3.70000000E+02  4.50000000E+02  6.00000000E+02  8.00000000E+02  1.00000000E+03  1.49500000E+03 
'CIVAUT 2' 
'N'  2.50000000E+01 'CIVA022' 2 2  0.00000000E+00  1.00000000E-06  1.00000000E-06  1.00000000E-06  3.00000000E+01  3.00000000E+01  3.00000000E+01 
 0.00000000E+00  8.85999584E+00  0.00000000E+00 
'L'  0.00000000E+00  0.00000000E+00  6.00000000E+01  0.00000000E+00 
 4.00000000E+01  4.00000000E+01 1440 1440 120 
6 
 3.70000000E+02  4.50000000E+02  6.00000000E+02  8.00000000E+02  1.00000000E+03  1.49500000E+03 
'CRUA5T 1' 
'N'  2.50000000E+01 'CRUA023' 2 2  4.17500000E+02  4.00000000E+01  4.00000000E+01  4.00000000E+01  1.80000000E+01  1.80000000E+01  1.80000000E+01 
 0.00000000E+00  8.10000038E+00  0.00000000E+00 
'L'  0.00000000E+00  0.00000000E+00  6.00000000E+01  0.00000000E+00 
 3.00000000E+01  3.00000000E+01 1440 2160 120 
5 
 1.83000000E+02  4.50000000E+02  6.00000000E+02  7.50000000E+02  8.95000000E+02 
'CRUA5T 2' 
'N'  2.50000000E+01 'CRUA024' 2 2  4.15000000E+02  5.00000000E+01  5.00000000E+01  5.00000000E+01  1.80000000E+01  1.80000000E+01  1.80000000E+01 
 0.00000000E+00  7.09999800E+00  0.00000000E+00 
'L'  0.00000000E+00  0.00000000E+00  6.00000000E+01  0.00000000E+00 
 3.00000000E+01  3.00000000E+01 1440 2160 120 
5 
 1.83000000E+02  4.50000000E+02  6.00000000E+02  7.72000000E+02  8.90000000E+02 
'CRUA5T 3' 
'N'  2.50000000E+01 'CRUA025' 2 2  4.14000000E+02  5.00000000E+01  5.00000000E+01  5.00000000E+01  1.80000000E+01  1.80000000E+01  1.80000000E+01 
 0.00000000E+00  7.09999800E+00  0.00000000E+00 
'L'  0.00000000E+00  0.00000000E+00  6.00000000E+01  0.00000000E+00 
 3.00000000E+01  3.00000000E+01 1440 2160 120 
5 
 1.83000000E+02  4.50000000E+02  6.00000000E+02  7.50000000E+02  8.88000000E+02 
'CRUA5T 4' 
'N'  2.50000000E+01 'CRUA026' 2 2  4.24000000E+02  5.00000000E+01  5.00000000E+01  5.00000000E+01  1.80000000E+01  1.80000000E+01  1.80000000E+01 
 0.00000000E+00  8.13999557E+00  0.00000000E+00 
'L'  0.00000000E+00  0.00000000E+00  6.00000000E+01  0.00000000E+00 
 3.00000000E+01  3.00000000E+01 1440 2160 120 
5 
 1.83000000E+02  4.50000000E+02  6.00000000E+02  7.50000000E+02  9.08000000E+02 
'D.BURT 1' 
'N'  2.50000000E+01 'D.BU027' 2 2  4.08500000E+02  5.00000000E+01  5.00000000E+01  5.00000000E+01  1.80000000E+01  1.80000000E+01  1.80000000E+01 
 0.00000000E+00  8.80000210E+00  0.00000000E+00 
'L'  0.00000000E+00  0.00000000E+00  6.00000000E+01  0.00000000E+00 
 3.00000000E+01  3.00000000E+01 1440 1440 120 
5 
 1.80000000E+02  4.50000000E+02  6.00000000E+02  7.50000000E+02  8.77000000E+02 
'D.BURT 2' 
'N'  2.50000000E+01 'D.BU028' 2 2  4.15500000E+02  2.00000000E+01  2.00000000E+01  2.00000000E+01  1.80000000E+01  1.80000000E+01  1.80000000E+01 
 0.00000000E+00  8.76000023E+00  0.00000000E+00 
'L'  0.00000000E+00  0.00000000E+00  6.00000000E+01  0.00000000E+00 
 3.00000000E+01  3.00000000E+01 1440 1440 120 
6 
 1.80000000E+02  4.50000000E+02  6.00000000E+02  7.50000000E+02  8.03000000E+02  8.91000000E+02 
'D.BURT 3' 
'N'  2.50000000E+01 'D.BU029' 2 2  4.15000000E+02  5.00000000E+01  5.00000000E+01  5.00000000E+01  1.80000000E+01  1.80000000E+01  1.80000000E+01 
 0.00000000E+00  7.09999800E+00  0.00000000E+00 
'L'  0.00000000E+00  0.00000000E+00  6.00000000E+01  0.00000000E+00 
 3.00000000E+01  3.00000000E+01 1440 1440 120 
5 
 1.80000000E+02  4.50000000E+02  6.00000000E+02  7.50000000E+02  8.90000000E+02 
'D.BURT 4' 
'N'  2.50000000E+01 'D.BU030' 2 2  4.15000000E+02  5.00000000E+01  5.00000000E+01  5.00000000E+01  1.80000000E+01  1.80000000E+01  1.80000000E+01 
 0.00000000E+00  7.09999800E+00  0.00000000E+00 
'L'  0.00000000E+00  0.00000000E+00  6.00000000E+01  0.00000000E+00 
 3.00000000E+01  3.00000000E+01 2880 1440 120 
5 
 1.80000000E+02  4.50000000E+02  6.00000000E+02  7.50000000E+02  8.90000000E+02 
'FESS5T 1' 
'N'  2.50000000E+01 'FESS031' 2 2  4.10000000E+02  3.00000000E+01  3.00000000E+01  3.00000000E+01  1.80000000E+01  1.80000000E+01  1.80000000E+01 
 0.00000000E+00  7.09999800E+00  0.00000000E+00 
'L'  0.00000000E+00  0.00000000E+00  6.00000000E+01  0.00000000E+00 
 5.00000000E+00  1.50000000E+01 1440 1440 120 
5 
 1.80000000E+02  4.50000000E+02  6.00000000E+02  7.50000000E+02  8.80000000E+02 
'FESS5T 2' 
'N'  2.50000000E+01 'FESS032' 2 2  4.05500000E+02  3.00000000E+01  3.00000000E+01  3.00000000E+01  1.80000000E+01  1.80000000E+01  1.80000000E+01 
 0.00000000E+00  7.09999800E+00  0.00000000E+00 
'L'  0.00000000E+00  0.00000000E+00  6.00000000E+01  0.00000000E+00 
 3.00000000E+01  3.00000000E+01 1440 1440 120 
5 
 1.80000000E+02  4.50000000E+02  6.00000000E+02  7.50000000E+02  8.71000000E+02 
'FLAMAT 1' 
'N'  2.50000000E+01 'FLAM033' 2 2  0.00000000E+00  7.00000000E+01  7.00000000E+01  7.00000000E+01  2.70000000E+01  2.70000000E+01  2.70000000E+01 
 0.00000000E+00  7.09999800E+00  0.00000000E+00 
'L'  0.00000000E+00  0.00000000E+00  6.00000000E+01  0.00000000E+00 
 4.00000000E+01  4.00000000E+01 1440 2940 120 
6 
 2.60000000E+02  4.50000000E+02  6.00000000E+02  8.00000000E+02  1.00000000E+03  1.31500000E+03 
'FLAMAT 2' 
'N'  2.50000000E+01 'FLAM034' 2 2  0.00000000E+00  7.00000000E+01  7.00000000E+01  7.00000000E+01  2.70000000E+01  2.70000000E+01  2.70000000E+01 
 0.00000000E+00  8.71999836E+00  0.00000000E+00 
'L'  0.00000000E+00  0.00000000E+00  6.00000000E+01  0.00000000E+00 
 4.00000000E+01  4.00000000E+01 1440 2940 120 
6 
 2.60000000E+02  4.50000000E+02  6.00000000E+02  8.00000000E+02  1.00000000E+03  1.33400000E+03 
'GOLF5T 1' 
'N'  2.50000000E+01 'GOLF035' 2 2  0.00000000E+00  7.00000000E+01  7.00000000E+01  7.00000000E+01  2.70000000E+01  2.70000000E+01  2.70000000E+01 
 0.00000000E+00  7.45000172E+00  0.00000000E+00 
'L'  0.00000000E+00  0.00000000E+00  6.00000000E+01  0.00000000E+00 
 4.00000000E+01  4.00000000E+01 1440 1440 120 
6 
 2.60000000E+02  4.50000000E+02  6.00000000E+02  8.00000000E+02  1.00000000E+03  1.31000000E+03 
'GOLF5T 2' 
'N'  2.50000000E+01 'GOLF036' 2 2  0.00000000E+00  7.00000000E+01  7.00000000E+01  7.00000000E+01  2.70000000E+01  2.70000000E+01  2.70000000E+01 
 0.00000000E+00  2.00999870E+01  0.00000000E+00 
'L'  0.00000000E+00  0.00000000E+00  6.00000000E+01  0.00000000E+00 
 4.00000000E+01  4.00000000E+01 2880 1440 120 
2 
 2.60000000E+02  1.31000000E+03 
'GRAV5T 1' 
'N'  2.50000000E+01 'GRAV037' 2 2  4.18000000E+02  5.00000000E+01  5.00000000E+01  5.00000000E+01  1.80000000E+01  1.80000000E+01  1.80000000E+01 
 0.00000000E+00  7.09999800E+00  0.00000000E+00 
'L'  0.00000000E+00  0.00000000E+00  6.00000000E+01  0.00000000E+00 
 3.00000000E+01  3.00000000E+01 1440 1440 120 
5 
 1.84000000E+02  4.50000000E+02  6.00000000E+02  7.50000000E+02  8.96000000E+02 
'GRAV5T 2' 
'N'  2.50000000E+01 'GRAV038' 2 2  4.17500000E+02  5.00000000E+01  5.00000000E+01  5.00000000E+01  1.80000000E+01  1.80000000E+01  1.80000000E+01 
 0.00000000E+00  8.16000080E+00  0.00000000E+00 
'L'  0.00000000E+00  0.00000000E+00  6.00000000E+01  0.00000000E+00 
 3.00000000E+01  3.00000000E+01 1440 1440 120 
5 
 1.84000000E+02  4.50000000E+02  6.00000000E+02  7.50000000E+02  8.95000000E+02 
'GRAV5T 3' 
'N'  2.50000000E+01 'GRAV039' 2 2  4.20000000E+02  5.00000000E+01  5.00000000E+01  5.00000000E+01  1.80000000E+01  1.80000000E+01  1.80000000E+01 
 0.00000000E+00  7.09999800E+00  0.00000000E+00 
'L'  0.00000000E+00  0.00000000E+00  6.00000000E+01  0.00000000E+00 
 2.00000000E+00  3.00000000E+01 1440 1440 120 
5 
 1.84000000E+02  4.50000000E+02  6.00000000E+02  7.50000000E+02  9.00000000E+02 
'GRAV5T 4' 
'N'  2.50000000E+01 'GRAV040' 2 2  4.23500000E+02  5.00000000E+01  5.00000000E+01  5.00000000E+01  1.80000000E+01  1.80000000E+01  1.80000000E+01 
 0.00000000E+00  8.11999798E+00  0.00000000E+00 
'L'  0.00000000E+00  0.00000000E+00  6.00000000E+01  0.00000000E+00 
 3.00000000E+01  3.00000000E+01 1440 1440 120 
5 
 1.82000000E+02  4.50000000E+02  6.00000000E+02  7.50000000E+02  9.07000000E+02 
'GRAV5T 5' 
'N'  2.50000000E+01 'GRAV041' 2 2  4.27000000E+02  5.00000000E+01  5.00000000E+01  5.00000000E+01  1.80000000E+01  1.80000000E+01  1.80000000E+01 
 0.00000000E+00  8.21999931E+00  0.00000000E+00 
'L'  0.00000000E+00  0.00000000E+00  6.00000000E+01  0.00000000E+00 
 1.00000000E+01  3.00000000E+01 1440 1440 120 
5 
 1.82000000E+02  4.50000000E+02  6.00000000E+02  7.96000000E+02  9.14000000E+02 
'GRAV5T 6' 
'N'  2.50000000E+01 'GRAV042' 2 2  4.36000000E+02  5.00000000E+01  5.00000000E+01  5.00000000E+01  1.80000000E+01  1.80000000E+01  1.80000000E+01 
 0.00000000E+00  7.09999800E+00  0.00000000E+00 
'L'  0.00000000E+00  0.00000000E+00  6.00000000E+01  0.00000000E+00 
 1.00000000E+01  3.00000000E+01 1440 1440 120 
6 
 1.84000000E+02  4.50000000E+02  6.00000000E+02  7.50000000E+02  8.14000000E+02  9.32000000E+02 
'N.SE5T 1' 
'N'  2.50000000E+01 'N.SE043' 2 2  0.00000000E+00  7.00000000E+01  7.00000000E+01  7.00000000E+01  2.70000000E+01  2.70000000E+01  2.70000000E+01 
 0.00000000E+00  7.09999800E+00  0.00000000E+00 
'L'  0.00000000E+00  0.00000000E+00  6.00000000E+01  0.00000000E+00 
 4.00000000E+01  4.00000000E+01 1440 1440 120 
6 
 2.60000000E+02  4.50000000E+02  6.00000000E+02  8.00000000E+02  1.00000000E+03  1.30800000E+03 
'N.SE5T 2' 
'N'  2.50000000E+01 'N.SE044' 2 2  0.00000000E+00  7.00000000E+01  7.00000000E+01  7.00000000E+01  2.70000000E+01  2.70000000E+01  2.70000000E+01 
 0.00000000E+00  7.48999786E+00  0.00000000E+00 
'L'  0.00000000E+00  0.00000000E+00  6.00000000E+01  0.00000000E+00 
 4.00000000E+01  4.00000000E+01 1440 1440 120 
6 
 2.60000000E+02  4.50000000E+02  6.00000000E+02  8.00000000E+02  1.00000000E+03  1.30800000E+03 
'PALUET 1' 
'N'  2.50000000E+01 'PALU045' 2 2  0.00000000E+00  7.00000000E+01  7.00000000E+01  7.00000000E+01  2.70000000E+01  2.70000000E+01  2.70000000E+01 
 0.00000000E+00  7.46999979E+00  0.00000000E+00 
'L'  0.00000000E+00  0.00000000E+00  6.00000000E+01  0.00000000E+00 
 4.00000000E+01  4.00000000E+01 1410 2940 120 
6 
 2.70000000E+02  4.50000000E+02  6.00000000E+02  8.00000000E+02  1.00000000E+03  1.31000000E+03 
'PALUET 2' 
'N'  2.50000000E+01 'PALU046' 2 2  0.00000000E+00  7.00000000E+01  7.00000000E+01  7.00000000E+01  2.70000000E+01  2.70000000E+01  2.70000000E+01 
 0.00000000E+00  8.61999607E+00  0.00000000E+00 
'L'  0.00000000E+00  0.00000000E+00  6.00000000E+01  0.00000000E+00 
 4.00000000E+01  4.00000000E+01 1410 2940 120 
6 
 2.70000000E+02  4.50000000E+02  6.00000000E+02  8.00000000E+02  1.00000000E+03  1.31000000E+03 
'PALUET 3' 
'N'  2.50000000E+01 'PALU047' 2 2  0.00000000E+00  7.00000000E+01  7.00000000E+01  7.00000000E+01  2.70000000E+01  2.70000000E+01  2.70000000E+01 
 0.00000000E+00  8.68000221E+00  0.00000000E+00 
'L'  0.00000000E+00  0.00000000E+00  6.00000000E+01  0.00000000E+00 
 4.00000000E+01  4.00000000E+01 1440 2940 120 
6 
 2.70000000E+02  4.50000000E+02  6.00000000E+02  8.00000000E+02  1.00000000E+03  1.31600000E+03 
'PALUET 4' 
'N'  2.50000000E+01 'PALU048' 2 2  0.00000000E+00  7.00000000E+01  7.00000000E+01  7.00000000E+01  2.70000000E+01  2.70000000E+01  2.70000000E+01 
 0.00000000E+00  8.69999981E+00  0.00000000E+00 
'L'  0.00000000E+00  0.00000000E+00  6.00000000E+01  0.00000000E+00 
 4.00000000E+01  4.00000000E+01 1440 2940 120 
6 
 2.70000000E+02  4.50000000E+02  6.00000000E+02  8.00000000E+02  1.00000000E+03  1.28400000E+03 
'PENLYT 1' 
'N'  2.50000000E+01 'PENL049' 2 2  0.00000000E+00  7.00000000E+01  7.00000000E+01  7.00000000E+01  2.70000000E+01  2.70000000E+01  2.70000000E+01 
 0.00000000E+00  7.39000225E+00  0.00000000E+00 
'L'  0.00000000E+00  0.00000000E+00  6.00000000E+01  0.00000000E+00 
 4.00000000E+01  4.00000000E+01 1440 2940 120 
6 
 2.60000000E+02  4.50000000E+02  6.00000000E+02  8.00000000E+02  1.00000000E+03  1.33000000E+03 
'PENLYT 2' 
'N'  2.50000000E+01 'PENL050' 2 2  0.00000000E+00  7.00000000E+01  7.00000000E+01  7.00000000E+01  2.70000000E+01  2.70000000E+01  2.70000000E+01 
 0.00000000E+00  8.63999939E+00  0.00000000E+00 
'L'  0.00000000E+00  0.00000000E+00  6.00000000E+01  0.00000000E+00 
 4.00000000E+01  4.00000000E+01 1440 2940 120 
6 
 2.60000000E+02  4.50000000E+02  6.00000000E+02  8.00000000E+02  1.00000000E+03  1.33000000E+03 
'SSAL7T 1' 
'N'  2.50000000E+01 'SSAL051' 2 2  0.00000000E+00  7.00000000E+01  7.00000000E+01  7.00000000E+01  2.70000000E+01  2.70000000E+01  2.70000000E+01 
 0.00000000E+00  7.42999792E+00  0.00000000E+00 
'L'  0.00000000E+00  0.00000000E+00  6.00000000E+01  0.00000000E+00 
 4.00000000E+01  4.00000000E+01 1440 1440 120 
6 
 2.60000000E+02  4.50000000E+02  6.00000000E+02  8.00000000E+02  1.00000000E+03  1.33000000E+03 
'SSAL7T 2' 
'N'  2.50000000E+01 'SSAL052' 2 2  0.00000000E+00  7.00000000E+01  7.00000000E+01  7.00000000E+01  2.70000000E+01  2.70000000E+01  2.70000000E+01 
 0.00000000E+00  7.09999800E+00  0.00000000E+00 
'L'  0.00000000E+00  0.00000000E+00  6.00000000E+01  0.00000000E+00 
 1.50000000E+01  2.50000000E+01 1440 2850 120 
6 
 2.60000000E+02  4.50000000E+02  6.00000000E+02  8.00000000E+02  1.00000000E+03  1.33000000E+03 
'SSEA2T 1' 
'N'  2.50000000E+01 'SSEA053' 2 2  4.23500000E+02  5.00000000E+01  5.00000000E+01  5.00000000E+01  1.80000000E+01  1.80000000E+01  1.80000000E+01 
 0.00000000E+00  8.81999969E+00  0.00000000E+00 
'L'  0.00000000E+00  0.00000000E+00  6.00000000E+01  0.00000000E+00 
 3.00000000E+01  3.00000000E+01 1440 1440 120 
5 
 1.80000000E+02  4.50000000E+02  6.00000000E+02  7.50000000E+02  9.07000000E+02 
'SSEA2T 2' 
'N'  2.50000000E+01 'SSEA054' 2 2  4.23500000E+02  5.00000000E+01  5.00000000E+01  5.00000000E+01  1.80000000E+01  1.80000000E+01  1.80000000E+01 
 0.00000000E+00  8.83999729E+00  0.00000000E+00 
'L'  0.00000000E+00  0.00000000E+00  6.00000000E+01  0.00000000E+00 
 3.00000000E+01  3.00000000E+01 1440 1440 120 
5 
 1.80000000E+02  4.50000000E+02  6.00000000E+02  7.50000000E+02  9.07000000E+02 
'TRICAT 1' 
'N'  2.50000000E+01 'TRIC055' 2 2  4.25000000E+02  5.00000000E+01  5.00000000E+01  5.00000000E+01  1.80000000E+01  1.80000000E+01  1.80000000E+01 
 0.00000000E+00  8.17999840E+00  0.00000000E+00 
'L'  0.00000000E+00  0.00000000E+00  6.00000000E+01  0.00000000E+00 
 3.00000000E+01  3.00000000E+01 1440 2160 120 
5 
 1.80000000E+02  4.50000000E+02  6.00000000E+02  7.50000000E+02  9.10000000E+02 
'TRICAT 2' 
'N'  2.50000000E+01 'TRIC056' 2 2  4.22500000E+02  5.00000000E+01  5.00000000E+01  5.00000000E+01  1.80000000E+01  1.80000000E+01  1.80000000E+01 
 0.00000000E+00  8.77999878E+00  0.00000000E+00 
'L'  0.00000000E+00  0.00000000E+00  6.00000000E+01  0.00000000E+00 
 3.00000000E+01  3.00000000E+01 1440 2160 120 
5 
 1.80000000E+02  4.50000000E+02  6.00000000E+02  7.50000000E+02  9.05000000E+02 
'TRICAT 3' 
'N'  2.50000000E+01 'TRIC057' 2 2  4.34000000E+02  5.00000000E+01  5.00000000E+01  5.00000000E+01  1.80000000E+01  1.80000000E+01  1.80000000E+01 
 0.00000000E+00  8.20000172E+00  0.00000000E+00 
'L'  0.00000000E+00  0.00000000E+00  6.00000000E+01  0.00000000E+00 
 3.00000000E+01  3.00000000E+01 1440 2160 120 
2 
 8.62000000E+02  8.98000000E+02 
'TRICAT 4' 
'N'  2.50000000E+01 'TRIC058' 2 2  4.30000000E+02  5.00000000E+01  5.00000000E+01  5.00000000E+01  1.80000000E+01  1.80000000E+01  1.80000000E+01 
 0.00000000E+00  7.09999800E+00  0.00000000E+00 
'L'  0.00000000E+00  0.00000000E+00  6.00000000E+01  0.00000000E+00 
 3.00000000E+01  3.00000000E+01 1440 2160 120 
5 
 1.80000000E+02  4.50000000E+02  6.00000000E+02  7.50000000E+02  9.20000000E+02 
'PROVET 4' 
'H'  0.00000000E+00 'PROV059' 7 2  0.00000000E+00  1.00000000E-06  1.00000000E-06  1.00000000E-06  5.00000000E+00  5.00000000E+00  5.00000000E+00 
 0.00000000E+00  9.49999817E+02  0.00000000E+00 
'L'  0.00000000E+00  0.00000000E+00  6.00000000E+01  0.00000000E+00 
 2.00000000E+00  2.00000000E+00 1440 930 60 
3 
 1.05000000E+02  1.80000000E+02  2.30000000E+02 
'BLENOT 2' 
'C'  0.00000000E+00 'BLEN060' 5 4  0.00000000E+00  1.00000000E-06  3.00000000E+01  1.50000000E+01  5.00000000E+00  2.50000000E+01  2.50000000E+01 
 6.30478210E+02  4.10978470E+01  0.00000000E+00 
'L'  1.15052197E+04  3.87522900E+03  6.00000000E+01  2.38209004E+04 
 2.00000000E+00  2.00000000E+00 240 240 60 
3 
 6.50000000E+01  1.40000000E+02  2.50000000E+02 
'BLENOT 3' 
'C'  0.00000000E+00 'BLEN061' 5 4  0.00000000E+00  1.00000000E-06  3.00000000E+01  1.50000000E+01  5.00000000E+00  2.50000000E+01  2.50000000E+01 
 6.93514832E+02  4.06476822E+01  0.00000000E+00 
'L'  1.15178398E+04  3.88953296E+03  6.00000000E+01  2.38789805E+04 
 2.00000000E+00  2.00000000E+00 240 240 60 
3 
 6.50000000E+01  1.40000000E+02  2.50000000E+02 
'BLENOT 4' 
'C'  0.00000000E+00 'BLEN062' 7 4  0.00000000E+00  1.00000000E-06  3.00000000E+01  1.50000000E+01  5.00000000E+00  2.50000000E+01  2.50000000E+01 
 6.83682556E+02  4.00713921E+01  0.00000000E+00 
'L'  1.15099404E+04  3.88057788E+03  6.00000000E+01  2.38426191E+04 
 2.00000000E+00  2.00000000E+00 240 240 60 
3 
 6.50000000E+01  1.40000000E+02  2.50000000E+02 
'BOUCHT 1' 
'C'  0.00000000E+00 'BOUC063' 5 3  0.00000000E+00  1.00000000E+01  2.50000000E+01  1.00000000E+01  2.50000000E+01  2.50000000E+01  2.50000000E+01 
 1.10565002E+03  4.23359947E+01  0.00000000E+00 
'L'  8.30135156E+03  3.76362207E+03  6.00000000E+01  2.02623496E+04 
 2.00000000E+00  2.00000000E+00 480 480 60 
3 
 1.20000000E+02  1.65000000E+02  2.50000000E+02 
'CORD5T 4' 
'C'  0.00000000E+00 'CORD064' 6 3  0.00000000E+00  2.00000000E+01  6.00000000E+01  1.00000000E-06  3.00000000E+01  6.00000000E+01  0.00000000E+00 
 1.55940125E+03  3.61821899E+01  0.00000000E+00 
'L'  4.02516094E+04  1.67649707E+04  6.00000000E+01  9.35315781E+04 
 5.00000000E+00  7.00000000E+00 480 480 60 
2 
 2.80000000E+02  6.00000000E+02 
'CORD5T 5' 
'C'  0.00000000E+00 'CORD065' 5 3  0.00000000E+00  2.00000000E+01  5.00000000E+01  1.00000000E-06  3.00000000E+01  6.00000000E+01  0.00000000E+00 
 1.58774036E+03  3.68397293E+01  0.00000000E+00 
'L'  4.02512305E+04  1.67645508E+04  6.00000000E+01  9.35298672E+04 
 5.00000000E+00  7.00000000E+00 480 480 60 
2 
 2.95000000E+02  5.80000000E+02 
'HAVRET 1' 
'C'  0.00000000E+00 'HAVR066' 6 2  0.00000000E+00  5.00000000E+00  1.00000000E+01  1.00000000E+01  1.30000000E+01  2.50000000E+01  1.90000000E+01 
 5.52355103E+02  4.00627937E+01  0.00000000E+00 
'L'  1.32494502E+04  4.32814893E+03  6.00000000E+01  2.70045391E+04 
 2.00000000E+00  2.00000000E+00 240 240 60 
3 
 1.25000000E+02  1.60000000E+02  2.30000000E+02 
'HAVRET 2' 
'C'  0.00000000E+00 'HAVR067' 7 3  0.00000000E+00  2.00000000E+01  3.00000000E+01  3.00000000E+01  2.70000000E+01  5.80000000E+01  4.50000000E+01 
 1.55713086E+03  4.01340027E+01  0.00000000E+00 
'L'  4.23176484E+04  2.38578203E+04  6.00000000E+01  1.18139102E+05 
 3.50000000E+00  3.50000000E+00 240 240 60 
3 
 2.68000000E+02  4.50000000E+02  5.85000000E+02 
'HAVRET 4' 
'C'  0.00000000E+00 'HAVR068' 9 3  0.00000000E+00  2.00000000E+01  6.00000000E+01  5.00000000E+01  1.40000000E+01  2.90000000E+01  2.20000000E+01 
 1.56103320E+03  3.64968796E+01  0.00000000E+00 
'L'  4.24081289E+04  2.36839199E+04  6.00000000E+01  1.17676898E+05 
 7.00000000E+00  7.00000000E+00 240 240 60 
3 
 2.82000000E+02  4.50000000E+02  5.80000000E+02 
'MAXE T 1' 
'C'  0.00000000E+00 'MAXE069' 9 3  0.00000000E+00  5.00000000E+00  2.50000000E+01  1.00000000E+01  2.50000000E+01  2.50000000E+01  2.50000000E+01 
 6.58928345E+02  4.21714058E+01  0.00000000E+00 
'L'  8.37027734E+03  3.84173706E+03  6.00000000E+01  2.05795293E+04 
 4.00000000E+00  4.00000000E+00 600 240 60 
3 
 1.30000000E+02  1.80000000E+02  2.50000000E+02 
'MAXE T 2' 
'C'  0.00000000E+00 'MAXE070' 9 3  0.00000000E+00  1.00000000E+01  2.50000000E+01  1.00000000E+01  2.50000000E+01  2.50000000E+01  2.50000000E+01 
 6.77191223E+02  4.33402481E+01  0.00000000E+00 
'L'  8.37018359E+03  3.84163208E+03  6.00000000E+01  2.05790996E+04 
 4.00000000E+00  4.00000000E+00 240 240 60 
3 
 1.45000000E+02  1.80000000E+02  2.50000000E+02 
'VITRYT 3' 
'C'  0.00000000E+00 'VITR071' 8 3  0.00000000E+00  1.00000000E+01  2.00000000E+01  2.00000000E+01  2.50000000E+01  2.50000000E+01  2.50000000E+01 
 6.51472778E+02  4.36245537E+01  0.00000000E+00 
'L'  1.00069004E+04  4.78950195E+03  6.00000000E+01  2.52281895E+04 
 2.00000000E+00  2.00000000E+00 240 240 60 
3 
 1.20000000E+02  1.70000000E+02  2.50000000E+02 
'VITRYT 4' 
'C'  0.00000000E+00 'VITR072' 8 3  0.00000000E+00  1.00000000E+01  2.00000000E+01  2.00000000E+01  2.50000000E+01  2.50000000E+01  2.50000000E+01 
 6.50632202E+02  4.35682793E+01  0.00000000E+00 
'L'  1.00070195E+04  4.78964307E+03  6.00000000E+01  2.52287598E+04 
 2.00000000E+00  2.00000000E+00 240 240 60 
3 
 1.20000000E+02  1.70000000E+02  2.50000000E+02 
'ARAMOT 1' 
'F'  0.00000000E+00 'ARAM073' 4 3  0.00000000E+00  1.00000000E+02  1.00000000E+02  1.00000000E-06  7.00000000E+01  7.00000000E+01  7.00000000E+01 
 4.04583105E+03  9.25113602E+01  0.00000000E+00 
'L'  3.10617793E+04  9.04513184E+03  6.00000000E+01  5.98076992E+04 
 1.00000000E+01  1.00000000E+01 150 240 60 
2 
 2.00000000E+02  6.85000000E+02 
'ARAMOT 2' 
'F'  0.00000000E+00 'ARAM074' 4 3  0.00000000E+00  7.00000000E+01  7.00000000E+01  7.00000000E+01  7.00000000E+01  7.00000000E+01  7.00000000E+01 
 4.04583105E+03  9.25113602E+01  0.00000000E+00 
'L'  3.10617793E+04  9.04513184E+03  6.00000000E+01  5.98076992E+04 
 1.00000000E+01  1.00000000E+01 180 240 60 
2 
 3.50000000E+02  6.85000000E+02 
'CORD5T 2' 
'F'  0.00000000E+00 'CORD075' 3 3  0.00000000E+00  7.00000000E+01  7.00000000E+01  2.00000000E+01  7.00000000E+01  7.00000000E+01  0.00000000E+00 
 3.88119458E+03  9.40509033E+01  0.00000000E+00 
'L'  3.12802402E+04  9.29272363E+03  6.00000000E+01  6.08130195E+04 
 1.00000000E+01  1.00000000E+01 240 480 60 
3 
 2.01000000E+02  3.50000000E+02  6.40000000E+02 
'CORD5T 3' 
'F'  0.00000000E+00 'CORD076' 5 3  0.00000000E+00  7.00000000E+01  7.00000000E+01  2.00000000E+01  7.00000000E+01  7.00000000E+01  0.00000000E+00 
 3.88042554E+03  9.40322418E+01  0.00000000E+00 
'L'  3.12802402E+04  9.29272363E+03  6.00000000E+01  6.08130195E+04 
 1.00000000E+01  1.00000000E+01 240 480 60 
3 
 1.80000000E+02  3.50000000E+02  6.85000000E+02 
'GENN3T 1' 
'G'  0.00000000E+00 'GENN077' 2 2  0.00000000E+00  1.00000000E-06  1.00000000E-06  1.00000000E-06  1.80000000E+01  1.80000000E+01  1.80000000E+01 
 3.80686499E+03  6.59856567E+01  0.00000000E+00 
'L'  2.58004712E+03  0.00000000E+00  6.00000000E+01  2.58004712E+03 
 9.00000000E+00  9.00000000E+00 120 60 0 
2 
 7.60000000E+01  2.18000000E+02 
'M.PONT 1' 
'F'  0.00000000E+00 'M.PO078' 5 2  0.00000000E+00  2.50000000E+01  2.50000000E+01  2.50000000E+01  1.20000000E+01  2.50000000E+01  2.50000000E+01 
 1.02139502E+03  7.78704605E+01  0.00000000E+00 
'L'  1.06821396E+04  3.65769800E+03  6.00000000E+01  2.23065000E+04 
 3.00000000E+00  3.00000000E+00 240 300 60 
3 
 5.50000000E+01  1.50000000E+02  2.50000000E+02 
'M.PONT 2' 
'F'  0.00000000E+00 'M.PO079' 5 2  0.00000000E+00  2.50000000E+01  2.50000000E+01  2.50000000E+01  1.20000000E+01  2.50000000E+01  2.50000000E+01 
 1.02139502E+03  7.78704605E+01  0.00000000E+00 
'L'  1.06821396E+04  3.65769800E+03  6.00000000E+01  2.23065000E+04 
 3.00000000E+00  3.00000000E+00 240 300 60 
3 
 5.50000000E+01  1.50000000E+02  2.50000000E+02 
'M.PONT 3' 
'F'  0.00000000E+00 'M.PO080' 5 2  0.00000000E+00  2.50000000E+01  2.50000000E+01  2.50000000E+01  1.20000000E+01  2.50000000E+01  2.50000000E+01 
 3.71822046E+03  2.83474548E+02  0.00000000E+00 
'L'  1.64180195E+04  1.22783203E+04  6.00000000E+01  5.54391797E+04 
 3.00000000E+00  3.00000000E+00 240 300 60 
3 
 5.50000000E+01  1.50000000E+02  2.50000000E+02 
'PORC2T 1' 
'F'  0.00000000E+00 'PORC081' 10 3  0.00000000E+00  9.00000000E+01  9.00000000E+01  9.00000000E+01  7.50000000E+01  7.50000000E+01  7.50000000E+01 
 3.02947754E+03  8.27095184E+01  0.00000000E+00 
'L'  2.84200000E+04  6.15478223E+03  6.00000000E+01  4.79802305E+04 
 4.00000000E+00  6.00000000E+00 360 360 60 
3 
 1.75000000E+02  3.86000000E+02  6.00000000E+02 
'PORC2T 2' 
'F'  0.00000000E+00 'PORC082' 10 3  0.00000000E+00  9.00000000E+01  9.00000000E+01  9.00000000E+01  7.50000000E+01  7.50000000E+01  7.50000000E+01 
 3.02947754E+03  8.27095184E+01  0.00000000E+00 
'L'  2.84200000E+04  6.15478223E+03  6.00000000E+01  4.79802305E+04 
 6.00000000E+00  6.00000000E+00 360 540 60 
3 
 1.75000000E+02  3.86000000E+02  6.00000000E+02 
'PORC2T 3' 
'F'  0.00000000E+00 'PORC083' 10 3  0.00000000E+00  9.00000000E+01  9.00000000E+01  9.00000000E+01  7.50000000E+01  7.50000000E+01  7.50000000E+01 
 3.01665405E+03  8.54239807E+01  0.00000000E+00 
'L'  2.83965996E+04  6.12825586E+03  6.00000000E+01  4.78725312E+04 
 6.00000000E+00  6.00000000E+00 360 360 60 
3 
 1.75000000E+02  3.86000000E+02  6.00000000E+02 
'PORC2T 4' 
'F'  0.00000000E+00 'PORC084' 10 3  0.00000000E+00  9.00000000E+01  9.00000000E+01  9.00000000E+01  7.50000000E+01  7.50000000E+01  0.00000000E+00 
 3.01599170E+03  8.54052582E+01  0.00000000E+00 
'L'  2.83965996E+04  6.12825586E+03  6.00000000E+01  4.78725312E+04 
 6.00000000E+00  6.00000000E+00 360 360 60 
3 
 1.75000000E+02  3.86000000E+02  6.00000000E+02 
'VAIR6T 1' 
'G'  0.00000000E+00 'VAIR085' 2 2  0.00000000E+00  1.50000000E+01  1.50000000E+01  1.00000000E-06  7.00000000E+00  7.00000000E+00  0.00000000E+00 
 7.03331396E+03  1.17848694E+02  0.00000000E+00 
'L'  3.40007007E+03  0.00000000E+00  6.00000000E+01  3.40007007E+03 
 1.20000000E+01  1.20000000E+01 30 60 60 
2 
 1.31000000E+02  1.85000000E+02 
'VAIR6T 2' 
'G'  0.00000000E+00 'VAIR086' 2 2  0.00000000E+00  1.50000000E+01  1.50000000E+01  1.00000000E-06  7.00000000E+00  7.00000000E+00  0.00000000E+00 
 6.56008203E+03  1.09919342E+02  0.00000000E+00 
'L'  3.40007007E+03  0.00000000E+00  6.00000000E+01  3.40007007E+03 
 1.20000000E+01  1.20000000E+01 30 60 60 
2 
 1.31000000E+02  1.85000000E+02 
'VAIR6T 3' 
'G'  0.00000000E+00 'VAIR087' 2 2  0.00000000E+00  1.50000000E+01  1.50000000E+01  1.00000000E-06  7.00000000E+00  7.00000000E+00  0.00000000E+00 
 6.91522803E+03  1.15870140E+02  0.00000000E+00 
'L'  3.40007007E+03  0.00000000E+00  6.00000000E+01  3.40007007E+03 
 1.20000000E+01  1.20000000E+01 30 60 60 
2 
 1.27000000E+02  1.94000000E+02 
'PSMA.T 1' 
'P'  0.00000000E+00 'PSMA088' 2 2  0.00000000E+00  3.60000000E+01  7.40000000E+01  5.50000000E+01  5.00000000E+00  5.00000000E+00  5.00000000E+00 
 0.00000000E+00  4.45999680E+01  0.00000000E+00 
'L'  0.00000000E+00  0.00000000E+00  6.00000000E+01  0.00000000E+00 
 3.10000000E+01  3.10000000E+01 120 300 60 
6 
 4.20000000E+02  5.10000000E+02  6.16000000E+02  7.21000000E+02  9.02000000E+02  1.15600000E+03 
'PSMA.T 2' 
'P'  0.00000000E+00 'PSMA089' 2 2  0.00000000E+00  4.20000000E+01  4.20000000E+01  4.20000000E+01  6.00000000E+00  6.00000000E+00  6.00000000E+00 
 0.00000000E+00  4.45999680E+01  0.00000000E+00 
'L'  0.00000000E+00  0.00000000E+00  6.00000000E+01  0.00000000E+00 
 3.10000000E+01  3.10000000E+01 180 300 60 
3 
 3.66000000E+02  4.50000000E+02  5.83000000E+02 
'PSMA.T 3' 
'P'  0.00000000E+00 'PSMA090' 2 2  0.00000000E+00  1.50000000E+01  1.50000000E+01  1.50000000E+01  1.00000000E+00  1.00000000E+00  1.00000000E+00 
 0.00000000E+00  4.45999680E+01  0.00000000E+00 
'L'  0.00000000E+00  0.00000000E+00  6.00000000E+01  0.00000000E+00 
 3.10000000E+01  3.10000000E+01 180 300 60 
3 
 1.15000000E+02  1.80000000E+02  2.26000000E+02 
'PCMA.T 9' 
'P'  0.00000000E+00 'PCMA091' 2 2  0.00000000E+00  3.60000000E+01  7.40000000E+01  5.50000000E+01  1.20000000E+01  1.20000000E+01  1.20000000E+01 
 0.00000000E+00  4.45999680E+01  0.00000000E+00 
'L'  0.00000000E+00  0.00000000E+00  6.00000000E+01  0.00000000E+00 
 3.10000000E+01  3.10000000E+01 180 300 300 
6 
 3.63000000E+02  5.10000000E+02  6.16000000E+02  7.21000000E+02  9.02000000E+02  1.16300000E+03 
'PSAP.T 1' 
'P'  0.00000000E+00 'PSAP092' 2 2  0.00000000E+00  2.00000000E+01  2.00000000E+01  2.00000000E+01  5.00000000E+00  5.00000000E+00  5.00000000E+00 
 0.00000000E+00  4.41899681E+01  0.00000000E+00 
'L'  0.00000000E+00  0.00000000E+00  6.00000000E+01  0.00000000E+00 
 1.50000000E+00  1.50000000E+00 180 300 60 
3 
 1.45000000E+02  1.80000000E+02  2.90000000E+02 
'PS60.T 1' 
'P'  0.00000000E+00 'PS60093' 2 2  0.00000000E+00  4.70000000E+01  4.70000000E+01  4.70000000E+01  1.20000000E+01  1.20000000E+01  1.20000000E+01 
 0.00000000E+00  4.47699928E+01  0.00000000E+00 
'L'  0.00000000E+00  0.00000000E+00  6.00000000E+01  0.00000000E+00 
 5.00000000E+00  5.00000000E+00 180 300 60 
2 
 4.19000000E+02  5.92000000E+02 
'PS25.T 1' 
'P'  0.00000000E+00 'PS25094' 2 2  0.00000000E+00  2.00000000E+01  2.00000000E+01  2.00000000E+01  5.00000000E+00  5.00000000E+00  5.00000000E+00 
 0.00000000E+00  4.39299774E+01  0.00000000E+00 
'L'  0.00000000E+00  0.00000000E+00  6.00000000E+01  0.00000000E+00 
 1.50000000E+00  1.50000000E+00 180 300 60 
3 
 1.45000000E+02  1.80000000E+02  2.40000000E+02 
'CGDPAT 1' 
'P'  0.00000000E+00 'CGDP095' 2 2  0.00000000E+00  1.00000000E-06  1.00000000E-06  1.00000000E-06  0.00000000E+00  0.00000000E+00  0.00000000E+00 
 0.00000000E+00  3.19999939E+02  0.00000000E+00 
'L'  0.00000000E+00  0.00000000E+00  6.00000000E+01  0.00000000E+00 
 6.00000000E+00  1.50000000E+01 1440 1440 0 
2 
 1.00000000E+01  1.99900000E+03 
'CGDPBT 1' 
'P'  0.00000000E+00 'CGDP096' 2 2  0.00000000E+00  1.00000000E-06  1.00000000E-06  1.00000000E-06  0.00000000E+00  0.00000000E+00  0.00000000E+00 
 0.00000000E+00  3.21000000E+02  0.00000000E+00 
'L'  0.00000000E+00  0.00000000E+00  6.00000000E+01  0.00000000E+00 
 6.00000000E+00  1.50000000E+01 1440 1440 0 
2 
 1.00000000E+01  1.99900000E+03 
'CGPTPT 1' 
'P'  0.00000000E+00 'CGPT097' 2 2  0.00000000E+00  1.00000000E-06  1.00000000E-06  1.00000000E-06  0.00000000E+00  0.00000000E+00  0.00000000E+00 
 0.00000000E+00  2.89000031E+02  0.00000000E+00 
'L'  0.00000000E+00  0.00000000E+00  6.00000000E+01  0.00000000E+00 
 6.00000000E+00  1.50000000E+01 1440 1440 0 
2 
 1.00000000E+01  1.99900000E+03 
'CGPTPT 2' 
'P'  0.00000000E+00 'CGPT098' 2 2  0.00000000E+00  1.00000000E-06  1.00000000E-06  1.00000000E-06  0.00000000E+00  0.00000000E+00  0.00000000E+00 
 0.00000000E+00  2.89000031E+02  0.00000000E+00 
'L'  0.00000000E+00  0.00000000E+00  6.00000000E+01  0.00000000E+00 
 6.00000000E+00  1.50000000E+01 1440 1440 0 
2 
 1.00000000E+01  1.99900000E+03 
'THPTPT 1' 
'P'  0.00000000E+00 'THPT099' 2 2  0.00000000E+00  1.00000000E-06  1.00000000E-06  1.00000000E-06  0.00000000E+00  0.00000000E+00  0.00000000E+00 
 0.00000000E+00  2.89000031E+02  0.00000000E+00 
'L'  0.00000000E+00  0.00000000E+00  6.00000000E+01  0.00000000E+00 
 6.00000000E+00  1.50000000E+01 1440 1440 0 
2 
 1.00000000E+01  1.99900000E+03 
'AUPTPT 1' 
'P'  0.00000000E+00 'AUPT100' 2 2  0.00000000E+00  1.00000000E-06  1.00000000E-06  1.00000000E-06  0.00000000E+00  0.00000000E+00  0.00000000E+00 
 0.00000000E+00  2.89000031E+02  0.00000000E+00 
'L'  0.00000000E+00  0.00000000E+00  6.00000000E+01  0.00000000E+00 
 6.00000000E+00  1.50000000E+01 1440 1440 0 
2 
 1.00000000E+01  1.99900000E+03 
'CGDTPT 1' 
'P'  0.00000000E+00 'CGDT101' 2 2  0.00000000E+00  1.00000000E-06  1.00000000E-06  1.00000000E-06  0.00000000E+00  0.00000000E+00  0.00000000E+00 
 0.00000000E+00  2.89000031E+02  0.00000000E+00 
'L'  0.00000000E+00  0.00000000E+00  6.00000000E+01  0.00000000E+00 
 6.00000000E+00  1.50000000E+01 1440 1440 0 
2 
 1.00000000E+01  1.99900000E+03 
'CGDTXT 1' 
'P'  0.00000000E+00 'CGDT102' 2 2  0.00000000E+00  1.00000000E-06  1.00000000E-06  1.00000000E-06  0.00000000E+00  0.00000000E+00  0.00000000E+00 
 0.00000000E+00  2.89000031E+02  0.00000000E+00 
'L'  0.00000000E+00  0.00000000E+00  6.00000000E+01  0.00000000E+00 
 6.00000000E+00  1.50000000E+01 1440 1440 0 
2 
 1.00000000E+01  1.99900000E+03 
'CGDRPT 1' 
'P'  0.00000000E+00 'CGDR103' 2 2  0.00000000E+00  1.00000000E-06  1.00000000E-06  1.00000000E-06  0.00000000E+00  0.00000000E+00  0.00000000E+00 
 0.00000000E+00  2.89000031E+02  0.00000000E+00 
'L'  0.00000000E+00  0.00000000E+00  6.00000000E+01  0.00000000E+00 
 6.00000000E+00  1.50000000E+01 1440 1440 0 
2 
 1.00000000E+01  1.99900000E+03 
'DFEGST 1' 
'P'  0.00000000E+00 'DFEG104' 2 2  0.00000000E+00  1.00000000E-06  1.00000000E-06  1.00000000E-06  0.00000000E+00  0.00000000E+00  0.00000000E+00 
 0.00000000E+00  1.19460007E+02  0.00000000E+00 
'L'  0.00000000E+00  0.00000000E+00  6.00000000E+01  0.00000000E+00 
 6.00000000E+00  1.50000000E+01 1440 1440 0 
2 
 1.00000000E+01  1.99900000E+03 
'DSEGST 1' 
'P'  0.00000000E+00 'DSEG105' 2 2  0.00000000E+00  1.00000000E-06  1.00000000E-06  1.00000000E-06  0.00000000E+00  0.00000000E+00  0.00000000E+00 
 0.00000000E+00  1.19460007E+02  0.00000000E+00 
'L'  0.00000000E+00  0.00000000E+00  6.00000000E+01  0.00000000E+00 
 6.00000000E+00  1.50000000E+01 1440 1440 0 
2 
 1.00000000E+01  1.99900000E+03 
'DWEGST 1' 
'P'  0.00000000E+00 'DWEG106' 2 2  0.00000000E+00  1.00000000E-06  1.00000000E-06  1.00000000E-06  0.00000000E+00  0.00000000E+00  0.00000000E+00 
 0.00000000E+00  1.19460007E+02  0.00000000E+00 
'L'  0.00000000E+00  0.00000000E+00  6.00000000E+01  0.00000000E+00 
 6.00000000E+00  1.50000000E+01 1440 1440 0 
2 
 1.00000000E+01  1.99900000E+03 
'DWELDT 1' 
'P'  0.00000000E+00 'DWEL107' 2 2  0.00000000E+00  1.00000000E-06  1.00000000E-06  1.00000000E-06  0.00000000E+00  0.00000000E+00  0.00000000E+00 
 0.00000000E+00  1.19460007E+02  0.00000000E+00 
'L'  0.00000000E+00  0.00000000E+00  6.00000000E+01  0.00000000E+00 
 6.00000000E+00  1.50000000E+01 1440 1440 0 
2 
 1.00000000E+01  1.99900000E+03 
'DFELDT 1' 
'P'  0.00000000E+00 'DFEL108' 2 2  0.00000000E+00  1.00000000E-06  1.00000000E-06  1.00000000E-06  0.00000000E+00  0.00000000E+00  0.00000000E+00 
 0.00000000E+00  1.19460007E+02  0.00000000E+00 
'L'  0.00000000E+00  0.00000000E+00  6.00000000E+01  0.00000000E+00 
 6.00000000E+00  1.50000000E+01 1440 1440 0 
2 
 1.00000000E+01  1.99900000E+03 
'ARRI5T 1' 
'G'  0.00000000E+00 'ARRI109' 2 2  0.00000000E+00  1.00000000E-06  1.00000000E-06  1.00000000E-06  7.00000000E+00  7.00000000E+00  1.80000000E+01 
 5.20581152E+03  1.34642944E+02  0.00000000E+00 
'L'  3.40007007E+03  0.00000000E+00  6.00000000E+01  3.40007007E+03 
 1.00000000E+01  1.00000000E+01 30 30 30 
2 
 7.40000000E+01  1.25000000E+02 
'ARRI5T 2' 
'G'  0.00000000E+00 'ARRI110' 2 2  0.00000000E+00  2.30000000E+01  2.30000000E+01  1.00000000E-06  7.00000000E+00  7.00000000E+00  1.80000000E+01 
 4.85881006E+03  1.34537567E+02  0.00000000E+00 
'L'  3.40007007E+03  0.00000000E+00  6.00000000E+01  3.40007007E+03 
 1.00000000E+01  1.00000000E+01 30 30 30 
2 
 6.50000000E+01  1.29000000E+02 
'BRENNT 1' 
'G'  0.00000000E+00 'BREN111' 4 4  0.00000000E+00  1.00000000E-06  1.00000000E-06  1.00000000E-06  0.00000000E+00  0.00000000E+00  0.00000000E+00 
 4.10106689E+03  1.32383331E+02  0.00000000E+00 
'L'  0.00000000E+00  0.00000000E+00  6.00000000E+01  0.00000000E+00 
 7.00000000E+00  7.00000000E+00 30 30 30 
3 
 4.00000000E+01  4.20000000E+01  7.00000000E+01 
'BRENNT 2' 
'G'  0.00000000E+00 'BREN112' 4 4  0.00000000E+00  1.00000000E-06  1.00000000E-06  1.00000000E-06  0.00000000E+00  0.00000000E+00  0.00000000E+00 
 4.14229590E+03  1.33714264E+02  0.00000000E+00 
'L'  0.00000000E+00  0.00000000E+00  6.00000000E+01  0.00000000E+00 
 7.00000000E+00  7.00000000E+00 30 30 30 
3 
 4.00000000E+01  4.20000000E+01  7.00000000E+01 
'BRENNT 3' 
'G'  0.00000000E+00 'BREN113' 4 4  0.00000000E+00  1.50000000E+01  1.50000000E+01  1.00000000E-06  7.00000000E+00  7.00000000E+00  0.00000000E+00 
 4.63020410E+03  1.31730972E+02  0.00000000E+00 
'L'  3.40007007E+03  0.00000000E+00  6.00000000E+01  3.40007007E+03 
 1.00000000E+01  1.00000000E+01 30 30 30 
2 
 9.00000000E+01  1.25000000E+02 
'DIRINT 1' 
'G'  0.00000000E+00 'DIRI114' 2 2  0.00000000E+00  1.00000000E-06  1.00000000E-06  1.00000000E-06  0.00000000E+00  0.00000000E+00  0.00000000E+00 
 4.29293555E+03  1.35962219E+02  0.00000000E+00 
'L'  0.00000000E+00  0.00000000E+00  6.00000000E+01  0.00000000E+00 
 7.00000000E+00  7.00000000E+00 30 30 30 
3 
 4.00000000E+01  4.20000000E+01  7.00000000E+01 
'DIRINT 2' 
'G'  0.00000000E+00 'DIRI115' 2 2  0.00000000E+00  1.00000000E-06  1.00000000E-06  1.00000000E-06  0.00000000E+00  0.00000000E+00  0.00000000E+00 
 4.48311572E+03  1.41985504E+02  0.00000000E+00 
'L'  0.00000000E+00  0.00000000E+00  6.00000000E+01  0.00000000E+00 
 7.00000000E+00  7.00000000E+00 30 30 30 
3 
 3.90000000E+01  4.20000000E+01  7.00000000E+01 
'PHENIT 1' 
'P'  0.00000000E+00 'PHEN116' 9 4  0.00000000E+00  1.00000000E-06  1.00000000E-06  1.00000000E-06  0.00000000E+00  0.00000000E+00  0.00000000E+00 
 1.16499962E+02  4.49999857E+00  0.00000000E+00 
'L'  0.00000000E+00  0.00000000E+00  6.00000000E+01  0.00000000E+00 
 3.00000000E+01  3.00000000E+01 1410 2160 120 
2 
 1.30000000E+02  2.33000000E+02 
'RICHET 0' 
'G'  0.00000000E+00 'RICH117' 4 3  0.00000000E+00  3.00000000E+00  3.00000000E+00  3.00000000E+00  0.00000000E+00  0.00000000E+00  0.00000000E+00 
 6.13333252E+02  7.36666794E+01  0.00000000E+00 
'L'  0.00000000E+00  0.00000000E+00  6.00000000E+01  0.00000000E+00 
 5.00000000E+00  5.00000000E+00 360 360 0 
3 
 2.30000000E+01  6.00000000E+01  1.15000000E+02 
'VLEJUT 1' 
'G'  0.00000000E+00 'VLEJ118' 2 2  0.00000000E+00  1.00000000E-06  1.00000000E-06  1.00000000E-06  0.00000000E+00  0.00000000E+00  0.00000000E+00 
-4.04804907E+03  2.46227478E+02  0.00000000E+00 
'L'  0.00000000E+00  0.00000000E+00  6.00000000E+01  0.00000000E+00 
 2.00000000E+00  2.00000000E+00 30 30 30 
2 
 1.00000000E+00  6.00000000E+01 
'PI25.T 1' 
'P'  0.00000000E+00 'PI25119' 2 2  0.00000000E+00  2.00000000E+01  2.00000000E+01  2.00000000E+01  5.00000000E+00  5.00000000E+00  5.00000000E+00 
 4.36874878E+02  2.83483257E+01  0.00000000E+00 
'L'  0.00000000E+00  0.00000000E+00  6.00000000E+01  0.00000000E+00 
 1.50000000E+00  1.50000000E+00 120 300 180 
2 
 1.20000000E+02  2.40000000E+02 
'PIMP.T 1' 
'P'  0.00000000E+00 'PIMP120' 2 2  0.00000000E+00  1.00000000E-06  1.00000000E-06  1.00000000E-06  0.00000000E+00  0.00000000E+00  0.00000000E+00 
 4.36874878E+02  2.83483257E+01  0.00000000E+00 
'L'  0.00000000E+00  0.00000000E+00  6.00000000E+01  0.00000000E+00 
 1.00000000E+00  1.00000000E+00 120 300 180 
1 
 0.00000000E+00 
'PSSA.T 1' 
'P'  0.00000000E+00 'PSSA121' 2 2  0.00000000E+00  1.00000000E-06  1.00000000E-06  1.00000000E-06  0.00000000E+00  0.00000000E+00  0.00000000E+00 
 4.36874878E+02  2.83483257E+01  0.00000000E+00 
'L'  0.00000000E+00  0.00000000E+00  6.00000000E+01  0.00000000E+00 
 1.00000000E+00  1.00000000E+00 120 300 180 
1 
 0.00000000E+00 
'CGHTAT 1' 
'P'  0.00000000E+00 'CGHT122' 2 2  0.00000000E+00  7.00000000E+01  7.00000000E+01  7.00000000E+01  0.00000000E+00  0.00000000E+00  0.00000000E+00 
 0.00000000E+00  2.83000031E+02  0.00000000E+00 
'L'  0.00000000E+00  0.00000000E+00  6.00000000E+01  0.00000000E+00 
 6.00000000E+00  1.50000000E+01 1440 1440 120 
3 
 1.60000000E+02  8.00000000E+02  1.99900000E+03 
'CGHTAT 2' 
'P'  0.00000000E+00 'CGHT123' 2 2  0.00000000E+00  7.00000000E+01  7.00000000E+01  7.00000000E+01  0.00000000E+00  0.00000000E+00  0.00000000E+00 
 0.00000000E+00  2.82000000E+02  0.00000000E+00 
'L'  0.00000000E+00  0.00000000E+00  6.00000000E+01  0.00000000E+00 
 6.00000000E+00  1.50000000E+01 1440 1440 120 
3 
 1.60000000E+02  8.00000000E+02  1.99900000E+03 
'CGHTBT 1' 
'P'  0.00000000E+00 'CGHT124' 2 2  0.00000000E+00  3.00000000E+01  3.00000000E+01  3.00000000E+01  0.00000000E+00  0.00000000E+00  0.00000000E+00 
 0.00000000E+00  2.80999969E+02  0.00000000E+00 
'L'  0.00000000E+00  0.00000000E+00  6.00000000E+01  0.00000000E+00 
 5.00000000E+00  3.00000000E+01 1440 1440 120 
3 
 1.60000000E+02  4.50000000E+02  1.99900000E+03 
'CGHTBT 2' 
'P'  0.00000000E+00 'CGHT125' 2 2  0.00000000E+00  3.00000000E+01  3.00000000E+01  3.00000000E+01  0.00000000E+00  0.00000000E+00  0.00000000E+00 
 0.00000000E+00  2.80000061E+02  0.00000000E+00 
'L'  0.00000000E+00  0.00000000E+00  6.00000000E+01  0.00000000E+00 
 5.00000000E+00  3.00000000E+01 1440 1440 120 
3 
 1.60000000E+02  4.50000000E+02  1.99900000E+03 
'PMAR.T 1' 
'P'  0.00000000E+00 'PMAR126' 2 2  0.00000000E+00  1.00000000E-06  1.00000000E-06  1.00000000E-06  0.00000000E+00  0.00000000E+00  0.00000000E+00 
 4.36874878E+02  2.83483257E+01  0.00000000E+00 
'L'  0.00000000E+00  0.00000000E+00  6.00000000E+01  0.00000000E+00 
 1.00000000E+00  1.00000000E+00 120 300 180 
1 
 0.00000000E+00 
'CGPTFT 1' 
'P'  0.00000000E+00 'CGPT127' 2 2  0.00000000E+00  7.00000000E+01  7.00000000E+01  7.00000000E+01  0.00000000E+00  0.00000000E+00  0.00000000E+00 
 0.00000000E+00  2.89999969E+02  0.00000000E+00 
'L'  0.00000000E+00  0.00000000E+00  6.00000000E+01  0.00000000E+00 
 6.00000000E+00  1.50000000E+01 1440 1440 120 
3 
 1.60000000E+02  8.00000000E+02  1.99900000E+03 
'CGPTFT 2' 
'P'  0.00000000E+00 'CGPT128' 2 2  0.00000000E+00  7.00000000E+01  7.00000000E+01  7.00000000E+01  0.00000000E+00  0.00000000E+00  0.00000000E+00 
 0.00000000E+00  2.89999969E+02  0.00000000E+00 
'L'  0.00000000E+00  0.00000000E+00  6.00000000E+01  0.00000000E+00 
 6.00000000E+00  1.50000000E+01 1440 1440 120 
3 
 1.60000000E+02  8.00000000E+02  1.99900000E+03 
'CGPTXT 1' 
'P'  0.00000000E+00 'CGPT129' 2 2  0.00000000E+00  7.00000000E+01  7.00000000E+01  7.00000000E+01  0.00000000E+00  0.00000000E+00  0.00000000E+00 
 0.00000000E+00  2.89999969E+02  0.00000000E+00 
'L'  0.00000000E+00  0.00000000E+00  6.00000000E+01  0.00000000E+00 
 6.00000000E+00  1.50000000E+01 1440 1440 120 
3 
 1.60000000E+02  8.00000000E+02  1.99900000E+03 
'CGPTXT 2' 
'P'  0.00000000E+00 'CGPT130' 2 2  0.00000000E+00  7.00000000E+01  7.00000000E+01  7.00000000E+01  0.00000000E+00  0.00000000E+00  0.00000000E+00 
 0.00000000E+00  2.89999969E+02  0.00000000E+00 
'L'  0.00000000E+00  0.00000000E+00  6.00000000E+01  0.00000000E+00 
 6.00000000E+00  1.50000000E+01 1440 1440 120 
3 
 1.60000000E+02  8.00000000E+02  1.99900000E+03 
'CGRPDT 1' 
'P'  0.00000000E+00 'CGRP131' 2 2  0.00000000E+00  7.00000000E+01  7.00000000E+01  7.00000000E+01  0.00000000E+00  0.00000000E+00  0.00000000E+00 
 0.00000000E+00  2.89999969E+02  0.00000000E+00 
'L'  0.00000000E+00  0.00000000E+00  6.00000000E+01  0.00000000E+00 
 6.00000000E+00  1.50000000E+01 1440 1440 120 
3 
 1.60000000E+02  8.00000000E+02  1.99900000E+03 
'CGRPDT 2' 
'P'  0.00000000E+00 'CGRP132' 2 2  0.00000000E+00  7.00000000E+01  7.00000000E+01  7.00000000E+01  0.00000000E+00  0.00000000E+00  0.00000000E+00 
 0.00000000E+00  2.89999969E+02  0.00000000E+00 
'L'  0.00000000E+00  0.00000000E+00  6.00000000E+01  0.00000000E+00 
 6.00000000E+00  1.50000000E+01 1440 1440 120 
3 
 1.60000000E+02  8.00000000E+02  1.99900000E+03 
'THPTFT 1' 
'P'  0.00000000E+00 'THPT133' 2 2  0.00000000E+00  7.00000000E+01  7.00000000E+01  7.00000000E+01  0.00000000E+00  0.00000000E+00  0.00000000E+00 
 0.00000000E+00  2.89999969E+02  0.00000000E+00 
'L'  0.00000000E+00  0.00000000E+00  6.00000000E+01  0.00000000E+00 
 6.00000000E+00  1.50000000E+01 1440 1440 120 
3 
 1.60000000E+02  8.00000000E+02  1.99900000E+03 
'THPTXT 1' 
'P'  0.00000000E+00 'THPT134' 2 2  0.00000000E+00  7.00000000E+01  7.00000000E+01  7.00000000E+01  0.00000000E+00  0.00000000E+00  0.00000000E+00 
 0.00000000E+00  2.89999969E+02  0.00000000E+00 
'L'  0.00000000E+00  0.00000000E+00  6.00000000E+01  0.00000000E+00 
 6.00000000E+00  1.50000000E+01 1440 1440 120 
3 
 1.60000000E+02  8.00000000E+02  1.99900000E+03 
'THRPDT 1' 
'P'  0.00000000E+00 'THRP135' 2 2  0.00000000E+00  7.00000000E+01  7.00000000E+01  7.00000000E+01  0.00000000E+00  0.00000000E+00  0.00000000E+00 
 0.00000000E+00  2.89999969E+02  0.00000000E+00 
'L'  0.00000000E+00  0.00000000E+00  6.00000000E+01  0.00000000E+00 
 6.00000000E+00  1.50000000E+01 1440 1440 120 
3 
 1.60000000E+02  8.00000000E+02  1.99900000E+03 
'EOPTFT 1' 
'P'  0.00000000E+00 'EOPT136' 2 2  0.00000000E+00  7.00000000E+01  7.00000000E+01  7.00000000E+01  0.00000000E+00  0.00000000E+00  0.00000000E+00 
 0.00000000E+00  2.89999969E+02  0.00000000E+00 
'L'  0.00000000E+00  0.00000000E+00  6.00000000E+01  0.00000000E+00 
 6.00000000E+00  1.50000000E+01 1440 1440 120 
3 
 1.60000000E+02  8.00000000E+02  1.99900000E+03 
'EOPTXT 1' 
'P'  0.00000000E+00 'EOPT137' 2 2  0.00000000E+00  7.00000000E+01  7.00000000E+01  7.00000000E+01  0.00000000E+00  0.00000000E+00  0.00000000E+00 
 0.00000000E+00  2.89999969E+02  0.00000000E+00 
'L'  0.00000000E+00  0.00000000E+00  6.00000000E+01  0.00000000E+00 
 6.00000000E+00  1.50000000E+01 1440 1440 120 
3 
 1.60000000E+02  8.00000000E+02  1.99900000E+03 
'EOPTXT 2' 
'P'  0.00000000E+00 'EOPT138' 2 2  0.00000000E+00  7.00000000E+01  7.00000000E+01  7.00000000E+01  0.00000000E+00  0.00000000E+00  0.00000000E+00 
 0.00000000E+00  2.89999969E+02  0.00000000E+00 
'L'  0.00000000E+00  0.00000000E+00  6.00000000E+01  0.00000000E+00 
 6.00000000E+00  1.50000000E+01 1440 1440 120 
3 
 1.60000000E+02  8.00000000E+02  1.99900000E+03 
'EORPDT 1' 
'P'  0.00000000E+00 'EORP139' 2 2  0.00000000E+00  7.00000000E+01  7.00000000E+01  7.00000000E+01  0.00000000E+00  0.00000000E+00  0.00000000E+00 
 0.00000000E+00  2.89999969E+02  0.00000000E+00 
'L'  0.00000000E+00  0.00000000E+00  6.00000000E+01  0.00000000E+00 
 6.00000000E+00  1.50000000E+01 1440 1440 120 
3 
 1.60000000E+02  8.00000000E+02  1.99900000E+03 
'EORPDT 2' 
'P'  0.00000000E+00 'EORP140' 2 2  0.00000000E+00  7.00000000E+01  7.00000000E+01  7.00000000E+01  0.00000000E+00  0.00000000E+00  0.00000000E+00 
 0.00000000E+00  2.89999969E+02  0.00000000E+00 
'L'  0.00000000E+00  0.00000000E+00  6.00000000E+01  0.00000000E+00 
 6.00000000E+00  1.50000000E+01 1440 1440 120 
3 
 1.60000000E+02  8.00000000E+02  1.99900000E+03 
'EORPDT 3' 
'P'  0.00000000E+00 'EORP141' 2 2  0.00000000E+00  7.00000000E+01  7.00000000E+01  7.00000000E+01  0.00000000E+00  0.00000000E+00  0.00000000E+00 
 0.00000000E+00  2.89999969E+02  0.00000000E+00 
'L'  0.00000000E+00  0.00000000E+00  6.00000000E+01  0.00000000E+00 
 6.00000000E+00  1.50000000E+01 1440 1440 120 
3 
 1.60000000E+02  8.00000000E+02  1.99900000E+03 
'HYPTLT 1' 
'P'  0.00000000E+00 'HYPT142' 2 2  0.00000000E+00  7.00000000E+01  7.00000000E+01  7.00000000E+01  0.00000000E+00  0.00000000E+00  0.00000000E+00 
 0.00000000E+00  2.89999969E+02  0.00000000E+00 
'L'  0.00000000E+00  0.00000000E+00  6.00000000E+01  0.00000000E+00 
 6.00000000E+00  1.50000000E+01 1440 1440 120 
3 
 1.60000000E+02  8.00000000E+02  1.99900000E+03 
'HYPTET 1' 
'P'  0.00000000E+00 'HYPT143' 2 2  0.00000000E+00  7.00000000E+01  7.00000000E+01  7.00000000E+01  0.00000000E+00  0.00000000E+00  0.00000000E+00 
 0.00000000E+00  2.89999969E+02  0.00000000E+00 
'L'  0.00000000E+00  0.00000000E+00  6.00000000E+01  0.00000000E+00 
 6.00000000E+00  1.50000000E+01 1440 1440 120 
3 
 1.60000000E+02  8.00000000E+02  1.99900000E+03 
'HYPTFT 1' 
'P'  0.00000000E+00 'HYPT144' 2 2  0.00000000E+00  7.00000000E+01  7.00000000E+01  7.00000000E+01  0.00000000E+00  0.00000000E+00  0.00000000E+00 
 0.00000000E+00  2.89999969E+02  0.00000000E+00 
'L'  0.00000000E+00  0.00000000E+00  6.00000000E+01  0.00000000E+00 
 6.00000000E+00  1.50000000E+01 1440 1440 120 
3 
 1.60000000E+02  8.00000000E+02  1.99900000E+03 
'HYPTXT 1' 
'P'  0.00000000E+00 'HYPT145' 2 2  0.00000000E+00  7.00000000E+01  7.00000000E+01  7.00000000E+01  0.00000000E+00  0.00000000E+00  0.00000000E+00 
 0.00000000E+00  2.89999969E+02  0.00000000E+00 
'L'  0.00000000E+00  0.00000000E+00  6.00000000E+01  0.00000000E+00 
 6.00000000E+00  1.50000000E+01 1440 1440 120 
3 
 1.60000000E+02  8.00000000E+02  1.99900000E+03 
'HYRPDT 1' 
'P'  0.00000000E+00 'HYRP146' 2 2  0.00000000E+00  7.00000000E+01  7.00000000E+01  7.00000000E+01  0.00000000E+00  0.00000000E+00  0.00000000E+00 
 0.00000000E+00  2.89999969E+02  0.00000000E+00 
'L'  0.00000000E+00  0.00000000E+00  6.00000000E+01  0.00000000E+00 
 6.00000000E+00  1.50000000E+01 1440 1440 120 
3 
 1.60000000E+02  8.00000000E+02  1.99900000E+03 
'AUPTFT 1' 
'P'  0.00000000E+00 'AUPT147' 2 2  0.00000000E+00  7.00000000E+01  7.00000000E+01  7.00000000E+01  0.00000000E+00  0.00000000E+00  0.00000000E+00 
 0.00000000E+00  2.89999969E+02  0.00000000E+00 
'L'  0.00000000E+00  0.00000000E+00  6.00000000E+01  0.00000000E+00 
 6.00000000E+00  1.50000000E+01 1440 1440 120 
3 
 1.60000000E+02  8.00000000E+02  1.99900000E+03 
'AUPTXT 1' 
'P'  0.00000000E+00 'AUPT148' 2 2  0.00000000E+00  7.00000000E+01  7.00000000E+01  7.00000000E+01  0.00000000E+00  0.00000000E+00  0.00000000E+00 
 0.00000000E+00  2.89999969E+02  0.00000000E+00 
'L'  0.00000000E+00  0.00000000E+00  6.00000000E+01  0.00000000E+00 
 6.00000000E+00  1.50000000E+01 1440 1440 120 
3 
 1.60000000E+02  8.00000000E+02  1.99900000E+03 
'AURPDT 1' 
'P'  0.00000000E+00 'AURP149' 2 2  0.00000000E+00  7.00000000E+01  7.00000000E+01  7.00000000E+01  0.00000000E+00  0.00000000E+00  0.00000000E+00 
 0.00000000E+00  2.89999969E+02  0.00000000E+00 
'L'  0.00000000E+00  0.00000000E+00  6.00000000E+01  0.00000000E+00 
 6.00000000E+00  1.50000000E+01 1440 1440 120 
3 
 1.60000000E+02  8.00000000E+02  1.99900000E+03 
'FIN' 
