   DONNEES POUR LA VALLEE N] 5-ROMANCHE DATE: 22/03/10     6 USINE(S)     5 RESERVOIR(S)
  LAC N]30- G.MARR     0.1000E+04     17.080       -3620.8802
  19932.4400  20160.1400  20387.8400  20615.5400  20843.2400  21070.9400
  21298.6400  21526.3400  21754.0400  21981.7400  22209.4400  22437.1400
  22371.4400  22253.9000  22136.3600  22018.8200  21810.2000  21601.5800
  21423.7400  21276.3200  21128.9000  21011.3600  20893.8200  20776.2800
  20628.8600  20481.4399  20334.0199  20216.4799  20098.9399  19981.3999
  19893.5599  19805.7199  19717.8799  19600.3399  19482.7999  19365.2599
  19247.7199  18910.0399  18572.3599  18234.6799  17930.4799  17752.6399
  17664.7999  17576.9599  17489.1199  17401.2799  17313.4399  17225.5999
  17225.5999  17341.3399  17541.6799  17742.0199  17942.3599  18142.6999
  18343.0399  18543.3799  18771.0799  18998.7799  19226.4799  19426.8199
  19570.9999  19483.1599  19365.6199  19248.0799  19008.1399  18768.1999
  18559.5799  18350.9599  18142.3399  17933.7199  17786.2999  17638.8799
  17491.4599  17344.0399  17226.4999  17108.9599  16991.4199  16873.8799
  16756.3398  16638.7998  16521.2598  16433.4198  16345.5798  16257.7398
  16140.1998  15931.5798  15722.9598  15514.3398  15366.9198  15279.0798
  15279.0798  15366.1998  15538.6398  15711.0798  15911.4198  16139.1198

  LAC N]31- VERN7R     0.1000E+04      0.000        3448.0802
   5347.7600   5118.2600   4888.7600   4659.2600   4429.7600   4200.2600
   3970.7600   3741.2600   3511.7600   3282.2600   3052.7600   2823.2600
   2887.1600   3002.9000   3118.6400   3234.3800   3441.2000   3648.0200
   3824.0600   3969.6800   4115.3000   4231.0400   4346.7800   4462.5200
   4608.1400   4753.7601   4899.3801   5015.1201   5130.8601   5246.6001
   5332.6401   5418.6801   5504.7201   5620.4601   5736.2001   5851.9401
   5967.6801   6303.5601   6639.4401   6975.3201   7277.7201   7453.7601
   7539.8001   7625.8401   7711.8801   7797.9201   7883.9601   7970.0001
   7968.2001   7850.6601   7648.5201   7446.3801   7244.2401   7042.1001
   6839.9601   6637.8201   6408.3201   6178.8201   5949.3201   5747.1801
   5601.2001   5687.2401   5802.9801   5918.7201   6156.8601   6395.0001
   6601.8201   6808.6401   7015.4601   7222.2801   7367.9001   7513.5201
   7659.1401   7804.7601   7920.5001   8036.2401   8151.9801   8267.7201
   8383.4602   8499.2002   8614.9402   8700.9802   8787.0202   8873.0602
   8988.8002   9195.6202   9402.4402   9609.2602   9754.8802   9840.9202
   9839.1202   9750.2002   9575.9602   9401.7202   9199.5802   8970.0802

  LAC N]32- B.ROMR     0.1000E+04      0.000           0.0000
     20.0000     52.2000     90.0000     58.6800     20.0000     57.8000
     20.0000     57.8000     90.0000     52.2000     90.0000     52.2000
     90.0000     58.6800     27.3600     65.1600     90.0000     79.2000
     47.8800     20.0000     52.2000     90.0000     58.6800     41.6000
     30.8000     20.0000     57.8000     26.4800     64.2800     44.8400
     82.6400     51.3200     20.0000     57.8000     90.0000     58.6800
     47.8800     85.6800     54.3600     23.0400     20.0000     57.8000
     26.4800     20.0000     57.8000     20.0000     22.2000     60.0000
     90.0000     58.6800     27.3600     65.1600     20.0000     57.8000
     90.0000     43.2000     90.0000     86.9600     64.6400     42.3200
     20.0000     66.8000     40.1600     86.9600     64.6400     42.3200
     20.0000     66.8000     41.0400     87.8400     65.5200     43.2000
     90.0000     67.6800     64.6400     42.3200     20.0000     66.8000
     23.6000     70.4000     27.2000     20.0000     66.8000     90.0000
     67.6800     45.3600     20.0000     66.8000     42.3200     20.0000
     43.2000     90.0000     88.2000     45.0000     42.3200     20.0000

  LAC N]33- CBON R     0.1000E+04      6.370       -1215.0000
   5477.0000   5477.0000   5477.0000   5477.0000   5477.0000   5477.0000
   5477.0000   5477.0000   5477.0000   5477.0000   5477.0000   5477.0000
   5450.0000   5423.0000   5423.0000   5423.0000   5423.0000   5396.0000
   5369.0000   5342.0000   5342.0000   5342.0000   5315.0000   5288.0000
   5288.0000   5288.0000   5288.0000   5261.0000   5234.0000   5234.0000
   5234.0000   5234.0000   5234.0000   5234.0000   5234.0000   5234.0000
   5207.0000   5180.0000   5153.0000   5126.0000   5099.0000   5099.0000
   5099.0000   5099.0000   5099.0000   5099.0000   5099.0000   5072.0000
   5045.0000   5018.0000   5018.0000   5018.0000   5018.0000   5018.0000
   5018.0000   5018.0000   5018.0000   4991.0000   4964.0000   4964.0000
   4964.0000   4937.0000   4910.0000   4883.0000   4856.0000   4829.0000
   4802.0000   4775.0000   4748.0000   4721.0000   4694.0000   4667.0000
   4640.0000   4613.0000   4586.0000   4559.0000   4559.0000   4559.0000
   4559.0000   4559.0000   4559.0000   4559.0000   4559.0000   4559.0000
   4532.0000   4505.0000   4469.0000   4433.0000   4397.0000   4370.0000
   4343.0000   4316.0000   4289.0000   4262.0000   4262.0000   4262.0000

  LAC N]34- CLAPIR     0.1000E+04      0.000         -11.1600
    105.5400     97.0800     88.6200     80.1600     71.7000     63.2400
     54.7800     46.3200     37.8600     29.4000     20.9400     12.4800
     31.0200     49.5600     41.1000     32.6400     24.1800     42.7200
     61.2600     79.8000     71.3400     62.8800     81.4200     99.9600
     91.5000     83.0400     74.5800     93.1200    111.6600    103.2000
     94.7400     86.2800     77.8200     69.3600     60.9000     52.4400
     70.9800     89.5200    108.0600    126.6000    145.1400    136.6800
    128.2200    119.7600    111.3000    102.8400     94.3800    112.9200
    131.4600    150.0000    132.5400    115.0800     97.6200     80.1600
     62.7000     45.2400     27.7800     37.3200     46.8600     29.4000
     11.9400     21.4800     31.0200     40.5600     50.1000     59.6400
     69.1800     78.7200     88.2600     97.8000    107.3400    116.8800
    126.4200    135.9600    145.5000    155.0400    137.5800    120.1200
    102.6600     85.2000     67.7400     50.2800     32.8200     15.3600
     24.9000     34.4400     52.9800     71.5200     90.0600     99.6000
    109.1400    118.6800    128.2200    137.7600    120.3000    102.8400

  USINE N]38- G.MAIH   30  31        9503.4602
      0.0000      0.0000      0.0000      0.0000      0.0000      0.0000
      0.0000      0.0000      0.0000      0.0000      0.0000      0.0000
     65.7000    117.5400    117.5400    117.5400    208.6200    208.6200
    177.8400    147.4200    147.4200    117.5400    117.5400    117.5400
    147.4200    147.4200    147.4200    117.5400    117.5400    117.5400
     87.8400     87.8400     87.8400    117.5400    117.5400    117.5400
    117.5400    337.6800    337.6800    337.6800    304.2000    177.8400
     87.8400     87.8400     87.8400     87.8400     87.8400     87.8400
      0.0000      0.0000      0.0000      0.0000      0.0000      0.0000
      0.0000      0.0000      0.0000      0.0000      0.0000      0.0000
      0.0000     87.8400    117.5400    117.5400    239.9400    239.9400
    208.6200    208.6200    208.6200    208.6200    147.4200    147.4200
    147.4200    147.4200    117.5400    117.5400    117.5400    117.5400
    117.5400    117.5400    117.5400     87.8400     87.8400     87.8400
    117.5400    208.6200    208.6200    208.6200    147.4200     87.8400
      0.0000      0.0000      0.0000      0.0000      0.0000      0.0000

      0.0000      0.0000      0.0000      0.0000      0.0000      0.0000
      0.0000      0.0000      0.0000      0.0000      0.0000      0.0000
    135.0000    240.0000    240.0000    240.0000    420.0000    420.0000
    360.0000    300.0000    300.0000    240.0000    240.0000    240.0000
    300.0000    300.0000    300.0000    240.0000    240.0000    240.0000
    180.0000    180.0000    180.0000    240.0000    240.0000    240.0000
    240.0000    660.0000    660.0000    660.0000    600.0000    360.0000
    180.0000    180.0000    180.0000    180.0000    180.0000    180.0000
      0.0000      0.0000      0.0000      0.0000      0.0000      0.0000
      0.0000      0.0000      0.0000      0.0000      0.0000      0.0000
      0.0000    180.0000    240.0000    240.0000    480.0000    480.0000
    420.0000    420.0000    420.0000    420.0000    300.0000    300.0000
    300.0000    300.0000    240.0000    240.0000    240.0000    240.0000
    240.0000    240.0000    240.0000    180.0000    180.0000    180.0000
    240.0000    420.0000    420.0000    420.0000    300.0000    180.0000
      0.0000      0.0000      0.0000      0.0000      0.0000      0.0000

  USINE N]39- G.MAIP   31  30        5882.5801
    172.4400    227.7000    227.7000    227.7000    227.7000    227.7000
    227.7000    227.7000    227.7000    227.7000    227.7000    227.7000
      0.0000      0.0000      0.0000      0.0000      0.0000      0.0000
      0.0000      0.0000      0.0000      0.0000      0.0000      0.0000
      0.0000      0.0000      0.0000      0.0000      0.0000      0.0000
      0.0000      0.0000      0.0000      0.0000      0.0000      0.0000
      0.0000      0.0000      0.0000      0.0000      0.0000      0.0000
      0.0000      0.0000      0.0000      0.0000      0.0000      0.0000
      0.0000    115.7400    200.3400    200.3400    200.3400    200.3400
    200.3400    200.3400    227.7000    227.7000    227.7000    200.3400
    144.1800      0.0000      0.0000      0.0000      0.0000      0.0000
      0.0000      0.0000      0.0000      0.0000      0.0000      0.0000
      0.0000      0.0000      0.0000      0.0000      0.0000      0.0000
      0.0000      0.0000      0.0000      0.0000      0.0000      0.0000
      0.0000      0.0000      0.0000      0.0000      0.0000      0.0000
      0.0000     87.1200    172.4400    172.4400    200.3400    227.7000

   -480.0000   -640.0000   -640.0000   -640.0000   -640.0000   -640.0000
   -640.0000   -640.0000   -640.0000   -640.0000   -640.0000   -640.0000
      0.0000      0.0000      0.0000      0.0000      0.0000      0.0000
      0.0000      0.0000      0.0000      0.0000      0.0000      0.0000
      0.0000      0.0000      0.0000      0.0000      0.0000      0.0000
      0.0000      0.0000      0.0000      0.0000      0.0000      0.0000
      0.0000      0.0000      0.0000      0.0000      0.0000      0.0000
      0.0000      0.0000      0.0000      0.0000      0.0000      0.0000
      0.0000   -320.0000   -560.0000   -560.0000   -560.0000   -560.0000
   -560.0000   -560.0000   -640.0000   -640.0000   -640.0000   -560.0000
   -400.0000      0.0000      0.0000      0.0000      0.0000      0.0000
      0.0000      0.0000      0.0000      0.0000      0.0000      0.0000
      0.0000      0.0000      0.0000      0.0000      0.0000      0.0000
      0.0000      0.0000      0.0000      0.0000      0.0000      0.0000
      0.0000      0.0000      0.0000      0.0000      0.0000      0.0000
      0.0000   -240.0000   -480.0000   -480.0000   -560.0000   -640.0000

  USINE N]40- OZ   H   31  32         345.6000
      3.6000      3.6000      3.6000      3.6000      3.6000      3.6000
      3.6000      3.6000      3.6000      3.6000      3.6000      3.6000
      3.6000      3.6000      3.6000      3.6000      3.6000      3.6000
      3.6000      3.6000      3.6000      3.6000      3.6000      3.6000
      3.6000      3.6000      3.6000      3.6000      3.6000      3.6000
      3.6000      3.6000      3.6000      3.6000      3.6000      3.6000
      3.6000      3.6000      3.6000      3.6000      3.6000      3.6000
      3.6000      3.6000      3.6000      3.6000      3.6000      3.6000
      3.6000      3.6000      3.6000      3.6000      3.6000      3.6000
      3.6000      3.6000      3.6000      3.6000      3.6000      3.6000
      3.6000      3.6000      3.6000      3.6000      3.6000      3.6000
      3.6000      3.6000      3.6000      3.6000      3.6000      3.6000
      3.6000      3.6000      3.6000      3.6000      3.6000      3.6000
      3.6000      3.6000      3.6000      3.6000      3.6000      3.6000
      3.6000      3.6000      3.6000      3.6000      3.6000      3.6000
      3.6000      3.6000      3.6000      3.6000      3.6000      3.6000

      0.5000      0.5000      0.5000      0.5000      0.5000      0.5000
      0.5000      0.5000      0.5000      0.5000      0.5000      0.5000
      0.5000      0.5000      0.5000      0.5000      0.5000      0.5000
      0.5000      0.5000      0.5000      0.5000      0.5000      0.5000
      0.5000      0.5000      0.5000      0.5000      0.5000      0.5000
      0.5000      0.5000      0.5000      0.5000      0.5000      0.5000
      0.5000      0.5000      0.5000      0.5000      0.5000      0.5000
      0.5000      0.5000      0.5000      0.5000      0.5000      0.5000
      0.5000      0.5000      0.5000      0.5000      0.5000      0.5000
      0.5000      0.5000      0.5000      0.5000      0.5000      0.5000
      0.5000      0.5000      0.5000      0.5000      0.5000      0.5000
      0.5000      0.5000      0.5000      0.5000      0.5000      0.5000
      0.5000      0.5000      0.5000      0.5000      0.5000      0.5000
      0.5000      0.5000      0.5000      0.5000      0.5000      0.5000
      0.5000      0.5000      0.5000      0.5000      0.5000      0.5000
      0.5000      0.5000      0.5000      0.5000      0.5000      0.5000

  USINE N]41- SSGUIH   33  34        1215.0000
      0.0000      0.0000      0.0000      0.0000      0.0000      0.0000
      0.0000      0.0000      0.0000      0.0000      0.0000      0.0000
     27.0000     27.0000      0.0000      0.0000      0.0000     27.0000
     27.0000     27.0000      0.0000      0.0000     27.0000     27.0000
      0.0000      0.0000      0.0000     27.0000     27.0000      0.0000
      0.0000      0.0000      0.0000      0.0000      0.0000      0.0000
     27.0000     27.0000     27.0000     27.0000     27.0000      0.0000
      0.0000      0.0000      0.0000      0.0000      0.0000     27.0000
     27.0000     27.0000      0.0000      0.0000      0.0000      0.0000
      0.0000      0.0000      0.0000     27.0000     27.0000      0.0000
      0.0000     27.0000     27.0000     27.0000     27.0000     27.0000
     27.0000     27.0000     27.0000     27.0000     27.0000     27.0000
     27.0000     27.0000     27.0000     27.0000      0.0000      0.0000
      0.0000      0.0000      0.0000      0.0000      0.0000      0.0000
     27.0000     27.0000     36.0000     36.0000     36.0000     27.0000
     27.0000     27.0000     27.0000     27.0000      0.0000      0.0000

      0.0000      0.0000      0.0000      0.0000      0.0000      0.0000
      0.0000      0.0000      0.0000      0.0000      0.0000      0.0000
     16.5000     16.5000      0.0000      0.0000      0.0000     16.5000
     16.5000     16.5000      0.0000      0.0000     16.5000     16.5000
      0.0000      0.0000      0.0000     16.5000     16.5000      0.0000
      0.0000      0.0000      0.0000      0.0000      0.0000      0.0000
     16.5000     16.5000     16.5000     16.5000     16.5000      0.0000
      0.0000      0.0000      0.0000      0.0000      0.0000     16.5000
     16.5000     16.5000      0.0000      0.0000      0.0000      0.0000
      0.0000      0.0000      0.0000     16.5000     16.5000      0.0000
      0.0000     16.5000     16.5000     16.5000     16.5000     16.5000
     16.5000     16.5000     16.5000     16.5000     16.5000     16.5000
     16.5000     16.5000     16.5000     16.5000      0.0000      0.0000
      0.0000      0.0000      0.0000      0.0000      0.0000      0.0000
     16.5000     16.5000     21.5000     21.5000     21.5000     16.5000
     16.5000     16.5000     16.5000     16.5000      0.0000      0.0000

  USINE N]42- CLAPIH   34  32        1278.0000
      9.0000      9.0000      9.0000      9.0000      9.0000      9.0000
      9.0000      9.0000      9.0000      9.0000      9.0000      9.0000
      9.0000      9.0000      9.0000      9.0000      9.0000      9.0000
      9.0000      9.0000      9.0000      9.0000      9.0000      9.0000
      9.0000      9.0000      9.0000      9.0000      9.0000      9.0000
      9.0000      9.0000      9.0000      9.0000      9.0000      9.0000
      9.0000      9.0000      9.0000      9.0000      9.0000      9.0000
      9.0000      9.0000      9.0000      9.0000      9.0000      9.0000
      9.0000      9.0000     18.0000     18.0000     18.0000     18.0000
     18.0000     18.0000     18.0000     18.0000     18.0000     18.0000
     18.0000     18.0000     18.0000     18.0000     18.0000     18.0000
     18.0000     18.0000     18.0000     18.0000     18.0000     18.0000
     18.0000     18.0000     18.0000     18.0000     18.0000     18.0000
     18.0000     18.0000     18.0000     18.0000     18.0000     18.0000
     18.0000     18.0000     18.0000     18.0000     18.0000     18.0000
     18.0000     18.0000     18.0000     18.0000     18.0000     18.0000

      0.0000      0.0000      0.0000      0.0000      0.0000      0.0000
      0.0000      0.0000      0.0000      0.0000      0.0000      0.0000
      0.0000      0.0000      0.0000      0.0000      0.0000      0.0000
      0.0000      0.0000      0.0000      0.0000      0.0000      0.0000
      0.0000      0.0000      0.0000      0.0000      0.0000      0.0000
      0.0000      0.0000      0.0000      0.0000      0.0000      0.0000
      0.0000      0.0000      0.0000      0.0000      0.0000      0.0000
      0.0000      0.0000      0.0000      0.0000      0.0000      0.0000
      0.0000      0.0000      0.0000      0.0000      0.0000      0.0000
      0.0000      0.0000      0.0000      0.0000      0.0000      0.0000
      0.0000      0.0000      0.0000      0.0000      0.0000      0.0000
      0.0000      0.0000      0.0000      0.0000      0.0000      0.0000
      0.0000      0.0000      0.0000      0.0000      0.0000      0.0000
      0.0000      0.0000      0.0000      0.0000      0.0000      0.0000
      0.0000      0.0000      0.0000      0.0000      0.0000      0.0000
      0.0000      0.0000      0.0000      0.0000      0.0000      0.0000

  USINE N]43- B.ROMH   32   0        3988.8000
     37.8000      5.6000      0.0000     69.1200     76.4800      0.0000
     75.6000      0.0000      5.6000     75.6000      0.0000     75.6000
      0.0000     69.1200     69.1200      0.0000     12.9600     48.6000
     69.1200     65.6800      5.6000      0.0000     69.1200     54.8800
     48.6000     48.6000      0.0000     69.1200      0.0000     57.2400
      0.0000     69.1200     69.1200      0.0000      5.6000     69.1200
     48.6000      0.0000     69.1200     69.1200     40.8400      0.0000
     69.1200     44.2800      0.0000     75.6000     35.6000      0.0000
      7.8000     69.1200     69.1200      0.0000     82.9600      0.0000
      5.6000     84.6000      0.0000     49.8400     69.1200     69.1200
     69.1200      0.0000     73.4400      0.0000     69.1200     69.1200
     69.1200      0.0000     72.5600      0.0000     69.1200     69.1200
      0.0000     69.1200     49.8400     69.1200     69.1200      0.0000
     90.0000      0.0000     90.0000     54.0000      0.0000     23.6000
     69.1200     69.1200     72.1600      0.0000     71.2800     69.1200
     23.6000      0.0000     48.6000     90.0000     49.4800     69.1200

     29.5556      0.0000      0.0000     51.0000     53.1149      0.0000
     52.8621      0.0000      0.0000     52.8621      0.0000     52.8621
      0.0000     51.0000     51.0000      0.0000     10.1333     38.0000
     51.0000     48.8207      4.3786      0.0000     51.0000     41.9786
     38.0000     38.0000      0.0000     51.0000      0.0000     43.4737
      0.0000     51.0000     51.0000      0.0000      4.3786     51.0000
     38.0000      0.0000     51.0000     51.0000     31.9325      0.0000
     51.0000     34.6222      0.0000     52.8621     27.8354      0.0000
      6.0988     51.0000     51.0000      0.0000     54.9770      0.0000
      0.0000     55.4483      0.0000     38.7856     51.0000     51.0000
     51.0000      0.0000     52.2414      0.0000     51.0000     51.0000
     51.0000      0.0000     51.9885      0.0000     51.0000     51.0000
      0.0000     51.0000     38.7856     51.0000     51.0000      0.0000
     57.0000      0.0000     57.0000     41.4211      0.0000     18.4527
     51.0000     51.0000     51.8736      0.0000     51.6207     51.0000
     18.4527      0.0000     38.0000     57.0000     38.5575     51.0000

   DONNEES POUR LA VALLEE N] 8-REVIN    DATE: 22/03/10     3 USINE(S)     2 RESERVOIR(S)
  LAC N]42- REVISR     0.1000E+04      2.850          48.2400
   2689.6000   3179.2000   3668.8000   4158.4000   4648.0000   5137.6000
   5627.2000   6116.8000   6606.4000   7096.0000   7585.6000   7830.4000
   7830.4000   7830.4000   7583.8000   7090.6000   6597.4000   6474.1000
   6350.8000   6227.5000   5734.3000   5241.1000   5117.8000   4994.5000
   4871.2000   4501.3000   4131.4000   3884.8000   3638.2000   3638.2000
   3638.2000   3883.0000   4127.8000   4372.6000   4372.6000   4372.6000
   4372.6000   3879.4000   3386.2000   2893.0000   2399.8000   2153.2000
   2153.2000   2153.2000   2398.0000   2642.8000   2887.6000   2887.6000
   2887.6000   3377.2000   3866.8000   4356.4000   4723.6000   5090.8000
   5458.0000   5825.2000   6314.8000   6804.4000   7171.6000   7538.8000
   7783.6000   7783.6000   7783.6000   7660.3000   7290.4000   6920.5000
   6550.6000   6180.7000   5810.8000   5440.9000   5071.0000   4701.1000
   4331.2000   3961.3000   3714.7000   3714.7000   3714.7000   3959.5000
   4204.3000   4449.1000   4693.9000   4816.3000   4938.7000   4938.7000
   4837.5400   4590.9400   4344.3400   3851.1400   3357.9400   2988.0400
   2988.0400   2988.0400   2988.0400   2741.4400   2494.8400   2248.2400

  LAC N]43- REVIIR     0.1000E+04      0.000         -48.2400
   6671.4000   6181.8000   5692.2000   5202.6000   4713.0000   4223.4000
   3733.8000   3244.2000   2754.6000   2265.0000   1775.4000   1530.6000
   1530.6000   1530.6000   1777.2000   2270.4000   2763.6000   2886.9000
   3010.2000   3133.5000   3626.7000   4119.9000   4243.2000   4366.5000
   4489.8000   4859.7000   5229.6000   5476.2000   5722.8000   5722.8000
   5722.8000   5478.0000   5233.2000   4988.4000   4988.4000   4988.4000
   4988.4000   5481.6000   5974.8000   6468.0000   6961.2000   7207.8000
   7207.8000   7207.8000   6963.0000   6718.2000   6473.4000   6473.4000
   6473.4000   5983.8000   5494.2000   5004.6000   4637.4000   4270.2000
   3903.0000   3535.8000   3046.2000   2556.6000   2189.4000   1822.2000
   1577.4000   1577.4000   1577.4000   1700.7000   2070.6000   2440.5000
   2810.4000   3180.3000   3550.2000   3920.1000   4290.0000   4659.9000
   5029.8000   5399.7000   5646.3000   5646.3000   5646.3000   5401.5000
   5156.7000   4911.9000   4667.1000   4544.7000   4422.3000   4422.3000
   4523.4600   4770.0600   5016.6600   5509.8600   6003.0600   6372.9600
   6372.9600   6372.9600   6372.9600   6619.5600   6866.1600   7112.7600

  USINE N]51- REVI5H   42  43       13170.9600
      0.0000      0.0000      0.0000      0.0000      0.0000      0.0000
      0.0000      0.0000      0.0000      0.0000      0.0000      0.0000
      0.0000      0.0000    246.6000    493.2000    493.2000    123.3000
    123.3000    123.3000    493.2000    493.2000    123.3000    123.3000
    123.3000    369.9000    369.9000    246.6000    246.6000      0.0000
      0.0000      0.0000      0.0000      0.0000      0.0000      0.0000
      0.0000    493.2000    493.2000    493.2000    493.2000    246.6000
      0.0000      0.0000      0.0000      0.0000      0.0000      0.0000
      0.0000      0.0000      0.0000      0.0000      0.0000      0.0000
      0.0000      0.0000      0.0000      0.0000      0.0000      0.0000
      0.0000      0.0000      0.0000    123.3000    369.9000    369.9000
    369.9000    369.9000    369.9000    369.9000    369.9000    369.9000
    369.9000    369.9000    246.6000      0.0000      0.0000      0.0000
      0.0000      0.0000      0.0000      0.0000      0.0000      0.0000
    101.1600    246.6000    246.6000    493.2000    493.2000    369.9000
      0.0000      0.0000      0.0000    246.6000    246.6000    246.6000

      0.0000      0.0000      0.0000      0.0000      0.0000      0.0000
      0.0000      0.0000      0.0000      0.0000      0.0000      0.0000
      0.0000      0.0000    135.0000    270.0000    270.0000     67.5000
     67.5000     67.5000    270.0000    270.0000     67.5000     67.5000
     67.5000    202.5000    202.5000    135.0000    135.0000      0.0000
      0.0000      0.0000      0.0000      0.0000      0.0000      0.0000
      0.0000    270.0000    270.0000    270.0000    270.0000    135.0000
      0.0000      0.0000      0.0000      0.0000      0.0000      0.0000
      0.0000      0.0000      0.0000      0.0000      0.0000      0.0000
      0.0000      0.0000      0.0000      0.0000      0.0000      0.0000
      0.0000      0.0000      0.0000     67.5000    202.5000    202.5000
    202.5000    202.5000    202.5000    202.5000    202.5000    202.5000
    202.5000    202.5000    135.0000      0.0000      0.0000      0.0000
      0.0000      0.0000      0.0000      0.0000      0.0000      0.0000
     55.0000    135.0000    135.0000    270.0000    270.0000    202.5000
      0.0000      0.0000      0.0000    135.0000    135.0000    135.0000

  USINE N]52- REVI5P   43  42       13219.2000
    489.6000    489.6000    489.6000    489.6000    489.6000    489.6000
    489.6000    489.6000    489.6000    489.6000    489.6000    244.8000
      0.0000      0.0000      0.0000      0.0000      0.0000      0.0000
      0.0000      0.0000      0.0000      0.0000      0.0000      0.0000
      0.0000      0.0000      0.0000      0.0000      0.0000      0.0000
      0.0000    244.8000    244.8000    244.8000      0.0000      0.0000
      0.0000      0.0000      0.0000      0.0000      0.0000      0.0000
      0.0000      0.0000    244.8000    244.8000    244.8000      0.0000
      0.0000    489.6000    489.6000    489.6000    367.2000    367.2000
    367.2000    367.2000    489.6000    489.6000    367.2000    367.2000
    244.8000      0.0000      0.0000      0.0000      0.0000      0.0000
      0.0000      0.0000      0.0000      0.0000      0.0000      0.0000
      0.0000      0.0000      0.0000      0.0000      0.0000    244.8000
    244.8000    244.8000    244.8000    122.4000    122.4000      0.0000
      0.0000      0.0000      0.0000      0.0000      0.0000      0.0000
      0.0000      0.0000      0.0000      0.0000      0.0000      0.0000

   -360.0000   -360.0000   -360.0000   -360.0000   -360.0000   -360.0000
   -360.0000   -360.0000   -360.0000   -360.0000   -360.0000   -180.0000
      0.0000      0.0000      0.0000      0.0000      0.0000      0.0000
      0.0000      0.0000      0.0000      0.0000      0.0000      0.0000
      0.0000      0.0000      0.0000      0.0000      0.0000      0.0000
      0.0000   -180.0000   -180.0000   -180.0000      0.0000      0.0000
      0.0000      0.0000      0.0000      0.0000      0.0000      0.0000
      0.0000      0.0000   -180.0000   -180.0000   -180.0000      0.0000
      0.0000   -360.0000   -360.0000   -360.0000   -270.0000   -270.0000
   -270.0000   -270.0000   -360.0000   -360.0000   -270.0000   -270.0000
   -180.0000      0.0000      0.0000      0.0000      0.0000      0.0000
      0.0000      0.0000      0.0000      0.0000      0.0000      0.0000
      0.0000      0.0000      0.0000      0.0000      0.0000   -180.0000
   -180.0000   -180.0000   -180.0000    -90.0000    -90.0000      0.0000
      0.0000      0.0000      0.0000      0.0000      0.0000      0.0000
      0.0000      0.0000      0.0000      0.0000      0.0000      0.0000

  USINE N]53- BOCALH   43   0           0.0000
      0.0000      0.0000      0.0000      0.0000      0.0000      0.0000
      0.0000      0.0000      0.0000      0.0000      0.0000      0.0000
      0.0000      0.0000      0.0000      0.0000      0.0000      0.0000
      0.0000      0.0000      0.0000      0.0000      0.0000      0.0000
      0.0000      0.0000      0.0000      0.0000      0.0000      0.0000
      0.0000      0.0000      0.0000      0.0000      0.0000      0.0000
      0.0000      0.0000      0.0000      0.0000      0.0000      0.0000
      0.0000      0.0000      0.0000      0.0000      0.0000      0.0000
      0.0000      0.0000      0.0000      0.0000      0.0000      0.0000
      0.0000      0.0000      0.0000      0.0000      0.0000      0.0000
      0.0000      0.0000      0.0000      0.0000      0.0000      0.0000
      0.0000      0.0000      0.0000      0.0000      0.0000      0.0000
      0.0000      0.0000      0.0000      0.0000      0.0000      0.0000
      0.0000      0.0000      0.0000      0.0000      0.0000      0.0000
      0.0000      0.0000      0.0000      0.0000      0.0000      0.0000
      0.0000      0.0000      0.0000      0.0000      0.0000      0.0000

      0.0000      0.0000      0.0000      0.0000      0.0000      0.0000
      0.0000      0.0000      0.0000      0.0000      0.0000      0.0000
      0.0000      0.0000      0.0000      0.0000      0.0000      0.0000
      0.0000      0.0000      0.0000      0.0000      0.0000      0.0000
      0.0000      0.0000      0.0000      0.0000      0.0000      0.0000
      0.0000      0.0000      0.0000      0.0000      0.0000      0.0000
      0.0000      0.0000      0.0000      0.0000      0.0000      0.0000
      0.0000      0.0000      0.0000      0.0000      0.0000      0.0000
      0.0000      0.0000      0.0000      0.0000      0.0000      0.0000
      0.0000      0.0000      0.0000      0.0000      0.0000      0.0000
      0.0000      0.0000      0.0000      0.0000      0.0000      0.0000
      0.0000      0.0000      0.0000      0.0000      0.0000      0.0000
      0.0000      0.0000      0.0000      0.0000      0.0000      0.0000
      0.0000      0.0000      0.0000      0.0000      0.0000      0.0000
      0.0000      0.0000      0.0000      0.0000      0.0000      0.0000
      0.0000      0.0000      0.0000      0.0000      0.0000      0.0000

   DONNEES POUR LA VALLEE N]14-ROYA     DATE: 22/03/10     4 USINE(S)     4 RESERVOIR(S)
  LAC N]72- SSDALR     0.1000E+04      9.950        -197.1199
    604.3200    608.6400    612.9600    617.2800    621.6000    625.9200
    630.2400    634.5600    638.8800    643.2000    647.5200    651.8400
    656.1600    660.4800    664.8000    661.9200    376.0833    380.4033
    384.7233    389.0433    393.3633    397.6833    402.0033    406.3233
    410.6433    414.9633    419.2833    423.6033    427.9233    432.2433
    436.5633    440.8833    445.2033    449.5233    453.8433    458.1633
    462.4833    466.8033    471.1233    475.4433    479.7633    484.0833
    488.4033    492.7233    497.0433    501.3633    505.6833    510.0033
    514.3233    518.6433    522.9633    527.2833    531.6033    535.9233
    540.2433    544.5633    548.8833    538.8033    300.6401    304.9601
    309.2801    313.6001    317.9201    322.2401    326.5601    330.8801
    335.2001    339.5201    343.8401    348.1601    352.4801    356.8001
    361.1201    365.4401    369.7601    374.0801    378.4001    382.7201
    387.0401    391.3601    395.6801    400.0001    404.3201    408.6401
    412.9601    417.2801    421.6001    425.9201    430.2401    434.5601
    438.8801    443.2001    433.1201    423.0401    412.9601    402.8801

  LAC N]73- PAGANR     0.1000E+04      0.000           0.0000
      0.0000      0.0000      0.0000      0.0000      0.0000      0.0000
      0.0000      0.0000      0.0000      0.0000      0.0000      0.0000
      0.0000      0.0000      0.0000      0.0000      0.0000      0.0000
      0.0000      0.0000      0.0000      0.0000      0.0000      0.0000
      0.0000      0.0000      0.0000      0.0000      0.0000      0.0000
      0.0000      0.0000      0.0000      0.0000      0.0000      0.0000
      0.0000      0.0000      0.0000      0.0000      0.0000      0.0000
      0.0000      0.0000      0.0000      0.0000      0.0000      0.0000
      0.0000      0.0000      0.0000      0.0000      0.0000      0.0000
      0.0000      0.0000      0.0000      0.0000      0.0000      0.0000
      0.0000      0.0000      0.0000      0.0000      0.0000      0.0000
      0.0000      0.0000      0.0000      0.0000      0.0000      0.0000
      0.0000      0.0000      0.0000      0.0000      0.0000      0.0000
      0.0000      0.0000      0.0000      0.0000      0.0000      0.0000
      0.0000      0.0000      0.0000      0.0000      0.0000      0.0000
      0.0000      0.0000      0.0000      0.0000      0.0000      0.0000

  LAC N]74- FTAN R     0.1000E+04      0.000           0.0000
      0.0000      0.0000      0.0000      0.0000      0.0000      0.0000
      0.0000      0.0000      0.0000      0.0000      0.0000      0.0000
      0.0000      0.0000      0.0000      0.0000      0.0000      0.0000
      0.0000      0.0000      0.0000      0.0000      0.0000      0.0000
      0.0000      0.0000      0.0000      0.0000      0.0000      0.0000
      0.0000      0.0000      0.0000      0.0000      0.0000      0.0000
      0.0000      0.0000      0.0000      0.0000      0.0000      0.0000
      0.0000      0.0000      0.0000      0.0000      0.0000      0.0000
      0.0000      0.0000      0.0000      0.0000      0.0000      0.0000
      0.0000      0.0000      0.0000      0.0000      0.0000      0.0000
      0.0000      0.0000      0.0000      0.0000      0.0000      0.0000
      0.0000      0.0000      0.0000      0.0000      0.0000      0.0000
      0.0000      0.0000      0.0000      0.0000      0.0000      0.0000
      0.0000      0.0000      0.0000      0.0000      0.0000      0.0000
      0.0000      0.0000      0.0000      0.0000      0.0000      0.0000
      0.0000      0.0000      0.0000      0.0000      0.0000      0.0000

  LAC N]75- BREILR     0.1000E+04      0.000           0.0000
      0.0000      0.0000      0.0000      0.0000      0.0000      0.0000
      0.0000      0.0000      0.0000      0.0000      0.0000      0.0000
      0.0000      0.0000      0.0000      0.0000      0.0000      0.0000
      0.0000      0.0000      0.0000      0.0000      0.0000      0.0000
      0.0000      0.0000      0.0000      0.0000      0.0000      0.0000
      0.0000      0.0000      0.0000      0.0000      0.0000      0.0000
      0.0000      0.0000      0.0000      0.0000      0.0000      0.0000
      0.0000      0.0000      0.0000      0.0000      0.0000      0.0000
      0.0000      0.0000      0.0000      0.0000      0.0000      0.0000
      0.0000      0.0000      0.0000      0.0000      0.0000      0.0000
      0.0000      0.0000      0.0000      0.0000      0.0000      0.0000
      0.0000      0.0000      0.0000      0.0000      0.0000      0.0000
      0.0000      0.0000      0.0000      0.0000      0.0000      0.0000
      0.0000      0.0000      0.0000      0.0000      0.0000      0.0000
      0.0000      0.0000      0.0000      0.0000      0.0000      0.0000
      0.0000      0.0000      0.0000      0.0000      0.0000      0.0000

  USINE N]86- SSDALH   72  73         100.8000
      0.0000      0.0000      0.0000      0.0000      0.0000      0.0000
      0.0000      0.0000      0.0000      0.0000      0.0000      0.0000
      0.0000      0.0000      0.0000      7.2000      7.2000      0.0000
      0.0000      0.0000      0.0000      0.0000      0.0000      0.0000
      0.0000      0.0000      0.0000      0.0000      0.0000      0.0000
      0.0000      0.0000      0.0000      0.0000      0.0000      0.0000
      0.0000      0.0000      0.0000      0.0000      0.0000      0.0000
      0.0000      0.0000      0.0000      0.0000      0.0000      0.0000
      0.0000      0.0000      0.0000      0.0000      0.0000      0.0000
      0.0000      0.0000      0.0000     14.4000     14.4000      0.0000
      0.0000      0.0000      0.0000      0.0000      0.0000      0.0000
      0.0000      0.0000      0.0000      0.0000      0.0000      0.0000
      0.0000      0.0000      0.0000      0.0000      0.0000      0.0000
      0.0000      0.0000      0.0000      0.0000      0.0000      0.0000
      0.0000      0.0000      0.0000      0.0000      0.0000      0.0000
      0.0000      0.0000     14.4000     14.4000     14.4000     14.4000

      0.0000      0.0000      0.0000      0.0000      0.0000      0.0000
      0.0000      0.0000      0.0000      0.0000      0.0000      0.0000
      0.0000      0.0000      0.0000     12.5000     12.5000      0.0000
      0.0000      0.0000      0.0000      0.0000      0.0000      0.0000
      0.0000      0.0000      0.0000      0.0000      0.0000      0.0000
      0.0000      0.0000      0.0000      0.0000      0.0000      0.0000
      0.0000      0.0000      0.0000      0.0000      0.0000      0.0000
      0.0000      0.0000      0.0000      0.0000      0.0000      0.0000
      0.0000      0.0000      0.0000      0.0000      0.0000      0.0000
      0.0000      0.0000      0.0000     24.0000     24.0000      0.0000
      0.0000      0.0000      0.0000      0.0000      0.0000      0.0000
      0.0000      0.0000      0.0000      0.0000      0.0000      0.0000
      0.0000      0.0000      0.0000      0.0000      0.0000      0.0000
      0.0000      0.0000      0.0000      0.0000      0.0000      0.0000
      0.0000      0.0000      0.0000      0.0000      0.0000      0.0000
      0.0000      0.0000     24.0000     24.0000     24.0000     24.0000

  USINE N]87- PAGANH   73  74          64.8000
      0.0000      0.0000      0.0000      0.0000      0.0000      0.0000
      0.0000      0.0000      0.0000      0.0000      0.0000      0.0000
      0.0000      0.0000      0.0000      0.0000      7.2000      0.0000
      0.0000      0.0000      0.0000      0.0000      0.0000      0.0000
      0.0000      0.0000      0.0000      0.0000      0.0000      0.0000
      0.0000      0.0000      0.0000      0.0000      0.0000      0.0000
      0.0000      0.0000      0.0000      0.0000      0.0000      0.0000
      0.0000      0.0000      0.0000      0.0000      0.0000      0.0000
      0.0000      0.0000      0.0000      0.0000      0.0000      0.0000
      0.0000      0.0000      0.0000      0.0000      0.0000      0.0000
      0.0000      0.0000      0.0000      0.0000      0.0000      0.0000
      0.0000      0.0000      0.0000      0.0000      0.0000      0.0000
      0.0000      0.0000      0.0000      0.0000      0.0000      0.0000
      0.0000      0.0000      0.0000      0.0000      0.0000      0.0000
      0.0000      0.0000      0.0000      0.0000      0.0000      0.0000
      0.0000      0.0000     14.4000     14.4000     14.4000     14.4000

      0.0000      0.0000      0.0000      0.0000      0.0000      0.0000
      0.0000      0.0000      0.0000      0.0000      0.0000      0.0000
      0.0000      0.0000      0.0000      0.0000      2.0000      0.0000
      0.0000      0.0000      0.0000      0.0000      0.0000      0.0000
      0.0000      0.0000      0.0000      0.0000      0.0000      0.0000
      0.0000      0.0000      0.0000      0.0000      0.0000      0.0000
      0.0000      0.0000      0.0000      0.0000      0.0000      0.0000
      0.0000      0.0000      0.0000      0.0000      0.0000      0.0000
      0.0000      0.0000      0.0000      0.0000      0.0000      0.0000
      0.0000      0.0000      0.0000      0.0000      0.0000      0.0000
      0.0000      0.0000      0.0000      0.0000      0.0000      0.0000
      0.0000      0.0000      0.0000      0.0000      0.0000      0.0000
      0.0000      0.0000      0.0000      0.0000      0.0000      0.0000
      0.0000      0.0000      0.0000      0.0000      0.0000      0.0000
      0.0000      0.0000      0.0000      0.0000      0.0000      0.0000
      0.0000      0.0000      4.0000      4.0000      4.0000      4.0000

  USINE N]88- FTAN H   74  75          64.8000
      0.0000      0.0000      0.0000      0.0000      0.0000      0.0000
      0.0000      0.0000      0.0000      0.0000      0.0000      0.0000
      0.0000      0.0000      0.0000      0.0000      7.2000      0.0000
      0.0000      0.0000      0.0000      0.0000      0.0000      0.0000
      0.0000      0.0000      0.0000      0.0000      0.0000      0.0000
      0.0000      0.0000      0.0000      0.0000      0.0000      0.0000
      0.0000      0.0000      0.0000      0.0000      0.0000      0.0000
      0.0000      0.0000      0.0000      0.0000      0.0000      0.0000
      0.0000      0.0000      0.0000      0.0000      0.0000      0.0000
      0.0000      0.0000      0.0000      0.0000      0.0000      0.0000
      0.0000      0.0000      0.0000      0.0000      0.0000      0.0000
      0.0000      0.0000      0.0000      0.0000      0.0000      0.0000
      0.0000      0.0000      0.0000      0.0000      0.0000      0.0000
      0.0000      0.0000      0.0000      0.0000      0.0000      0.0000
      0.0000      0.0000      0.0000      0.0000      0.0000      0.0000
      0.0000      0.0000     14.4000     14.4000     14.4000     14.4000

      0.0000      0.0000      0.0000      0.0000      0.0000      0.0000
      0.0000      0.0000      0.0000      0.0000      0.0000      0.0000
      0.0000      0.0000      0.0000      0.0000      1.8125      0.0000
      0.0000      0.0000      0.0000      0.0000      0.0000      0.0000
      0.0000      0.0000      0.0000      0.0000      0.0000      0.0000
      0.0000      0.0000      0.0000      0.0000      0.0000      0.0000
      0.0000      0.0000      0.0000      0.0000      0.0000      0.0000
      0.0000      0.0000      0.0000      0.0000      0.0000      0.0000
      0.0000      0.0000      0.0000      0.0000      0.0000      0.0000
      0.0000      0.0000      0.0000      0.0000      0.0000      0.0000
      0.0000      0.0000      0.0000      0.0000      0.0000      0.0000
      0.0000      0.0000      0.0000      0.0000      0.0000      0.0000
      0.0000      0.0000      0.0000      0.0000      0.0000      0.0000
      0.0000      0.0000      0.0000      0.0000      0.0000      0.0000
      0.0000      0.0000      0.0000      0.0000      0.0000      0.0000
      0.0000      0.0000      3.3437      3.5000      3.3437      3.3437

  USINE N]89- BREILH   75   0        2118.2400
     22.1400     22.1400     22.1400     22.1400     22.1400     22.1400
     22.1400     22.1400     22.1400     22.1400     22.1400     22.1400
     22.1400     22.1400     22.1400     22.1400     22.1400     22.1400
     22.1400     22.1400     22.1400     14.9400     22.1400     22.1400
     22.1400     22.1400     22.1400     22.1400     22.1400     22.1400
     22.1400     22.1400     22.1400     22.1400     22.1400     22.1400
     22.1400     22.1400     22.1400     22.1400     22.1400     22.1400
     22.1400     22.1400     22.1400     22.1400     22.1400     22.1400
     22.1400     22.1400     22.1400     22.1400     22.1400     22.1400
     22.1400     22.1400     22.1400     22.1400     22.1400     22.1400
     22.1400     22.1400     22.1400     22.1400     22.1400     22.1400
     22.1400     22.1400     22.1400     22.1400     22.1400     22.1400
     22.1400     22.1400     22.1400     22.1400     22.1400     22.1400
     22.1400     22.1400     22.1400     22.1400     22.1400     22.1400
     22.1400     22.1400     22.1400     22.1400     22.1400     22.1400
     22.1400     22.1400     22.1400     22.1400     22.1400     22.1400

      3.1500      3.1500      3.1500      3.1500      3.1500      3.1500
      3.1500      3.1500      3.1500      3.1500      3.1500      3.1500
      3.1500      3.1500      3.1500      3.1500      3.1500      3.1500
      3.1500      3.1500      3.1500      2.0750      3.1500      3.1500
      3.1500      3.1500      3.1500      3.1500      3.1500      3.1500
      3.1500      3.1500      3.1500      3.1500      3.1500      3.1500
      3.1500      3.1500      3.1500      3.1500      3.1500      3.1500
      3.1500      3.1500      3.1500      3.1500      3.1500      3.1500
      3.1500      3.1500      3.1500      3.1500      3.1500      3.1500
      3.1500      3.1500      3.1500      3.1500      3.1500      3.1500
      3.1500      3.1500      3.1500      3.1500      3.1500      3.1500
      3.1500      3.1500      3.1500      3.1500      3.1500      3.1500
      3.1500      3.1500      3.1500      3.1500      3.1500      3.1500
      3.1500      3.1500      3.1500      3.1500      3.1500      3.1500
      3.1500      3.1500      3.1500      3.1500      3.1500      3.1500
      3.1500      3.1500      3.1500      3.1500      3.1500      3.1500

   DONNEES POUR LA VALLEE N]16-TRUY-SUP DATE: 22/03/10     2 USINE(S)     2 RESERVOIR(S)
  LAC N]77- GRANDR     0.1000E+04      1.000       -2622.6000
 126514.0000 126514.0000 126514.0000 126514.0000 126514.0000 126514.0000
 126514.0000 126514.0000 126514.0000 126514.0000 126514.0000 126514.0000
 126514.0000 126514.0000 126344.8000 126175.6000 126091.0000 126006.4000
 125837.2000 125668.0000 125498.8000 125498.8000 125498.8000 125329.6000
 125160.4000 124991.2000 124991.2000 124991.2000 124991.2000 124991.2000
 124906.6000 124822.0000 124737.4000 124737.4000 124737.4000 124737.4000
 124737.4000 124737.4000 124568.2000 124399.0000 124399.0000 124399.0000
 124399.0000 124399.0000 124399.0000 124399.0000 124399.0000 124399.0000
 124399.0000 124399.0000 124399.0000 124399.0000 124399.0000 124399.0000
 124399.0000 124399.0000 124399.0000 124399.0000 124399.0000 124399.0000
 124399.0000 124399.0000 124229.8000 124060.6000 124060.6000 124060.6000
 124060.6000 124060.6000 124060.6000 124060.6000 124060.6000 124060.6000
 124060.6000 124060.6000 124060.6000 123976.0000 123891.4000 123891.4000
 123891.4000 123891.4000 123891.4000 123891.4000 123891.4000 123891.4000
 123891.4000 123891.4000 123891.4000 123891.4000 123891.4000 123891.4000
 123891.4000 123891.4000 123891.4000 123891.4000 123891.4000 123891.4000

  LAC N]78- LANAUR     0.1000E+04      0.000           0.0000
      0.0000      0.0000      0.0000      0.0000      0.0000      0.0000
      0.0000      0.0000      0.0000      0.0000      0.0000      0.0000
      0.0000      0.0000      0.0000      0.0000      0.0000      0.0000
      0.0000      0.0000      0.0000      0.0000      0.0000      0.0000
      0.0000      0.0000      0.0000      0.0000      0.0000      0.0000
      0.0000      0.0000      0.0000      0.0000      0.0000      0.0000
      0.0000      0.0000      0.0000      0.0000      0.0000      0.0000
      0.0000      0.0000      0.0000      0.0000      0.0000      0.0000
      0.0000      0.0000      0.0000      0.0000      0.0000      0.0000
      0.0000      0.0000      0.0000      0.0000      0.0000      0.0000
      0.0000      0.0000      0.0000      0.0000      0.0000      0.0000
      0.0000      0.0000      0.0000      0.0000      0.0000      0.0000
      0.0000      0.0000      0.0000      0.0000      0.0000      0.0000
      0.0000      0.0000      0.0000      0.0000      0.0000      0.0000
      0.0000      0.0000      0.0000      0.0000      0.0000      0.0000
      0.0000      0.0000      0.0000      0.0000      0.0000      0.0000

  USINE N]91- GRANDH   77  78        2622.6000
      0.0000      0.0000      0.0000      0.0000      0.0000      0.0000
      0.0000      0.0000      0.0000      0.0000      0.0000      0.0000
      0.0000      0.0000    169.2000    169.2000     84.6000     84.6000
    169.2000    169.2000    169.2000      0.0000      0.0000    169.2000
    169.2000    169.2000      0.0000      0.0000      0.0000      0.0000
     84.6000     84.6000     84.6000      0.0000      0.0000      0.0000
      0.0000      0.0000    169.2000    169.2000      0.0000      0.0000
      0.0000      0.0000      0.0000      0.0000      0.0000      0.0000
      0.0000      0.0000      0.0000      0.0000      0.0000      0.0000
      0.0000      0.0000      0.0000      0.0000      0.0000      0.0000
      0.0000      0.0000    169.2000    169.2000      0.0000      0.0000
      0.0000      0.0000      0.0000      0.0000      0.0000      0.0000
      0.0000      0.0000      0.0000     84.6000     84.6000      0.0000
      0.0000      0.0000      0.0000      0.0000      0.0000      0.0000
      0.0000      0.0000      0.0000      0.0000      0.0000      0.0000
      0.0000      0.0000      0.0000      0.0000      0.0000      0.0000

      0.0000      0.0000      0.0000      0.0000      0.0000      0.0000
      0.0000      0.0000      0.0000      0.0000      0.0000      0.0000
      0.0000      0.0000     25.0000     25.0000     12.5000     12.5000
     25.0000     25.0000     25.0000      0.0000      0.0000     25.0000
     25.0000     25.0000      0.0000      0.0000      0.0000      0.0000
     12.5000     12.5000     12.5000      0.0000      0.0000      0.0000
      0.0000      0.0000     25.0000     25.0000      0.0000      0.0000
      0.0000      0.0000      0.0000      0.0000      0.0000      0.0000
      0.0000      0.0000      0.0000      0.0000      0.0000      0.0000
      0.0000      0.0000      0.0000      0.0000      0.0000      0.0000
      0.0000      0.0000     25.0000     25.0000      0.0000      0.0000
      0.0000      0.0000      0.0000      0.0000      0.0000      0.0000
      0.0000      0.0000      0.0000     12.5000     12.5000      0.0000
      0.0000      0.0000      0.0000      0.0000      0.0000      0.0000
      0.0000      0.0000      0.0000      0.0000      0.0000      0.0000
      0.0000      0.0000      0.0000      0.0000      0.0000      0.0000

  USINE N]92- LANAUH   78   0        2622.6000
      0.0000      0.0000      0.0000      0.0000      0.0000      0.0000
      0.0000      0.0000      0.0000      0.0000      0.0000      0.0000
      0.0000      0.0000    169.2000    169.2000     84.6000     84.6000
    169.2000    169.2000    169.2000      0.0000      0.0000    169.2000
    169.2000    169.2000      0.0000      0.0000      0.0000      0.0000
     84.6000     84.6000     84.6000      0.0000      0.0000      0.0000
      0.0000      0.0000    169.2000    169.2000      0.0000      0.0000
      0.0000      0.0000      0.0000      0.0000      0.0000      0.0000
      0.0000      0.0000      0.0000      0.0000      0.0000      0.0000
      0.0000      0.0000      0.0000      0.0000      0.0000      0.0000
      0.0000      0.0000    169.2000    169.2000      0.0000      0.0000
      0.0000      0.0000      0.0000      0.0000      0.0000      0.0000
      0.0000      0.0000      0.0000     84.6000     84.6000      0.0000
      0.0000      0.0000      0.0000      0.0000      0.0000      0.0000
      0.0000      0.0000      0.0000      0.0000      0.0000      0.0000
      0.0000      0.0000      0.0000      0.0000      0.0000      0.0000

      0.0000      0.0000      0.0000      0.0000      0.0000      0.0000
      0.0000      0.0000      0.0000      0.0000      0.0000      0.0000
      0.0000      0.0000      9.1762      9.1762      4.5881      4.5881
      9.1762      9.1762      9.1762      0.0000      0.0000      9.1762
      9.1762      9.1762      0.0000      0.0000      0.0000      0.0000
      4.5881      4.5881      4.5881      0.0000      0.0000      0.0000
      0.0000      0.0000      9.1762      9.1762      0.0000      0.0000
      0.0000      0.0000      0.0000      0.0000      0.0000      0.0000
      0.0000      0.0000      0.0000      0.0000      0.0000      0.0000
      0.0000      0.0000      0.0000      0.0000      0.0000      0.0000
      0.0000      0.0000      9.1762      9.1762      0.0000      0.0000
      0.0000      0.0000      0.0000      0.0000      0.0000      0.0000
      0.0000      0.0000      0.0000      4.5881      4.5881      0.0000
      0.0000      0.0000      0.0000      0.0000      0.0000      0.0000
      0.0000      0.0000      0.0000      0.0000      0.0000      0.0000
      0.0000      0.0000      0.0000      0.0000      0.0000      0.0000

   DONNEES POUR LA VALLEE N]22-MARCIL   DATE: 22/03/10     1 USINE(S)     1 RESERVOIR(S)
  LAC N]93- MARC5R     0.1000E+04      3.030           0.0000
   7542.0000   7542.0000   7542.0000   7542.0000   7542.0000   7542.0000
   7542.0000   7542.0000   7542.0000   7542.0000   7542.0000   7542.0000
   7542.0000   7542.0000   7542.0000   7542.0000   7542.0000   7542.0000
   7542.0000   7542.0000   7542.0000   7542.0000   7542.0000   7542.0000
   7542.0000   7542.0000   7542.0000   7542.0000   7542.0000   7542.0000
   7542.0000   7542.0000   7542.0000   7542.0000   7542.0000   7542.0000
   7542.0000   7542.0000   7542.0000   7542.0000   7542.0000   7542.0000
   7542.0000   7542.0000   7542.0000   7542.0000   7542.0000   7542.0000
   7542.0000   7542.0000   7542.0000   7542.0000   7542.0000   7542.0000
   7542.0000   7542.0000   7542.0000   7542.0000   7542.0000   7542.0000
   7542.0000   7542.0000   7542.0000   7542.0000   7542.0000   7542.0000
   7542.0000   7542.0000   7542.0000   7542.0000   7542.0000   7542.0000
   7542.0000   7542.0000   7542.0000   7542.0000   7542.0000   7542.0000
   7542.0000   7542.0000   7542.0000   7542.0000   7542.0000   7542.0000
   7542.0000   7542.0000   7542.0000   7542.0000   7542.0000   7542.0000
   7542.0000   7542.0000   7542.0000   7542.0000   7542.0000   7542.0000

  USINE N]**- MARC5H   93   0           0.0000
      0.0000      0.0000      0.0000      0.0000      0.0000      0.0000
      0.0000      0.0000      0.0000      0.0000      0.0000      0.0000
      0.0000      0.0000      0.0000      0.0000      0.0000      0.0000
      0.0000      0.0000      0.0000      0.0000      0.0000      0.0000
      0.0000      0.0000      0.0000      0.0000      0.0000      0.0000
      0.0000      0.0000      0.0000      0.0000      0.0000      0.0000
      0.0000      0.0000      0.0000      0.0000      0.0000      0.0000
      0.0000      0.0000      0.0000      0.0000      0.0000      0.0000
      0.0000      0.0000      0.0000      0.0000      0.0000      0.0000
      0.0000      0.0000      0.0000      0.0000      0.0000      0.0000
      0.0000      0.0000      0.0000      0.0000      0.0000      0.0000
      0.0000      0.0000      0.0000      0.0000      0.0000      0.0000
      0.0000      0.0000      0.0000      0.0000      0.0000      0.0000
      0.0000      0.0000      0.0000      0.0000      0.0000      0.0000
      0.0000      0.0000      0.0000      0.0000      0.0000      0.0000
      0.0000      0.0000      0.0000      0.0000      0.0000      0.0000

      0.0000      0.0000      0.0000      0.0000      0.0000      0.0000
      0.0000      0.0000      0.0000      0.0000      0.0000      0.0000
      0.0000      0.0000      0.0000      0.0000      0.0000      0.0000
      0.0000      0.0000      0.0000      0.0000      0.0000      0.0000
      0.0000      0.0000      0.0000      0.0000      0.0000      0.0000
      0.0000      0.0000      0.0000      0.0000      0.0000      0.0000
      0.0000      0.0000      0.0000      0.0000      0.0000      0.0000
      0.0000      0.0000      0.0000      0.0000      0.0000      0.0000
      0.0000      0.0000      0.0000      0.0000      0.0000      0.0000
      0.0000      0.0000      0.0000      0.0000      0.0000      0.0000
      0.0000      0.0000      0.0000      0.0000      0.0000      0.0000
      0.0000      0.0000      0.0000      0.0000      0.0000      0.0000
      0.0000      0.0000      0.0000      0.0000      0.0000      0.0000
      0.0000      0.0000      0.0000      0.0000      0.0000      0.0000
      0.0000      0.0000      0.0000      0.0000      0.0000      0.0000
      0.0000      0.0000      0.0000      0.0000      0.0000      0.0000

   DONNEES POUR LA VALLEE N]30-ADOUR    DATE: 22/03/10     4 USINE(S)     4 RESERVOIR(S)
  LAC N]**- GREZIR     0.1000E+04     21.990           0.0000
     35.0000     35.0000     35.0000     35.0000     35.0000     35.0000
     35.0000     35.0000     35.0000     35.0000     35.0000     35.0000
     35.0000     35.0000     35.0000     35.0000     35.0000     35.0000
     35.0000     35.0000     35.0000     35.0000     35.0000     35.0000
     35.0000     35.0000     35.0000     35.0000     35.0000     35.0000
     35.0000     35.0000     35.0000     35.0000     35.0000     35.0000
     35.0000     35.0000     35.0000     35.0000     35.0000     35.0000
     35.0000     35.0000     35.0000     35.0000     35.0000     35.0000
     35.0000     35.0000     35.0000     35.0000     35.0000     35.0000
     35.0000     35.0000     35.0000     35.0000     35.0000     35.0000
     35.0000     35.0000     35.0000     35.0000     35.0000     35.0000
     35.0000     35.0000     35.0000     35.0000     35.0000     35.0000
     35.0000     35.0000     35.0000     35.0000     35.0000     35.0000
     35.0000     35.0000     35.0000     35.0000     35.0000     35.0000
     35.0000     35.0000     35.0000     35.0000     35.0000     35.0000
     35.0000     35.0000     35.0000     35.0000     35.0000     35.0000

  LAC N]**- GRIPPR     0.1000E+04      0.000           0.0000
      0.0000      0.0000      0.0000      0.0000      0.0000      0.0000
      0.0000      0.0000      0.0000      0.0000      0.0000      0.0000
      0.0000      0.0000      0.0000      0.0000      0.0000      0.0000
      0.0000      0.0000      0.0000      0.0000      0.0000      0.0000
      0.0000      0.0000      0.0000      0.0000      0.0000      0.0000
      0.0000      0.0000      0.0000      0.0000      0.0000      0.0000
      0.0000      0.0000      0.0000      0.0000      0.0000      0.0000
      0.0000      0.0000      0.0000      0.0000      0.0000      0.0000
      0.0000      0.0000      0.0000      0.0000      0.0000      0.0000
      0.0000      0.0000      0.0000      0.0000      0.0000      0.0000
      0.0000      0.0000      0.0000      0.0000      0.0000      0.0000
      0.0000      0.0000      0.0000      0.0000      0.0000      0.0000
      0.0000      0.0000      0.0000      0.0000      0.0000      0.0000
      0.0000      0.0000      0.0000      0.0000      0.0000      0.0000
      0.0000      0.0000      0.0000      0.0000      0.0000      0.0000
      0.0000      0.0000      0.0000      0.0000      0.0000      0.0000

  LAC N]**- CSTILR     0.1000E+04      0.000         -30.9400
     42.5400     43.0800     43.6200     44.1600     44.7000     45.2400
     45.7800     46.3200     46.8600     51.2000     51.7400     52.2800
     50.3000     48.3200     46.3400     44.3600     42.3800     40.4000
     38.4200     36.4400     34.4600     32.4800     30.5000     28.5200
     26.5400     24.5600     22.5800     20.6000     21.1400     21.6800
     22.2200     22.7600     23.3000     23.8400     21.8600     19.8800
     17.9000     15.9200     13.9400     11.9600      9.9800      8.0000
      8.5400      9.0800      9.6200     10.1600     10.7000     11.2400
     11.7800     12.3200     12.8600     13.4000     13.9400     14.4800
     15.0200     15.5600     16.1000     16.6400     17.1800     17.7200
     15.7400     13.7600     11.7800      9.8000     42.3800     40.4000
     38.4200     36.4400     34.4600     32.4800     30.5000     28.5200
     26.5400     24.5600     22.5800     20.6000     21.1400     21.6800
     22.2200     22.7600     23.3000     23.8400     21.8600     19.8800
     17.9000     15.9200     13.9400     11.9600      9.9800      8.0000
      8.5400      9.0800      9.6200     10.1600     10.5200     11.0600

  LAC N]**- CAMPAR     0.1000E+04      0.000           0.0000
      0.0000      0.0000      0.0000      0.0000      0.0000      0.0000
      0.0000      0.0000      0.0000      0.0000      0.0000      0.0000
      0.0000      0.0000      0.0000      0.0000      0.0000      0.0000
      0.0000      0.0000      0.0000      0.0000      0.0000      0.0000
      0.0000      0.0000      0.0000      0.0000      0.0000      0.0000
      0.0000      0.0000      0.0000      0.0000      0.0000      0.0000
      0.0000      0.0000      0.0000      0.0000      0.0000      0.0000
      0.0000      0.0000      0.0000      0.0000      0.0000      0.0000
      0.0000      0.0000      0.0000      0.0000      0.0000      0.0000
      0.0000      0.0000      0.0000      0.0000      0.0000      0.0000
      0.0000      0.0000      0.0000      0.0000      0.0000      0.0000
      0.0000      0.0000      0.0000      0.0000      0.0000      0.0000
      0.0000      0.0000      0.0000      0.0000      0.0000      0.0000
      0.0000      0.0000      0.0000      0.0000      0.0000      0.0000
      0.0000      0.0000      0.0000      0.0000      0.0000      0.0000
      0.0000      0.0000      0.0000      0.0000      0.0000      0.0000

  USINE N]**- ARTIGH   **  **           0.0000
      0.0000      0.0000      0.0000      0.0000      0.0000      0.0000
      0.0000      0.0000      0.0000      0.0000      0.0000      0.0000
      0.0000      0.0000      0.0000      0.0000      0.0000      0.0000
      0.0000      0.0000      0.0000      0.0000      0.0000      0.0000
      0.0000      0.0000      0.0000      0.0000      0.0000      0.0000
      0.0000      0.0000      0.0000      0.0000      0.0000      0.0000
      0.0000      0.0000      0.0000      0.0000      0.0000      0.0000
      0.0000      0.0000      0.0000      0.0000      0.0000      0.0000
      0.0000      0.0000      0.0000      0.0000      0.0000      0.0000
      0.0000      0.0000      0.0000      0.0000      0.0000      0.0000
      0.0000      0.0000      0.0000      0.0000      0.0000      0.0000
      0.0000      0.0000      0.0000      0.0000      0.0000      0.0000
      0.0000      0.0000      0.0000      0.0000      0.0000      0.0000
      0.0000      0.0000      0.0000      0.0000      0.0000      0.0000
      0.0000      0.0000      0.0000      0.0000      0.0000      0.0000
      0.0000      0.0000      0.0000      0.0000      0.0000      0.0000

      0.0000      0.0000      0.0000      0.0000      0.0000      0.0000
      0.0000      0.0000      0.0000      0.0000      0.0000      0.0000
      0.0000      0.0000      0.0000      0.0000      0.0000      0.0000
      0.0000      0.0000      0.0000      0.0000      0.0000      0.0000
      0.0000      0.0000      0.0000      0.0000      0.0000      0.0000
      0.0000      0.0000      0.0000      0.0000      0.0000      0.0000
      0.0000      0.0000      0.0000      0.0000      0.0000      0.0000
      0.0000      0.0000      0.0000      0.0000      0.0000      0.0000
      0.0000      0.0000      0.0000      0.0000      0.0000      0.0000
      0.0000      0.0000      0.0000      0.0000      0.0000      0.0000
      0.0000      0.0000      0.0000      0.0000      0.0000      0.0000
      0.0000      0.0000      0.0000      0.0000      0.0000      0.0000
      0.0000      0.0000      0.0000      0.0000      0.0000      0.0000
      0.0000      0.0000      0.0000      0.0000      0.0000      0.0000
      0.0000      0.0000      0.0000      0.0000      0.0000      0.0000
      0.0000      0.0000      0.0000      0.0000      0.0000      0.0000

  USINE N]**- ARTI8H   **  **         120.9600
      0.0000      0.0000      0.0000      0.0000      0.0000      0.0000
      0.0000      0.0000      0.0000      0.0000      0.0000      0.0000
      2.5200      2.5200      2.5200      2.5200      2.5200      2.5200
      2.5200      2.5200      2.5200      2.5200      2.5200      2.5200
      2.5200      2.5200      2.5200      2.5200      0.0000      0.0000
      0.0000      0.0000      0.0000      0.0000      2.5200      2.5200
      2.5200      2.5200      2.5200      2.5200      2.5200      2.5200
      0.0000      0.0000      0.0000      0.0000      0.0000      0.0000
      0.0000      0.0000      0.0000      0.0000      0.0000      0.0000
      0.0000      0.0000      0.0000      0.0000      0.0000      0.0000
      2.5200      2.5200      2.5200      2.5200      2.5200      2.5200
      2.5200      2.5200      2.5200      2.5200      2.5200      2.5200
      2.5200      2.5200      2.5200      2.5200      0.0000      0.0000
      0.0000      0.0000      0.0000      0.0000      2.5200      2.5200
      2.5200      2.5200      2.5200      2.5200      2.5200      2.5200
      0.0000      0.0000      0.0000      0.0000      0.0000      0.0000

      0.0000      0.0000      0.0000      0.0000      0.0000      0.0000
      0.0000      0.0000      0.0000      0.0000      0.0000      0.0000
      1.6471      1.6471      1.6471      1.6471      1.6471      1.6471
      1.6471      1.6471      1.6471      1.6471      1.6471      1.6471
      1.6471      1.6471      1.6471      1.6471      0.0000      0.0000
      0.0000      0.0000      0.0000      0.0000      1.6471      1.6471
      1.6471      1.6471      1.6471      1.6471      1.6471      1.6471
      0.0000      0.0000      0.0000      0.0000      0.0000      0.0000
      0.0000      0.0000      0.0000      0.0000      0.0000      0.0000
      0.0000      0.0000      0.0000      0.0000      0.0000      0.0000
      1.6471      1.6471      1.6471      1.6471      1.6471      1.6471
      1.6471      1.6471      1.6471      1.6471      1.6471      1.6471
      1.6471      1.6471      1.6471      1.6471      0.0000      0.0000
      0.0000      0.0000      0.0000      0.0000      1.6471      1.6471
      1.6471      1.6471      1.6471      1.6471      1.6471      1.6471
      0.0000      0.0000      0.0000      0.0000      0.0000      0.0000

  USINE N]**- GRIPPH   **  **         156.9600
      0.7200      0.7200      0.7200      0.7200      0.7200      0.7200
      0.7200      0.7200      0.7200      0.7200      0.7200      0.7200
      3.2400      3.2400      3.2400      3.2400      3.2400      3.2400
      3.2400      3.2400      3.2400      3.2400      3.2400      3.2400
      3.2400      3.2400      3.2400      3.2400      0.7200      0.7200
      0.7200      0.7200      0.7200      0.7200      3.2400      3.2400
      3.2400      3.2400      3.2400      3.2400      3.2400      3.2400
      0.7200      0.7200      0.7200      0.7200      0.7200      0.7200
      0.7200      0.7200      0.7200      0.7200      0.7200      0.7200
      0.7200      0.7200      0.7200      0.7200      0.7200      0.7200
      3.2400      1.8000      1.8000      1.8000      1.8000      1.8000
      1.8000      1.8000      1.8000      1.8000      1.8000      1.8000
      1.8000      1.8000      1.8000      1.8000      0.7200      0.7200
      0.7200      0.7200      0.7200      0.7200      1.8000      1.8000
      1.8000      1.8000      1.8000      1.8000      1.8000      1.8000
      0.7200      0.7200      0.7200      0.7200      0.7200      0.7200

      0.0000      0.0000      0.0000      0.2400      0.2400      0.0000
      0.0000      0.0000      0.0000      0.0000      0.0000      0.2400
      1.0800      1.0800      1.0800      1.0800      1.0800      1.0800
      1.0800      1.0800      1.0800      0.0000      1.0800      1.0800
      1.0800      1.0800      1.0800      1.0800      0.2400      0.2400
      0.2400      0.2400      0.2400      0.0000      1.0800      1.0800
      1.0800      1.0800      1.0800      1.0800      1.0800      1.0800
      0.2400      0.2400      0.0000      0.2400      0.0000      0.0000
      0.2400      0.2400      0.2400      0.0000      0.2400      0.0000
      0.0000      0.2400      0.0000      0.2400      0.2400      0.2400
      1.0800      0.0000      0.6000      0.6000      0.6000      0.6000
      0.6000      0.6000      0.6000      0.6000      0.6000      0.6000
      0.6000      0.6000      0.6000      0.6000      0.2400      0.2400
      0.2400      0.2400      0.2400      0.0000      0.0000      0.0000
      0.6000      0.6000      0.6000      0.6000      0.6000      0.6000
      0.0000      0.0000      0.0000      0.2400      0.0000      0.0000

  USINE N]**- CAMP5H   **   0         468.0000
      3.9600      3.9600      3.9600      3.9600      3.9600      3.9600
      3.9600      3.9600      3.9600      3.9600      3.9600      3.9600
      3.9600      3.9600      6.4800      6.4800      6.4800      6.4800
      6.4800      6.4800      6.4800      6.4800      6.4800      6.4800
      6.4800      6.4800      6.4800      6.4800      6.4800      6.4800
      3.9600      3.9600      3.9600      3.9600      3.9600      3.9600
      6.4800      6.4800      6.4800      6.4800      6.4800      6.4800
      6.4800      6.4800      3.9600      3.9600      3.9600      3.9600
      3.9600      3.9600      3.9600      3.9600      3.9600      3.9600
      3.9600      3.9600      3.9600      3.9600      3.9600      3.9600
      3.9600      3.9600      6.4800      5.0400      5.0400      5.0400
      5.0400      5.0400      5.0400      5.0400      5.0400      5.0400
      5.0400      5.0400      5.0400      5.0400      5.0400      5.0400
      3.9600      3.9600      3.9600      3.9600      3.9600      3.9600
      5.0400      5.0400      5.0400      5.0400      5.0400      5.0400
      5.0400      5.0400      3.9600      3.9600      3.9600      3.9600

      3.9286      3.9286      3.9286      3.9286      3.9286      3.6667
      3.9286      3.9286      3.9286      3.9286      3.9286      3.9286
      3.9286      3.9286      6.4286      6.4286      6.4286      6.4286
      6.4286      6.4286      6.4286      6.4286      6.4286      6.4286
      6.4286      6.4286      6.4286      6.4286      6.4286      6.4286
      3.9286      3.9286      3.9286      3.9286      3.9286      3.9286
      6.4286      6.4286      6.4286      6.4286      6.4286      6.4286
      6.4286      6.4286      3.6667      3.9286      3.6667      3.9286
      3.9286      3.9286      3.9286      3.9286      3.9286      3.9286
      3.9286      3.9286      3.9286      3.9286      3.9286      3.9286
      3.9286      3.6667      6.4286      5.0000      5.0000      5.0000
      5.0000      5.0000      5.0000      5.0000      5.0000      5.0000
      5.0000      5.0000      5.0000      5.0000      5.0000      5.0000
      3.9286      3.9286      3.9286      3.9286      3.9286      3.9286
      5.0000      5.0000      5.0000      5.0000      5.0000      5.0000
      5.0000      5.0000      3.9286      3.9286      3.9286      3.9286

