'CONSO' '22/06/2010' '13:02' 
'23/06/2010' 
'CONSOMMATION' 
 5.01033000E+04 
 5.10881000E+04  4.91961000E+04  4.86421000E+04  4.81581000E+04  4.72574000E+04  4.57464000E+04 
 4.58392000E+04  4.53502000E+04  4.49532000E+04  4.54542000E+04  4.61906000E+04  4.70306000E+04 
 4.79725000E+04  5.02753000E+04  5.08924000E+04  5.22824000E+04  5.21994000E+04  5.32536000E+04 
 5.28026000E+04  5.31186000E+04  5.30736000E+04  5.34863999E+04  5.36224000E+04  5.38284000E+04 
 5.33524000E+04  5.39691000E+04  5.33081000E+04  5.35873000E+04  5.33113000E+04  5.23361000E+04 
 5.22330000E+04  5.15560000E+04  5.19590000E+04  5.10310000E+04  5.19863000E+04  5.21443000E+04 
 5.18064000E+04  5.22144000E+04  5.21713000E+04  5.13533000E+04  5.18703000E+04  5.07443000E+04 
 4.78973000E+04  4.79733000E+04  4.97683000E+04  5.19153000E+04  5.04036000E+04  4.95099000E+04 
 5.06134000E+04  4.88353000E+04  4.73793000E+04  4.69981000E+04  4.69116000E+04  4.54376000E+04 
 4.53095000E+04  4.47118000E+04  4.42891000E+04  4.47901000E+04  4.52805000E+04  4.59885000E+04 
 4.89455000E+04  5.11655000E+04  5.19086000E+04  5.32063000E+04  5.28320000E+04  5.37932000E+04 
 5.32182000E+04  5.37422000E+04  5.36744000E+04  5.38524000E+04  5.42731000E+04  5.44758000E+04 
 5.32926000E+04  5.38796000E+04  5.30766000E+04  5.33726000E+04  5.31419000E+04  5.21949000E+04 
 5.19826000E+04  5.13956000E+04  5.14766000E+04  5.08159000E+04  5.13969000E+04  5.12899000E+04 
 5.16589000E+04  5.20879000E+04  5.22529000E+04  5.12509000E+04  5.21519000E+04  5.15642000E+04 
 5.15282000E+04  5.17561000E+04  5.20281000E+04  5.38908000E+04  5.15102000E+04  5.09175000E+04 
'PRIMAIRE' 
 5.66135015E+02 
 5.47142514E+02  5.46122495E+02  5.48162473E+02  5.48162473E+02  5.49182492E+02  5.48162473E+02 
 5.48162473E+02  5.47142514E+02  5.47142514E+02  5.48162473E+02  5.48162473E+02  5.49182492E+02 
 5.45662473E+02  5.47702512E+02  5.47702512E+02  5.40562497E+02  5.31382505E+02  5.31382505E+02 
 5.39382505E+02  5.44382505E+02  5.44382505E+02  5.44382505E+02  5.47382505E+02  5.56382505E+02 
 5.56382505E+02  5.76382505E+02  5.72362485E+02  5.73382505E+02  5.72362485E+02  5.63362485E+02 
 5.66362485E+02  5.66362485E+02  5.65342527E+02  5.40342527E+02  5.39322507E+02  5.39322507E+02 
 5.42842527E+02  5.42842527E+02  5.42842527E+02  5.41822507E+02  5.47942502E+02  5.43922483E+02 
 5.44942502E+02  5.44942502E+02  5.57182492E+02  5.61202512E+02  5.61202512E+02  5.61202512E+02 
 5.47142514E+02  5.46122495E+02  5.48162473E+02  5.48162473E+02  5.49182492E+02  5.48162473E+02 
 5.48162473E+02  5.47142514E+02  5.47142514E+02  5.48162473E+02  5.48162473E+02  5.49182492E+02 
 5.45662473E+02  5.47702512E+02  5.47702512E+02  5.40562497E+02  5.31382505E+02  5.31382505E+02 
 5.39382505E+02  5.44382505E+02  5.44382505E+02  5.44382505E+02  5.47382505E+02  5.56382505E+02 
 5.56382505E+02  5.76382505E+02  5.72362485E+02  5.73382505E+02  5.72362485E+02  5.63362485E+02 
 5.66362485E+02  5.66362485E+02  5.65342527E+02  5.40342527E+02  5.39322507E+02  5.39322507E+02 
 5.42842527E+02  5.42842527E+02  5.42842527E+02  5.41822507E+02  5.47942502E+02  5.43922483E+02 
 5.44942502E+02  5.44942502E+02  5.57182492E+02  5.61202512E+02  5.61202512E+02  5.61202512E+02 
'TELEREGLAGE' 
 6.12000000E+02 
 6.12000000E+02  6.12000000E+02  6.12000000E+02  6.12000000E+02  6.12000000E+02  6.12000000E+02 
 5.61000000E+02  5.61000000E+02  5.61000000E+02  6.12000000E+02  6.12000000E+02  6.12000000E+02 
 6.12000000E+02  6.12000000E+02  6.63000000E+02  6.54840027E+02  6.55859985E+02  6.55859985E+02 
 6.73859985E+02  6.73859985E+02  6.73859985E+02  6.73859985E+02  6.69859985E+02  6.69859985E+02 
 6.69859985E+02  6.89859985E+02  7.00859985E+02  7.00859985E+02  7.00859985E+02  6.93859985E+02 
 6.89859985E+02  6.89859985E+02  6.69859985E+02  6.69859985E+02  6.68840027E+02  6.68840027E+02 
 6.69859985E+02  6.69859985E+02  6.69859985E+02  6.68840027E+02  6.26000000E+02  6.30000000E+02 
 6.30000000E+02  6.30000000E+02  6.81000000E+02  6.77000000E+02  6.26000000E+02  6.26000000E+02 
 6.12000000E+02  6.12000000E+02  6.12000000E+02  6.12000000E+02  6.12000000E+02  6.12000000E+02 
 5.61000000E+02  5.61000000E+02  5.61000000E+02  6.12000000E+02  6.12000000E+02  6.12000000E+02 
 6.12000000E+02  6.12000000E+02  6.63000000E+02  6.54840027E+02  6.55859985E+02  6.55859985E+02 
 6.73859985E+02  6.73859985E+02  6.73859985E+02  6.73859985E+02  6.69859985E+02  6.69859985E+02 
 6.69859985E+02  6.89859985E+02  7.00859985E+02  7.00859985E+02  7.00859985E+02  6.93859985E+02 
 6.89859985E+02  6.89859985E+02  6.69859985E+02  6.69859985E+02  6.68840027E+02  6.68840027E+02 
 6.69859985E+02  6.69859985E+02  6.69859985E+02  6.68840027E+02  6.26000000E+02  6.30000000E+02 
 6.30000000E+02  6.30000000E+02  6.81000000E+02  6.77000000E+02  6.26000000E+02  6.26000000E+02 
'RESERVE' 
 0.00000000E+00 
 0.00000000E+00  0.00000000E+00  0.00000000E+00  0.00000000E+00  0.00000000E+00  0.00000000E+00 
 0.00000000E+00  0.00000000E+00  0.00000000E+00  0.00000000E+00  0.00000000E+00  0.00000000E+00 
 0.00000000E+00  0.00000000E+00  0.00000000E+00  0.00000000E+00  0.00000000E+00  0.00000000E+00 
 0.00000000E+00  0.00000000E+00  0.00000000E+00  0.00000000E+00  0.00000000E+00  0.00000000E+00 
 0.00000000E+00  0.00000000E+00  0.00000000E+00  0.00000000E+00  0.00000000E+00  0.00000000E+00 
 0.00000000E+00  0.00000000E+00  0.00000000E+00  0.00000000E+00  0.00000000E+00  0.00000000E+00 
 0.00000000E+00  0.00000000E+00  0.00000000E+00  0.00000000E+00  0.00000000E+00  0.00000000E+00 
 0.00000000E+00  0.00000000E+00  0.00000000E+00  0.00000000E+00  0.00000000E+00  0.00000000E+00 
 0.00000000E+00  0.00000000E+00  0.00000000E+00  0.00000000E+00  0.00000000E+00  0.00000000E+00 
 0.00000000E+00  0.00000000E+00  0.00000000E+00  0.00000000E+00  0.00000000E+00  0.00000000E+00 
 0.00000000E+00  0.00000000E+00  0.00000000E+00  0.00000000E+00  0.00000000E+00  0.00000000E+00 
 0.00000000E+00  0.00000000E+00  0.00000000E+00  0.00000000E+00  0.00000000E+00  0.00000000E+00 
 0.00000000E+00  0.00000000E+00  0.00000000E+00  0.00000000E+00  0.00000000E+00  0.00000000E+00 
 0.00000000E+00  0.00000000E+00  0.00000000E+00  0.00000000E+00  0.00000000E+00  0.00000000E+00 
 0.00000000E+00  0.00000000E+00  0.00000000E+00  0.00000000E+00  0.00000000E+00  0.00000000E+00 
 0.00000000E+00  0.00000000E+00  0.00000000E+00  0.00000000E+00  0.00000000E+00  0.00000000E+00 
'COUT_MAR_CONSO' 
 3.75130005E+01 
 3.81274986E+01  3.65572701E+01  3.44382286E+01  3.74872093E+01  3.74872093E+01  2.38582706E+01 
 2.35381298E+01  1.84463291E+01  1.63577805E+01  2.21355991E+01  1.52753897E+01  1.84463291E+01 
 2.18459396E+01  3.81274986E+01  4.44388885E+01  4.67256203E+01  4.72287102E+01  4.94697113E+01 
 5.37687683E+01  5.24882011E+01  5.79458694E+01  5.89367905E+01  6.08576508E+01  7.08278122E+01 
 5.48968887E+01  5.86471405E+01  5.20765800E+01  5.74885216E+01  5.78391609E+01  5.02776909E+01 
 5.50188484E+01  5.08874817E+01  5.73665695E+01  5.12076187E+01  5.02167091E+01  5.11161613E+01 
 5.12686005E+01  5.50950699E+01  5.67872581E+01  4.90885811E+01  4.95459290E+01  4.22588692E+01 
 4.18777390E+01  4.04752083E+01  4.78689919E+01  5.80983200E+01  4.45760918E+01  4.25485191E+01 
 4.23960686E+01  4.14966202E+01  3.74872093E+01  4.10850105E+01  3.66792297E+01  2.73188591E+01 
 2.99867191E+01  2.73188591E+01  2.70597000E+01  2.88586006E+01  2.83555202E+01  3.58255196E+01 
 3.80055389E+01  4.13594208E+01  5.71378899E+01  6.06289711E+01  6.05070114E+01  6.20162582E+01 
 5.99886894E+01  6.25193405E+01  6.02478485E+01  6.17570992E+01  6.12997513E+01  6.25193405E+01 
 6.08576508E+01  6.47451019E+01  6.10253410E+01  6.11168098E+01  6.21687088E+01  5.64976082E+01 
 5.70769081E+01  5.59183006E+01  5.87386093E+01  5.63451614E+01  5.76562195E+01  5.70159302E+01 
 5.72293587E+01  5.98057518E+01  6.08576508E+01  5.69092216E+01  5.62384415E+01  4.84482994E+01 
 5.18479118E+01  4.95154419E+01  5.07197914E+01  6.56597900E+01  5.02472000E+01  4.97288704E+01 
'COUT_MAR_RESER' 
 0.00000000E+00 
 0.00000000E+00  0.00000000E+00  0.00000000E+00  0.00000000E+00  0.00000000E+00  0.00000000E+00 
 0.00000000E+00  0.00000000E+00  0.00000000E+00  0.00000000E+00  0.00000000E+00  0.00000000E+00 
 0.00000000E+00  0.00000000E+00  0.00000000E+00  0.00000000E+00  0.00000000E+00  0.00000000E+00 
 0.00000000E+00  0.00000000E+00  0.00000000E+00  0.00000000E+00  0.00000000E+00  0.00000000E+00 
 0.00000000E+00  0.00000000E+00  0.00000000E+00  0.00000000E+00  0.00000000E+00  0.00000000E+00 
 0.00000000E+00  0.00000000E+00  0.00000000E+00  0.00000000E+00  0.00000000E+00  0.00000000E+00 
 0.00000000E+00  0.00000000E+00  0.00000000E+00  0.00000000E+00  0.00000000E+00  0.00000000E+00 
 0.00000000E+00  0.00000000E+00  0.00000000E+00  0.00000000E+00  0.00000000E+00  0.00000000E+00 
 0.00000000E+00  0.00000000E+00  0.00000000E+00  0.00000000E+00  0.00000000E+00  0.00000000E+00 
 0.00000000E+00  0.00000000E+00  0.00000000E+00  0.00000000E+00  0.00000000E+00  0.00000000E+00 
 0.00000000E+00  0.00000000E+00  0.00000000E+00  0.00000000E+00  0.00000000E+00  0.00000000E+00 
 0.00000000E+00  0.00000000E+00  0.00000000E+00  0.00000000E+00  0.00000000E+00  0.00000000E+00 
 0.00000000E+00  0.00000000E+00  0.00000000E+00  0.00000000E+00  0.00000000E+00  0.00000000E+00 
 0.00000000E+00  0.00000000E+00  0.00000000E+00  0.00000000E+00  0.00000000E+00  0.00000000E+00 
 0.00000000E+00  0.00000000E+00  0.00000000E+00  0.00000000E+00  0.00000000E+00  0.00000000E+00 
 0.00000000E+00  0.00000000E+00  0.00000000E+00  0.00000000E+00  0.00000000E+00  0.00000000E+00 
'COUT_MAR_PRIMAIRE' 
 5.04986992E+01 
 2.18840003E+00  6.27509003E+01  5.26918983E+01  3.37750006E+00  3.16000015E-01  3.38400006E+00 
 1.74919999E+00  3.07460003E+01  5.09378014E+01  2.79399991E-01  3.96465988E+01  1.14359999E+00 
 7.06199980E+00  4.98619986E+00  5.85784988E+01  3.34209991E+00  3.17699999E-01  7.90811996E+01 
 4.68446999E+01  7.04169998E+01  4.24598007E+01  4.00012016E+01  5.62207985E+01  5.99730015E+00 
 7.76333008E+01  2.45988007E+01  8.94177017E+01  4.45155983E+01  2.15433006E+01  1.13418198E+02 
 3.53754005E+01  4.96733017E+01  3.08890009E+00  6.18622017E+01  7.85417023E+01  4.29664001E+01 
 4.11327019E+01  1.10531998E+01  9.80510044E+00  5.67173004E+01  2.00195007E+01  4.77248001E+01 
 5.18686981E+01  6.23081017E+01  1.31273003E+01  5.17899990E-01  4.30598984E+01  6.27932014E+01 
 4.56389999E+00  5.13577995E+01  7.11449966E+01  6.94420004E+00  1.45475998E+01  5.04814987E+01 
 3.35409999E+00  4.76329994E+01  4.40447006E+01  2.98939991E+00  1.35678997E+01  2.85534000E+01 
 3.74057999E+01  7.02919998E+01  4.80973015E+01  2.27379990E+00  5.22249985E+00  5.32862015E+01 
 8.26726990E+01  3.75845985E+01  6.03736000E+01  5.26265984E+01  5.72729988E+01  4.50471001E+01 
 4.95256996E+01  3.87921982E+01  6.55145035E+01  4.86604004E+01  4.32784004E+01  6.58308029E+01 
 4.79121017E+01  6.56104965E+01  2.95184002E+01  6.34463997E+01  5.73734016E+01  6.62089996E+01 
 5.19225006E+01  2.70310001E+01  2.46558990E+01  3.37010002E+01  4.59015999E+01  6.32793007E+01 
 6.67154999E+01  6.47345963E+01  3.22687988E+01  1.28999993E-01  5.93744011E+01  6.43357010E+01 
'COUT_MAR_TELER' 
 3.33102989E+01 
 6.87059021E+01  3.55710006E+00  8.00590038E+00  2.80527000E+01  2.80342999E+01  2.54116001E+01 
 2.11364002E+01  2.11741009E+01  2.24302006E+01  1.92231007E+01  2.16413002E+01  2.37586994E+01 
 2.33073997E+01  1.51049995E+01  4.94700015E-01  8.39113998E+01  8.86524963E+01  3.57997017E+01 
 4.69893990E+01  4.74706001E+01  5.12556000E+01  7.39620972E+01  3.75280991E+01  2.03270006E+00 
 3.89412003E+01  5.05148010E+01  4.18000984E+01  4.82072983E+01  4.75702019E+01  8.29615021E+01 
 4.33615990E+01  8.64644012E+01  5.90183983E+01  5.90292015E+01  3.43600006E+01  4.29858017E+01 
 4.35410004E+01  3.61343994E+01  2.81306000E+01  4.17591019E+01  1.87782993E+01  4.19285011E+01 
 4.57919006E+01  5.58801003E+01  5.28987007E+01  6.42600000E-01  2.98897991E+01  3.48324013E+01 
 7.56427002E+01  8.49799991E-01  2.02873001E+01  2.69617004E+01  3.04834995E+01  4.03242989E+01 
 3.73922997E+01  3.88851013E+01  3.97859001E+01  3.59426003E+01  4.05378990E+01  1.77530003E+01 
 2.63078995E+01  4.18527985E+01  5.47700024E+00  8.57547989E+01  1.13143799E+02  4.04143982E+01 
 4.85792999E+01  3.55054016E+01  5.06543007E+01  4.14360008E+01  6.45618973E+01  4.17442017E+01 
 4.96152992E+01  3.36668015E+01  4.24343987E+01  5.15125008E+01  5.24291000E+01  7.16638031E+01 
 3.90222015E+01  7.78516006E+01  7.68406982E+01  6.63593979E+01  3.39533997E+01  3.45770988E+01 
 4.46699982E+01  4.38399010E+01  4.75519981E+01  4.78437996E+01  3.54183006E+01  5.67182007E+01 
 4.61198006E+01  5.50615997E+01  7.10820999E+01  2.90510011E+00  5.27188988E+01  5.34062004E+01 
'FIN' 
