'GROUPES' '22/06/2010' '13:02' 
'BLAYAT 1' 
'N'  2.50000000E+01 'BLAY001' 2 2  4.32500000E+02  5.00000000E+01  5.00000000E+01  5.00000000E+01  1.80000000E+01  1.80000000E+01  1.80000000E+01 
 0.00000000E+00  8.20000172E+00  0.00000000E+00 
'L'  0.00000000E+00  0.00000000E+00  6.00000000E+01  0.00000000E+00 
 3.00000000E+01  3.00000000E+01 1440 1440 120 
5 
 2.00000000E+02  4.50000000E+02  6.00000000E+02  7.50000000E+02  9.25000000E+02 
'BLAYAT 2' 
'N'  2.50000000E+01 'BLAY002' 2 2  4.49000000E+02  5.00000000E+01  5.00000000E+01  5.00000000E+01  1.80000000E+01  1.80000000E+01  1.80000000E+01 
 0.00000000E+00  7.09999800E+00  0.00000000E+00 
'L'  0.00000000E+00  0.00000000E+00  6.00000000E+01  0.00000000E+00 
 2.00000000E+00  3.00000000E+01 1440 1440 120 
5 
 2.00000000E+02  4.50000000E+02  6.00000000E+02  7.50000000E+02  9.58000000E+02 
'BLAYAT 3' 
'N'  2.50000000E+01 'BLAY003' 2 2  4.43500000E+02  1.00000000E-06  1.00000000E-06  1.00000000E-06  1.80000000E+01  1.80000000E+01  1.80000000E+01 
 0.00000000E+00  7.09999800E+00  0.00000000E+00 
'L'  0.00000000E+00  0.00000000E+00  6.00000000E+01  0.00000000E+00 
 1.50000000E+01  3.00000000E+01 1440 1440 120 
5 
 2.30000000E+02  4.50000000E+02  6.00000000E+02  7.50000000E+02  9.47000000E+02 
'BLAYAT 4' 
'N'  2.50000000E+01 'BLAY004' 2 2  4.28500000E+02  5.00000000E+01  5.00000000E+01  5.00000000E+01  1.80000000E+01  1.80000000E+01  1.80000000E+01 
 0.00000000E+00  7.09999800E+00  0.00000000E+00 
'L'  0.00000000E+00  0.00000000E+00  6.00000000E+01  0.00000000E+00 
 2.00000000E+00  3.00000000E+01 1440 1440 120 
5 
 1.90000000E+02  4.50000000E+02  6.00000000E+02  7.50000000E+02  9.17000000E+02 
'BUGEYT 2' 
'N'  2.50000000E+01 'BUGE005' 2 2  4.25500000E+02  3.50000000E+01  3.50000000E+01  3.50000000E+01  1.80000000E+01  1.80000000E+01  1.80000000E+01 
 0.00000000E+00  7.09999800E+00  0.00000000E+00 
'L'  0.00000000E+00  0.00000000E+00  6.00000000E+01  0.00000000E+00 
 3.00000000E+01  3.00000000E+01 1440 1440 120 
5 
 2.20000000E+02  4.50000000E+02  6.00000000E+02  7.50000000E+02  9.11000000E+02 
'BUGEYT 3' 
'N'  2.50000000E+01 'BUGE006' 2 2  4.24500000E+02  3.50000000E+01  3.50000000E+01  3.50000000E+01  1.80000000E+01  1.80000000E+01  1.80000000E+01 
 0.00000000E+00  7.09999800E+00  0.00000000E+00 
'L'  0.00000000E+00  0.00000000E+00  6.00000000E+01  0.00000000E+00 
 3.00000000E+01  3.00000000E+01 1440 1440 120 
5 
 2.20000000E+02  4.50000000E+02  6.00000000E+02  7.50000000E+02  9.09000000E+02 
'BUGEYT 4' 
'N'  2.50000000E+01 'BUGE007' 2 2  4.11000000E+02  3.50000000E+01  3.50000000E+01  3.50000000E+01  1.80000000E+01  1.80000000E+01  1.80000000E+01 
 0.00000000E+00  8.41000175E+00  0.00000000E+00 
'L'  0.00000000E+00  0.00000000E+00  6.00000000E+01  0.00000000E+00 
 4.00000000E+00  1.50000000E+01 1440 1440 120 
5 
 2.10000000E+02  4.50000000E+02  6.00000000E+02  7.50000000E+02  8.82000000E+02 
'BUGEYT 5' 
'N'  2.50000000E+01 'BUGE008' 2 2  4.09000000E+02  3.50000000E+01  3.50000000E+01  3.50000000E+01  1.80000000E+01  1.80000000E+01  1.80000000E+01 
 0.00000000E+00  1.23000002E+01  0.00000000E+00 
'L'  0.00000000E+00  0.00000000E+00  6.00000000E+01  0.00000000E+00 
 5.00000000E+00  3.00000000E+01 1440 1440 120 
5 
 2.10000000E+02  4.50000000E+02  6.00000000E+02  7.50000000E+02  8.78000000E+02 
'BVIL7T 1' 
'N'  2.50000000E+01 'BVIL009' 2 2  0.00000000E+00  7.00000000E+01  7.00000000E+01  7.00000000E+01  2.70000000E+01  2.70000000E+01  2.70000000E+01 
 0.00000000E+00  7.09999800E+00  0.00000000E+00 
'L'  0.00000000E+00  0.00000000E+00  6.00000000E+01  0.00000000E+00 
 4.00000000E+01  4.00000000E+01 1440 1440 120 
6 
 2.60000000E+02  4.50000000E+02  6.00000000E+02  8.00000000E+02  1.00000000E+03  1.31400000E+03 
'BVIL7T 2' 
'N'  2.50000000E+01 'BVIL010' 2 2  0.00000000E+00  7.00000000E+01  7.00000000E+01  7.00000000E+01  2.70000000E+01  2.70000000E+01  2.70000000E+01 
 0.00000000E+00  7.09999800E+00  0.00000000E+00 
'L'  0.00000000E+00  0.00000000E+00  6.00000000E+01  0.00000000E+00 
 4.00000000E+01  4.00000000E+01 1440 1440 120 
6 
 2.60000000E+02  4.50000000E+02  6.00000000E+02  8.00000000E+02  1.00000000E+03  1.31600000E+03 
'CATTET 1' 
'N'  2.50000000E+01 'CATT011' 2 2  0.00000000E+00  7.00000000E+01  7.00000000E+01  7.00000000E+01  2.70000000E+01  2.70000000E+01  2.70000000E+01 
 0.00000000E+00  7.40999985E+00  0.00000000E+00 
'L'  0.00000000E+00  0.00000000E+00  6.00000000E+01  0.00000000E+00 
 4.00000000E+01  4.00000000E+01 1440 1440 120 
7 
 3.10000000E+02  4.50000000E+02  6.00000000E+02  8.00000000E+02  1.00000000E+03  1.20400000E+03  1.26300000E+03 
'CATTET 2' 
'N'  2.50000000E+01 'CATT012' 2 2  0.00000000E+00  7.00000000E+01  7.00000000E+01  7.00000000E+01  2.70000000E+01  2.70000000E+01  2.70000000E+01 
 0.00000000E+00  3.72999802E+01  0.00000000E+00 
'L'  0.00000000E+00  0.00000000E+00  6.00000000E+01  0.00000000E+00 
 4.00000000E+01  4.00000000E+01 1440 1440 120 
7 
 2.60000000E+02  4.50000000E+02  6.00000000E+02  8.00000000E+02  1.00000000E+03  1.15900000E+03  1.30600000E+03 
'CATTET 3' 
'N'  2.50000000E+01 'CATT013' 2 2  0.00000000E+00  7.00000000E+01  7.00000000E+01  7.00000000E+01  2.70000000E+01  2.70000000E+01  2.70000000E+01 
 0.00000000E+00  8.59999847E+00  0.00000000E+00 
'L'  0.00000000E+00  0.00000000E+00  6.00000000E+01  0.00000000E+00 
 4.00000000E+01  4.00000000E+01 1440 1440 120 
6 
 3.50000000E+02  4.50000000E+02  6.00000000E+02  8.00000000E+02  1.00000000E+03  1.29500000E+03 
'CATTET 4' 
'N'  2.50000000E+01 'CATT014' 2 2  0.00000000E+00  7.00000000E+01  7.00000000E+01  7.00000000E+01  2.70000000E+01  2.70000000E+01  2.70000000E+01 
 0.00000000E+00  1.45000019E+01  0.00000000E+00 
'L'  0.00000000E+00  0.00000000E+00  6.00000000E+01  0.00000000E+00 
 4.00000000E+01  4.00000000E+01 1440 1440 120 
6 
 3.50000000E+02  4.50000000E+02  6.00000000E+02  8.00000000E+02  1.00000000E+03  1.28500000E+03 
'CHIN2T 1' 
'N'  2.50000000E+01 'CHIN015' 2 2  4.15000000E+02  5.00000000E+01  5.00000000E+01  5.00000000E+01  1.80000000E+01  1.80000000E+01  1.80000000E+01 
 0.00000000E+00  7.09999800E+00  0.00000000E+00 
'L'  0.00000000E+00  0.00000000E+00  6.00000000E+01  0.00000000E+00 
 3.00000000E+01  3.00000000E+01 1440 1440 120 
5 
 1.76000000E+02  4.50000000E+02  6.00000000E+02  7.50000000E+02  8.90000000E+02 
'CHIN2T 2' 
'N'  2.50000000E+01 'CHIN016' 2 2  4.22500000E+02  5.00000000E+01  5.00000000E+01  5.00000000E+01  1.80000000E+01  1.80000000E+01  1.80000000E+01 
 0.00000000E+00  7.09999800E+00  0.00000000E+00 
'L'  0.00000000E+00  0.00000000E+00  6.00000000E+01  0.00000000E+00 
 5.00000000E+00  3.00000000E+01 1440 1440 120 
5 
 1.76000000E+02  4.50000000E+02  6.00000000E+02  7.87000000E+02  9.05000000E+02 
'CHIN2T 3' 
'N'  2.50000000E+01 'CHIN017' 2 2  4.25000000E+02  5.00000000E+01  1.00000000E+01  5.00000000E+01  1.80000000E+01  1.80000000E+01  1.80000000E+01 
 0.00000000E+00  8.17999840E+00  0.00000000E+00 
'L'  0.00000000E+00  0.00000000E+00  6.00000000E+01  0.00000000E+00 
 3.00000000E+01  3.00000000E+01 1440 1440 120 
2 
 1.76000000E+02  9.10000000E+02 
'CHIN2T 4' 
'N'  2.50000000E+01 'CHIN018' 2 2  4.18500000E+02  5.00000000E+01  5.00000000E+01  5.00000000E+01  1.80000000E+01  1.80000000E+01  1.80000000E+01 
 0.00000000E+00  7.09999800E+00  0.00000000E+00 
'L'  0.00000000E+00  0.00000000E+00  6.00000000E+01  0.00000000E+00 
 2.00000000E+00  3.00000000E+01 1440 1440 120 
5 
 1.76000000E+02  4.50000000E+02  6.00000000E+02  7.50000000E+02  8.97000000E+02 
'CHOO2T 1' 
'N'  2.50000000E+01 'CHOO019' 2 2  0.00000000E+00  1.00000000E-06  1.00000000E-06  1.00000000E-06  3.00000000E+01  3.00000000E+01  3.00000000E+01 
 0.00000000E+00  7.09999800E+00  0.00000000E+00 
'L'  0.00000000E+00  0.00000000E+00  6.00000000E+01  0.00000000E+00 
 2.00000000E+00  3.00000000E+01 1440 1440 120 
6 
 3.75000000E+02  4.50000000E+02  6.00000000E+02  8.00000000E+02  1.00000000E+03  1.50000000E+03 
'CHOO2T 2' 
'N'  2.50000000E+01 'CHOO020' 2 2  0.00000000E+00  1.00000000E-06  1.00000000E-06  1.00000000E-06  3.00000000E+01  3.00000000E+01  3.00000000E+01 
 0.00000000E+00  1.20000000E+01  0.00000000E+00 
'L'  0.00000000E+00  0.00000000E+00  6.00000000E+01  0.00000000E+00 
 2.00000000E+00  3.00000000E+01 1440 1440 120 
6 
 3.75000000E+02  4.50000000E+02  6.00000000E+02  8.00000000E+02  1.00000000E+03  1.50000000E+03 
'CIVAUT 1' 
'N'  2.50000000E+01 'CIVA021' 2 2  0.00000000E+00  1.00000000E-06  1.00000000E-06  1.00000000E-06  3.00000000E+01  3.00000000E+01  3.00000000E+01 
 0.00000000E+00  7.25999975E+00  0.00000000E+00 
'L'  0.00000000E+00  0.00000000E+00  6.00000000E+01  0.00000000E+00 
 6.00000000E+00  3.00000000E+01 1440 1440 120 
7 
 3.70000000E+02  4.50000000E+02  6.00000000E+02  8.00000000E+02  1.00000000E+03  1.42000000E+03  1.48200000E+03 
'CIVAUT 2' 
'N'  2.50000000E+01 'CIVA022' 2 2  0.00000000E+00  3.00000000E+01  3.00000000E+01  3.00000000E+01  3.00000000E+01  3.00000000E+01  3.00000000E+01 
 0.00000000E+00  8.63999939E+00  0.00000000E+00 
'L'  0.00000000E+00  0.00000000E+00  6.00000000E+01  0.00000000E+00 
 4.00000000E+00  3.00000000E+01 1440 1440 120 
2 
 3.70000000E+02  1.49500000E+03 
'CRUA5T 1' 
'N'  2.50000000E+01 'CRUA023' 2 2  4.17500000E+02  4.00000000E+01  4.00000000E+01  4.00000000E+01  1.80000000E+01  1.80000000E+01  1.80000000E+01 
 0.00000000E+00  7.09999800E+00  0.00000000E+00 
'L'  0.00000000E+00  0.00000000E+00  6.00000000E+01  0.00000000E+00 
 3.00000000E+01  3.00000000E+01 1440 2160 120 
5 
 1.83000000E+02  4.50000000E+02  6.00000000E+02  7.87000000E+02  8.95000000E+02 
'CRUA5T 2' 
'N'  2.50000000E+01 'CRUA024' 2 2  4.24000000E+02  5.00000000E+01  5.00000000E+01  5.00000000E+01  1.80000000E+01  1.80000000E+01  1.80000000E+01 
 0.00000000E+00  7.09999800E+00  0.00000000E+00 
'L'  0.00000000E+00  0.00000000E+00  6.00000000E+01  0.00000000E+00 
 3.00000000E+01  3.00000000E+01 1440 2160 120 
5 
 1.83000000E+02  4.50000000E+02  6.00000000E+02  7.50000000E+02  9.08000000E+02 
'CRUA5T 3' 
'N'  2.50000000E+01 'CRUA025' 2 2  4.14000000E+02  5.00000000E+01  5.00000000E+01  5.00000000E+01  1.80000000E+01  1.80000000E+01  1.80000000E+01 
 0.00000000E+00  7.09999800E+00  0.00000000E+00 
'L'  0.00000000E+00  0.00000000E+00  6.00000000E+01  0.00000000E+00 
 3.00000000E+01  3.00000000E+01 1440 2160 120 
5 
 1.83000000E+02  4.50000000E+02  6.00000000E+02  7.50000000E+02  8.88000000E+02 
'CRUA5T 4' 
'N'  2.50000000E+01 'CRUA026' 2 2  4.24000000E+02  5.00000000E+01  5.00000000E+01  5.00000000E+01  1.80000000E+01  1.80000000E+01  1.80000000E+01 
 0.00000000E+00  7.09999800E+00  0.00000000E+00 
'L'  0.00000000E+00  0.00000000E+00  6.00000000E+01  0.00000000E+00 
 3.00000000E+01  3.00000000E+01 1440 2160 120 
5 
 1.83000000E+02  4.50000000E+02  6.00000000E+02  7.50000000E+02  9.08000000E+02 
'D.BURT 1' 
'N'  2.50000000E+01 'D.BU027' 2 2  4.08500000E+02  5.00000000E+01  5.00000000E+01  5.00000000E+01  1.80000000E+01  1.80000000E+01  1.80000000E+01 
 0.00000000E+00  7.09999800E+00  0.00000000E+00 
'L'  0.00000000E+00  0.00000000E+00  6.00000000E+01  0.00000000E+00 
 3.00000000E+01  3.00000000E+01 1440 1440 120 
5 
 1.80000000E+02  4.50000000E+02  6.00000000E+02  7.59000000E+02  8.77000000E+02 
'D.BURT 2' 
'N'  2.50000000E+01 'D.BU028' 2 2  4.15500000E+02  5.00000000E+01  5.00000000E+01  5.00000000E+01  1.80000000E+01  1.80000000E+01  1.80000000E+01 
 0.00000000E+00  8.21999931E+00  0.00000000E+00 
'L'  0.00000000E+00  0.00000000E+00  6.00000000E+01  0.00000000E+00 
 3.00000000E+01  3.00000000E+01 1440 1440 120 
5 
 1.80000000E+02  4.50000000E+02  6.00000000E+02  7.42000000E+02  8.91000000E+02 
'D.BURT 3' 
'N'  2.50000000E+01 'D.BU029' 2 2  4.15000000E+02  5.00000000E+01  5.00000000E+01  5.00000000E+01  1.80000000E+01  1.80000000E+01  1.80000000E+01 
 0.00000000E+00  8.10000038E+00  0.00000000E+00 
'L'  0.00000000E+00  0.00000000E+00  6.00000000E+01  0.00000000E+00 
 3.00000000E+01  3.00000000E+01 1440 1440 120 
5 
 1.80000000E+02  4.50000000E+02  6.00000000E+02  7.50000000E+02  8.90000000E+02 
'D.BURT 4' 
'N'  2.50000000E+01 'D.BU030' 2 2  4.15000000E+02  5.00000000E+01  5.00000000E+01  5.00000000E+01  1.80000000E+01  1.80000000E+01  1.80000000E+01 
 0.00000000E+00  7.09999800E+00  0.00000000E+00 
'L'  0.00000000E+00  0.00000000E+00  6.00000000E+01  0.00000000E+00 
 3.00000000E+01  3.00000000E+01 2880 1440 120 
5 
 1.80000000E+02  4.50000000E+02  6.00000000E+02  7.50000000E+02  8.90000000E+02 
'FESS5T 1' 
'N'  2.50000000E+01 'FESS031' 2 2  4.10000000E+02  3.00000000E+01  3.00000000E+01  3.00000000E+01  1.80000000E+01  1.80000000E+01  1.80000000E+01 
 0.00000000E+00  7.09999800E+00  0.00000000E+00 
'L'  0.00000000E+00  0.00000000E+00  6.00000000E+01  0.00000000E+00 
 3.00000000E+01  3.00000000E+01 1440 1440 120 
5 
 1.80000000E+02  4.50000000E+02  6.00000000E+02  7.50000000E+02  8.80000000E+02 
'FESS5T 2' 
'N'  2.50000000E+01 'FESS032' 2 2  4.05500000E+02  3.00000000E+01  3.00000000E+01  3.00000000E+01  1.80000000E+01  1.80000000E+01  1.80000000E+01 
 0.00000000E+00  7.09999800E+00  0.00000000E+00 
'L'  0.00000000E+00  0.00000000E+00  6.00000000E+01  0.00000000E+00 
 3.00000000E+01  3.00000000E+01 1440 1440 120 
5 
 1.80000000E+02  4.50000000E+02  6.00000000E+02  7.50000000E+02  8.71000000E+02 
'FLAMAT 1' 
'N'  2.50000000E+01 'FLAM033' 2 2  0.00000000E+00  7.00000000E+01  7.00000000E+01  7.00000000E+01  2.70000000E+01  2.70000000E+01  2.70000000E+01 
 0.00000000E+00  7.09999800E+00  0.00000000E+00 
'L'  0.00000000E+00  0.00000000E+00  6.00000000E+01  0.00000000E+00 
 4.00000000E+01  4.00000000E+01 1440 2940 120 
6 
 2.60000000E+02  4.50000000E+02  6.00000000E+02  8.00000000E+02  1.00000000E+03  1.31700000E+03 
'FLAMAT 2' 
'N'  2.50000000E+01 'FLAM034' 2 2  0.00000000E+00  7.00000000E+01  7.00000000E+01  7.00000000E+01  2.70000000E+01  2.70000000E+01  2.70000000E+01 
 0.00000000E+00  7.09999800E+00  0.00000000E+00 
'L'  0.00000000E+00  0.00000000E+00  6.00000000E+01  0.00000000E+00 
 2.50000000E+01  2.50000000E+01 1440 2940 120 
6 
 2.60000000E+02  4.50000000E+02  6.00000000E+02  8.00000000E+02  1.00000000E+03  1.33400000E+03 
'FLAMAT 3' 
'N'  2.50000000E+01 'FLAM035' 2 2  0.00000000E+00  7.00000000E+01  7.00000000E+01  7.00000000E+01  2.70000000E+01  2.70000000E+01  2.70000000E+01 
 0.00000000E+00  8.59999847E+00  0.00000000E+00 
'L'  0.00000000E+00  0.00000000E+00  6.00000000E+01  0.00000000E+00 
 4.00000000E+01  4.00000000E+01 1440 2940 120 
6 
 2.60000000E+02  4.50000000E+02  6.00000000E+02  8.00000000E+02  1.00000000E+03  1.60000000E+03 
'GOLF5T 1' 
'N'  2.50000000E+01 'GOLF036' 2 2  0.00000000E+00  7.00000000E+01  7.00000000E+01  7.00000000E+01  2.70000000E+01  2.70000000E+01  2.70000000E+01 
 0.00000000E+00  7.39000225E+00  0.00000000E+00 
'L'  0.00000000E+00  0.00000000E+00  6.00000000E+01  0.00000000E+00 
 4.00000000E+01  4.00000000E+01 1440 1440 120 
4 
 2.60000000E+02  8.00000000E+02  1.00000000E+03  1.31000000E+03 
'GOLF5T 2' 
'N'  2.50000000E+01 'GOLF037' 2 2  0.00000000E+00  7.00000000E+01  7.00000000E+01  7.00000000E+01  2.70000000E+01  2.70000000E+01  2.70000000E+01 
 0.00000000E+00  8.65999794E+00  0.00000000E+00 
'L'  0.00000000E+00  0.00000000E+00  6.00000000E+01  0.00000000E+00 
 4.00000000E+01  4.00000000E+01 2880 1440 120 
4 
 5.85000000E+02  8.00000000E+02  1.00000000E+03  1.31000000E+03 
'GRAV5T 1' 
'N'  2.50000000E+01 'GRAV038' 2 2  4.18000000E+02  5.00000000E+01  5.00000000E+01  5.00000000E+01  1.80000000E+01  1.80000000E+01  1.80000000E+01 
 0.00000000E+00  8.16000080E+00  0.00000000E+00 
'L'  0.00000000E+00  0.00000000E+00  6.00000000E+01  0.00000000E+00 
 3.00000000E+01  3.00000000E+01 1440 1440 120 
5 
 1.84000000E+02  4.50000000E+02  6.00000000E+02  7.78000000E+02  8.96000000E+02 
'GRAV5T 2' 
'N'  2.50000000E+01 'GRAV039' 2 2  4.20500000E+02  5.00000000E+01  5.00000000E+01  5.00000000E+01  1.80000000E+01  1.80000000E+01  1.80000000E+01 
 0.00000000E+00  7.09999800E+00  0.00000000E+00 
'L'  0.00000000E+00  0.00000000E+00  6.00000000E+01  0.00000000E+00 
 3.00000000E+01  3.00000000E+01 1440 1440 120 
5 
 1.84000000E+02  4.50000000E+02  6.00000000E+02  7.50000000E+02  9.01000000E+02 
'GRAV5T 3' 
'N'  2.50000000E+01 'GRAV040' 2 2  4.20000000E+02  5.00000000E+01  5.00000000E+01  5.00000000E+01  1.80000000E+01  1.80000000E+01  1.80000000E+01 
 0.00000000E+00  7.09999800E+00  0.00000000E+00 
'L'  0.00000000E+00  0.00000000E+00  6.00000000E+01  0.00000000E+00 
 3.00000000E+00  3.00000000E+00 1440 1440 120 
5 
 1.84000000E+02  4.50000000E+02  6.00000000E+02  7.50000000E+02  9.00000000E+02 
'GRAV5T 4' 
'N'  2.50000000E+01 'GRAV041' 2 2  4.23500000E+02  5.00000000E+01  5.00000000E+01  5.00000000E+01  1.80000000E+01  1.80000000E+01  1.80000000E+01 
 0.00000000E+00  7.09999800E+00  0.00000000E+00 
'L'  0.00000000E+00  0.00000000E+00  6.00000000E+01  0.00000000E+00 
 3.00000000E+01  3.00000000E+01 1440 1440 120 
5 
 1.84000000E+02  4.50000000E+02  6.00000000E+02  7.50000000E+02  9.07000000E+02 
'GRAV5T 5' 
'N'  2.50000000E+01 'GRAV042' 2 2  4.27000000E+02  5.00000000E+01  5.00000000E+01  5.00000000E+01  1.80000000E+01  1.80000000E+01  1.80000000E+01 
 0.00000000E+00  7.09999800E+00  0.00000000E+00 
'L'  0.00000000E+00  0.00000000E+00  6.00000000E+01  0.00000000E+00 
 3.00000000E+01  3.00000000E+01 1440 1440 120 
5 
 1.84000000E+02  4.50000000E+02  6.00000000E+02  7.50000000E+02  9.14000000E+02 
'GRAV5T 6' 
'N'  2.50000000E+01 'GRAV043' 2 2  4.36000000E+02  5.00000000E+01  5.00000000E+01  5.00000000E+01  1.80000000E+01  1.80000000E+01  1.80000000E+01 
 0.00000000E+00  8.13999557E+00  0.00000000E+00 
'L'  0.00000000E+00  0.00000000E+00  6.00000000E+01  0.00000000E+00 
 5.00000000E+00  3.00000000E+01 1440 1440 120 
6 
 1.84000000E+02  4.50000000E+02  6.00000000E+02  7.50000000E+02  8.14000000E+02  9.32000000E+02 
'N.SE5T 1' 
'N'  2.50000000E+01 'N.SE044' 2 2  0.00000000E+00  7.00000000E+01  7.00000000E+01  7.00000000E+01  2.70000000E+01  2.70000000E+01  2.70000000E+01 
 0.00000000E+00  1.97999878E+01  0.00000000E+00 
'L'  0.00000000E+00  0.00000000E+00  6.00000000E+01  0.00000000E+00 
 4.00000000E+01  4.00000000E+01 1440 1440 120 
6 
 2.60000000E+02  4.50000000E+02  6.00000000E+02  8.00000000E+02  1.00000000E+03  1.30800000E+03 
'N.SE5T 2' 
'N'  2.50000000E+01 'N.SE045' 2 2  0.00000000E+00  7.00000000E+01  7.00000000E+01  7.00000000E+01  2.70000000E+01  2.70000000E+01  2.70000000E+01 
 0.00000000E+00  7.46999979E+00  0.00000000E+00 
'L'  0.00000000E+00  0.00000000E+00  6.00000000E+01  0.00000000E+00 
 2.50000000E+01  2.50000000E+01 1440 1440 120 
6 
 2.60000000E+02  4.50000000E+02  6.00000000E+02  8.00000000E+02  1.00000000E+03  1.27400000E+03 
'PALUET 1' 
'N'  2.50000000E+01 'PALU046' 2 2  0.00000000E+00  7.00000000E+01  7.00000000E+01  7.00000000E+01  2.70000000E+01  2.70000000E+01  2.70000000E+01 
 0.00000000E+00  7.09999800E+00  0.00000000E+00 
'L'  0.00000000E+00  0.00000000E+00  6.00000000E+01  0.00000000E+00 
 4.00000000E+01  4.00000000E+01 1410 2940 120 
3 
 2.70000000E+02  1.00000000E+03  1.31000000E+03 
'PALUET 2' 
'N'  2.50000000E+01 'PALU047' 2 2  0.00000000E+00  7.00000000E+01  7.00000000E+01  7.00000000E+01  2.70000000E+01  2.70000000E+01  2.70000000E+01 
 0.00000000E+00  1.86999893E+01  0.00000000E+00 
'L'  0.00000000E+00  0.00000000E+00  6.00000000E+01  0.00000000E+00 
 4.00000000E+01  4.00000000E+01 1410 2940 120 
6 
 2.70000000E+02  4.50000000E+02  6.00000000E+02  8.00000000E+02  1.00000000E+03  1.31000000E+03 
'PALUET 3' 
'N'  2.50000000E+01 'PALU048' 2 2  0.00000000E+00  7.00000000E+01  7.00000000E+01  7.00000000E+01  2.70000000E+01  2.70000000E+01  2.70000000E+01 
 0.00000000E+00  7.42999792E+00  0.00000000E+00 
'L'  0.00000000E+00  0.00000000E+00  6.00000000E+01  0.00000000E+00 
 4.00000000E+01  4.00000000E+01 1440 2940 120 
6 
 2.70000000E+02  4.50000000E+02  6.00000000E+02  8.00000000E+02  1.00000000E+03  1.29900000E+03 
'PALUET 4' 
'N'  2.50000000E+01 'PALU049' 2 2  0.00000000E+00  7.00000000E+01  7.00000000E+01  7.00000000E+01  2.70000000E+01  2.70000000E+01  2.70000000E+01 
 0.00000000E+00  7.09999800E+00  0.00000000E+00 
'L'  0.00000000E+00  0.00000000E+00  6.00000000E+01  0.00000000E+00 
 1.50000000E+01  1.50000000E+01 1440 2940 120 
6 
 2.70000000E+02  4.50000000E+02  6.00000000E+02  8.00000000E+02  1.00000000E+03  1.32400000E+03 
'PENLYT 1' 
'N'  2.50000000E+01 'PENL050' 2 2  0.00000000E+00  7.00000000E+01  7.00000000E+01  7.00000000E+01  2.70000000E+01  2.70000000E+01  2.70000000E+01 
 0.00000000E+00  7.45000172E+00  0.00000000E+00 
'L'  0.00000000E+00  0.00000000E+00  6.00000000E+01  0.00000000E+00 
 4.00000000E+01  4.00000000E+01 1440 2940 120 
2 
 2.60000000E+02  1.33000000E+03 
'PENLYT 2' 
'N'  2.50000000E+01 'PENL051' 2 2  0.00000000E+00  7.00000000E+01  7.00000000E+01  7.00000000E+01  2.70000000E+01  2.70000000E+01  2.70000000E+01 
 0.00000000E+00  1.88999882E+01  0.00000000E+00 
'L'  0.00000000E+00  0.00000000E+00  6.00000000E+01  0.00000000E+00 
 4.00000000E+01  4.00000000E+01 1440 2940 120 
6 
 2.60000000E+02  4.50000000E+02  6.00000000E+02  8.00000000E+02  1.00000000E+03  1.33000000E+03 
'SSAL7T 1' 
'N'  2.50000000E+01 'SSAL052' 2 2  0.00000000E+00  7.00000000E+01  7.00000000E+01  7.00000000E+01  2.70000000E+01  2.70000000E+01  2.70000000E+01 
 0.00000000E+00  7.48999786E+00  0.00000000E+00 
'L'  0.00000000E+00  0.00000000E+00  6.00000000E+01  0.00000000E+00 
 4.00000000E+01  4.00000000E+01 1440 1440 120 
6 
 2.60000000E+02  4.50000000E+02  6.00000000E+02  8.00000000E+02  1.00000000E+03  1.33000000E+03 
'SSAL7T 2' 
'N'  2.50000000E+01 'SSAL053' 2 2  0.00000000E+00  7.00000000E+01  7.00000000E+01  7.00000000E+01  2.70000000E+01  2.70000000E+01  2.70000000E+01 
 0.00000000E+00  7.09999800E+00  0.00000000E+00 
'L'  0.00000000E+00  0.00000000E+00  6.00000000E+01  0.00000000E+00 
 1.50000000E+01  4.00000000E+01 1440 2850 120 
6 
 2.60000000E+02  4.50000000E+02  6.00000000E+02  8.00000000E+02  1.00000000E+03  1.33000000E+03 
'SSEA2T 1' 
'N'  2.50000000E+01 'SSEA054' 2 2  4.23500000E+02  5.00000000E+01  5.00000000E+01  5.00000000E+01  1.80000000E+01  1.80000000E+01  1.80000000E+01 
 0.00000000E+00  7.09999800E+00  0.00000000E+00 
'L'  0.00000000E+00  0.00000000E+00  6.00000000E+01  0.00000000E+00 
 3.00000000E+01  3.00000000E+01 1440 1440 120 
5 
 1.80000000E+02  4.50000000E+02  6.00000000E+02  7.50000000E+02  9.07000000E+02 
'SSEA2T 2' 
'N'  2.50000000E+01 'SSEA055' 2 2  4.23500000E+02  5.00000000E+01  5.00000000E+01  5.00000000E+01  1.80000000E+01  1.80000000E+01  1.80000000E+01 
 0.00000000E+00  8.61999607E+00  0.00000000E+00 
'L'  0.00000000E+00  0.00000000E+00  6.00000000E+01  0.00000000E+00 
 3.00000000E+01  3.00000000E+01 1440 1440 120 
5 
 1.80000000E+02  4.50000000E+02  6.00000000E+02  7.50000000E+02  9.07000000E+02 
'TRICAT 1' 
'N'  2.50000000E+01 'TRIC056' 2 2  4.25000000E+02  5.00000000E+01  5.00000000E+01  5.00000000E+01  1.80000000E+01  1.80000000E+01  1.80000000E+01 
 0.00000000E+00  8.11999798E+00  0.00000000E+00 
'L'  0.00000000E+00  0.00000000E+00  6.00000000E+01  0.00000000E+00 
 3.00000000E+01  3.00000000E+01 1440 2160 120 
5 
 1.80000000E+02  4.50000000E+02  6.00000000E+02  7.50000000E+02  9.10000000E+02 
'TRICAT 2' 
'N'  2.50000000E+01 'TRIC057' 2 2  4.22500000E+02  5.00000000E+01  5.00000000E+01  5.00000000E+01  1.80000000E+01  1.80000000E+01  1.80000000E+01 
 0.00000000E+00  2.37999897E+01  0.00000000E+00 
'L'  0.00000000E+00  0.00000000E+00  6.00000000E+01  0.00000000E+00 
 3.00000000E+01  3.00000000E+01 1440 2160 120 
5 
 1.80000000E+02  4.50000000E+02  6.00000000E+02  7.50000000E+02  9.05000000E+02 
'TRICAT 3' 
'N'  2.50000000E+01 'TRIC058' 2 2  4.34000000E+02  5.00000000E+01  5.00000000E+01  5.00000000E+01  1.80000000E+01  1.80000000E+01  1.80000000E+01 
 0.00000000E+00  7.09999800E+00  0.00000000E+00 
'L'  0.00000000E+00  0.00000000E+00  6.00000000E+01  0.00000000E+00 
 3.00000000E+01  3.00000000E+01 1440 2160 120 
5 
 1.80000000E+02  4.50000000E+02  6.00000000E+02  7.50000000E+02  9.28000000E+02 
'TRICAT 4' 
'N'  2.50000000E+01 'TRIC059' 2 2  4.30000000E+02  5.00000000E+01  5.00000000E+01  5.00000000E+01  1.80000000E+01  1.80000000E+01  1.80000000E+01 
 0.00000000E+00  8.23999786E+00  0.00000000E+00 
'L'  0.00000000E+00  0.00000000E+00  6.00000000E+01  0.00000000E+00 
 1.50000000E+01  3.00000000E+01 1440 2160 120 
5 
 1.80000000E+02  4.50000000E+02  6.00000000E+02  7.50000000E+02  9.20000000E+02 
'BLENOT 2' 
'C'  0.00000000E+00 'BLEN060' 4 4  0.00000000E+00  1.00000000E-06  3.00000000E+01  1.50000000E+01  5.00000000E+00  2.50000000E+01  2.50000000E+01 
 8.11406433E+02  5.40937347E+01  0.00000000E+00 
'L'  1.13575400E+04  4.37132422E+03  6.00000000E+01  2.52498496E+04 
 2.00000000E+00  2.00000000E+00 360 120 60 
3 
 6.50000000E+01  1.40000000E+02  2.50000000E+02 
'BLENOT 3' 
'C'  0.00000000E+00 'BLEN061' 3 4  0.00000000E+00  1.00000000E-06  3.00000000E+01  1.50000000E+01  5.00000000E+00  2.50000000E+01  2.50000000E+01 
 8.94203369E+02  5.46457558E+01  0.00000000E+00 
'L'  1.13594102E+04  4.37344482E+03  6.00000000E+01  2.52584609E+04 
 2.00000000E+00  2.00000000E+00 360 150 60 
3 
 7.50000000E+01  1.40000000E+02  2.50000000E+02 
'BLENOT 4' 
'C'  0.00000000E+00 'BLEN062' 3 4  0.00000000E+00  1.00000000E-06  3.00000000E+01  1.50000000E+01  5.00000000E+00  2.50000000E+01  2.50000000E+01 
 8.18686157E+02  5.38513603E+01  0.00000000E+00 
'L'  1.13601299E+04  4.37425684E+03  6.00000000E+01  2.52617500E+04 
 2.00000000E+00  2.00000000E+00 360 150 60 
3 
 7.50000000E+01  1.40000000E+02  2.50000000E+02 
'BOUCHT 1' 
'C'  0.00000000E+00 'BOUC063' 3 3  0.00000000E+00  1.00000000E+01  2.50000000E+01  1.00000000E+01  2.50000000E+01  2.50000000E+01  2.50000000E+01 
 9.15295776E+02  5.51719933E+01  0.00000000E+00 
'L'  9.33585742E+03  4.57323193E+03  6.00000000E+01  2.38698398E+04 
 4.00000000E+00  4.00000000E+00 480 420 60 
3 
 1.20000000E+02  1.65000000E+02  2.50000000E+02 
'CORD5T 4' 
'C'  0.00000000E+00 'CORD064' 4 3  0.00000000E+00  2.00000000E+01  6.00000000E+01  1.00000000E-06  3.00000000E+01  6.00000000E+01  0.00000000E+00 
 2.06353809E+03  4.87786255E+01  0.00000000E+00 
'L'  4.81381992E+04  2.03298008E+04  6.00000000E+01  1.12747398E+05 
 5.00000000E+00  7.00000000E+00 480 390 60 
2 
 2.80000000E+02  6.00000000E+02 
'CORD5T 5' 
'C'  0.00000000E+00 'CORD065' 4 3  0.00000000E+00  2.00000000E+01  5.00000000E+01  1.00000000E-06  3.00000000E+01  6.00000000E+01  0.00000000E+00 
 2.06353809E+03  4.87786255E+01  0.00000000E+00 
'L'  4.81381992E+04  2.03298008E+04  6.00000000E+01  1.12747398E+05 
 5.00000000E+00  7.00000000E+00 480 390 60 
2 
 2.95000000E+02  6.00000000E+02 
'HAVRET 1' 
'C'  0.00000000E+00 'HAVR066' 3 2  0.00000000E+00  5.00000000E+00  1.00000000E+01  1.00000000E+01  1.30000000E+01  2.50000000E+01  1.90000000E+01 
 7.69238403E+02  5.53186798E+01  0.00000000E+00 
'L'  1.61424199E+04  5.37286279E+03  6.00000000E+01  3.32176719E+04 
 2.00000000E+00  2.00000000E+00 240 210 60 
3 
 1.25000000E+02  1.60000000E+02  2.41000000E+02 
'HAVRET 2' 
'C'  0.00000000E+00 'HAVR067' 2 3  0.00000000E+00  2.00000000E+01  3.00000000E+01  3.00000000E+01  2.70000000E+01  5.80000000E+01  4.50000000E+01 
 1.99606018E+03  5.14471321E+01  0.00000000E+00 
'L'  5.23275117E+04  2.82567500E+04  6.00000000E+01  1.42129000E+05 
 3.50000000E+00  3.50000000E+00 240 210 60 
3 
 2.50000000E+02  4.50000000E+02  6.23000000E+02 
'HAVRET 4' 
'C'  0.00000000E+00 'HAVR068' 8 3  0.00000000E+00  2.00000000E+01  6.00000000E+01  5.00000000E+01  1.40000000E+01  2.90000000E+01  2.20000000E+01 
 1.97262659E+03  4.61199188E+01  0.00000000E+00 
'L'  5.08358594E+04  2.79138594E+04  6.00000000E+01  1.39547594E+05 
 7.00000000E+00  7.00000000E+00 240 60 60 
3 
 2.80000000E+02  4.50000000E+02  5.80000000E+02 
'MAXE T 1' 
'C'  0.00000000E+00 'MAXE069' 3 3  0.00000000E+00  5.00000000E+00  2.50000000E+01  1.00000000E+01  2.50000000E+01  2.50000000E+01  2.50000000E+01 
 8.60405396E+02  5.50659637E+01  0.00000000E+00 
'L'  9.54687793E+03  4.24741309E+03  6.00000000E+01  2.30453809E+04 
 4.00000000E+00  4.00000000E+00 240 180 60 
3 
 1.30000000E+02  1.80000000E+02  2.50000000E+02 
'MAXE T 2' 
'C'  0.00000000E+00 'MAXE070' 7 3  0.00000000E+00  1.00000000E+01  2.50000000E+01  1.00000000E+01  2.50000000E+01  2.50000000E+01  2.50000000E+01 
 8.81736572E+02  5.64311523E+01  0.00000000E+00 
'L'  9.54706348E+03  4.24762305E+03  6.00000000E+01  2.30462402E+04 
 4.00000000E+00  4.00000000E+00 240 60 60 
4 
 1.30000000E+02  1.45000000E+02  1.80000000E+02  2.50000000E+02 
'VITRYT 3' 
'C'  0.00000000E+00 'VITR071' 7 3  0.00000000E+00  1.00000000E+01  2.00000000E+01  2.00000000E+01  2.50000000E+01  2.50000000E+01  2.50000000E+01 
 8.51698792E+02  5.72846527E+01  0.00000000E+00 
'L'  1.26881504E+04  5.42839795E+03  6.00000000E+01  2.99398906E+04 
 2.00000000E+00  2.00000000E+00 480 60 60 
3 
 1.20000000E+02  1.70000000E+02  2.50000000E+02 
'VITRYT 4' 
'C'  0.00000000E+00 'VITR072' 7 3  0.00000000E+00  1.00000000E+01  2.00000000E+01  2.00000000E+01  2.50000000E+01  2.50000000E+01  2.50000000E+01 
 8.46259827E+02  5.69188156E+01  0.00000000E+00 
'L'  1.26882197E+04  5.42847803E+03  6.00000000E+01  2.99402109E+04 
 2.00000000E+00  2.00000000E+00 240 60 60 
3 
 1.20000000E+02  1.70000000E+02  2.50000000E+02 
'ARAMOT 1' 
'F'  0.00000000E+00 'ARAM073' 4 3  0.00000000E+00  1.00000000E+02  1.00000000E+02  1.00000000E-06  7.00000000E+01  7.00000000E+01  7.00000000E+01 
 5.03883057E+03  1.12656776E+02  0.00000000E+00 
'L'  3.19117109E+04  1.12350898E+04  6.00000000E+01  6.76174297E+04 
 1.00000000E+01  1.00000000E+01 150 180 60 
2 
 2.00000000E+02  6.85000000E+02 
'ARAMOT 2' 
'F'  0.00000000E+00 'ARAM074' 4 3  0.00000000E+00  1.00000000E+02  1.00000000E+02  1.00000000E-06  7.00000000E+01  7.00000000E+01  7.00000000E+01 
 5.03044092E+03  1.12980423E+02  0.00000000E+00 
'L'  3.18953203E+04  1.12165195E+04  6.00000000E+01  6.75420312E+04 
 1.00000000E+01  1.00000000E+01 180 180 60 
2 
 2.00000000E+02  6.85000000E+02 
'ARRI5T 1' 
'G'  0.00000000E+00 'ARRI075' 2 2  0.00000000E+00  1.00000000E-06  1.00000000E-06  1.00000000E-06  7.00000000E+00  7.00000000E+00  1.80000000E+01 
 6.09566992E+03  1.34551682E+02  0.00000000E+00 
'L'  8.46000586E+03  0.00000000E+00  6.00000000E+01  8.46000586E+03 
 1.00000000E+01  1.00000000E+01 30 60 30 
2 
 7.40000000E+01  1.25000000E+02 
'ARRI5T 2' 
'G'  0.00000000E+00 'ARRI076' 2 2  0.00000000E+00  2.30000000E+01  2.30000000E+01  1.00000000E-06  7.00000000E+00  7.00000000E+00  1.80000000E+01 
 6.13864209E+03  1.26272339E+02  0.00000000E+00 
'L'  8.46305469E+03  0.00000000E+00  6.00000000E+01  8.46305469E+03 
 1.00000000E+01  1.00000000E+01 30 60 30 
2 
 6.50000000E+01  1.30000000E+02 
'BRENNT 3' 
'G'  0.00000000E+00 'BREN077' 4 4  0.00000000E+00  1.50000000E+01  1.50000000E+01  1.00000000E-06  7.00000000E+00  7.00000000E+00  0.00000000E+00 
 5.88163330E+03  1.41225662E+02  0.00000000E+00 
'L'  8.43393652E+03  0.00000000E+00  6.00000000E+01  8.43393652E+03 
 1.00000000E+01  1.00000000E+01 30 30 30 
2 
 7.40000000E+01  1.25000000E+02 
'CORD5T 2' 
'F'  0.00000000E+00 'CORD078' 6 3  0.00000000E+00  7.00000000E+01  7.00000000E+01  7.00000000E+01  7.00000000E+01  7.00000000E+01  0.00000000E+00 
 5.27072510E+03  1.24952515E+02  0.00000000E+00 
'L'  3.24510605E+04  1.18463496E+04  6.00000000E+01  7.00993906E+04 
 1.00000000E+01  1.00000000E+01 240 330 60 
3 
 2.01000000E+02  3.50000000E+02  6.50000000E+02 
'CORD5T 3' 
'F'  0.00000000E+00 'CORD079' 6 3  0.00000000E+00  7.00000000E+01  7.00000000E+01  2.00000000E+01  7.00000000E+01  7.00000000E+01  0.00000000E+00 
 5.38873877E+03  1.27906082E+02  0.00000000E+00 
'L'  3.23743398E+04  1.17594004E+04  6.00000000E+01  6.97463594E+04 
 1.00000000E+01  1.00000000E+01 240 330 60 
3 
 1.80000000E+02  3.50000000E+02  6.85000000E+02 
'GENN3T 1' 
'G'  0.00000000E+00 'GENN080' 2 2  0.00000000E+00  1.00000000E-06  1.00000000E-06  1.00000000E-06  1.80000000E+01  1.80000000E+01  1.80000000E+01 
 1.51875000E+04  2.24062500E+02  0.00000000E+00 
'L'  8.63898145E+03  0.00000000E+00  6.00000000E+01  8.63898145E+03 
 9.00000000E+00  9.00000000E+00 120 60 0 
2 
 7.60000000E+01  2.18000000E+02 
'M.PONT 1' 
'F'  0.00000000E+00 'M.PO081' 3 2  0.00000000E+00  2.50000000E+01  2.50000000E+01  2.50000000E+01  1.20000000E+01  2.50000000E+01  2.50000000E+01 
 9.70518616E+02  6.87065430E+01  0.00000000E+00 
'L'  1.12461602E+04  4.47315283E+03  6.00000000E+01  2.54620801E+04 
 3.00000000E+00  3.00000000E+00 240 270 60 
3 
 5.50000000E+01  1.50000000E+02  2.50000000E+02 
'M.PONT 2' 
'F'  0.00000000E+00 'M.PO082' 3 2  0.00000000E+00  2.50000000E+01  2.50000000E+01  2.50000000E+01  1.20000000E+01  2.50000000E+01  2.50000000E+01 
 9.70518616E+02  6.87065430E+01  0.00000000E+00 
'L'  9.64091895E+03  4.46802490E+03  6.00000000E+01  2.38405391E+04 
 3.00000000E+00  3.00000000E+00 240 270 60 
3 
 5.50000000E+01  1.50000000E+02  2.50000000E+02 
'PORC2T 1' 
'F'  0.00000000E+00 'PORC083' 10 3  0.00000000E+00  9.00000000E+01  9.00000000E+01  9.00000000E+01  7.50000000E+01  7.50000000E+01  7.50000000E+01 
 4.11027441E+03  1.13260918E+02  0.00000000E+00 
'L'  2.91562793E+04  8.21594238E+03  6.00000000E+01  5.52669883E+04 
 4.00000000E+00  6.00000000E+00 360 270 60 
3 
 1.75000000E+02  3.86000000E+02  5.85000000E+02 
'PORC2T 2' 
'F'  0.00000000E+00 'PORC084' 10 3  0.00000000E+00  9.00000000E+01  9.00000000E+01  9.00000000E+01  7.50000000E+01  7.50000000E+01  7.50000000E+01 
 4.00436914E+03  1.10342636E+02  0.00000000E+00 
'L'  2.90584199E+04  8.10503369E+03  6.00000000E+01  5.48166602E+04 
 6.00000000E+00  6.00000000E+00 360 270 60 
3 
 1.75000000E+02  3.86000000E+02  6.00000000E+02 
'PORC2T 3' 
'F'  0.00000000E+00 'PORC085' 10 3  0.00000000E+00  9.00000000E+01  9.00000000E+01  9.00000000E+01  7.50000000E+01  7.50000000E+01  7.50000000E+01 
 4.00262646E+03  1.12835938E+02  0.00000000E+00 
'L'  2.90551094E+04  8.10127539E+03  6.00000000E+01  5.48013984E+04 
 6.00000000E+00  6.00000000E+00 360 90 60 
3 
 1.75000000E+02  3.86000000E+02  6.00000000E+02 
'PORC2T 4' 
'F'  0.00000000E+00 'PORC086' 10 3  0.00000000E+00  9.00000000E+01  9.00000000E+01  9.00000000E+01  7.50000000E+01  7.50000000E+01  0.00000000E+00 
 4.00196240E+03  1.12817223E+02  0.00000000E+00 
'L'  2.90551094E+04  8.10127539E+03  6.00000000E+01  5.48013984E+04 
 6.00000000E+00  6.00000000E+00 360 90 60 
3 
 1.75000000E+02  3.86000000E+02  5.85000000E+02 
'MTERFT 5' 
'G'  0.00000000E+00 'MTER087' 2 2  0.00000000E+00  1.50000000E+01  1.50000000E+01  1.00000000E-06  7.00000000E+00  7.00000000E+00  0.00000000E+00 
 1.64698672E+04  1.62745743E+02  0.00000000E+00 
'L'  8.45695703E+03  0.00000000E+00  6.00000000E+01  8.45695703E+03 
 1.20000000E+01  1.20000000E+01 30 60 60 
2 
 1.27000000E+02  1.94000000E+02 
'MTERFT 6' 
'G'  0.00000000E+00 'MTER088' 2 2  0.00000000E+00  1.50000000E+01  1.50000000E+01  1.00000000E-06  7.00000000E+00  7.00000000E+00  0.00000000E+00 
 1.65355371E+04  1.63394638E+02  0.00000000E+00 
'L'  8.45695703E+03  0.00000000E+00  6.00000000E+01  8.45695703E+03 
 1.20000000E+01  1.20000000E+01 30 60 60 
2 
 1.27000000E+02  1.94000000E+02 
'VAIR6T 1' 
'G'  0.00000000E+00 'VAIR089' 2 2  0.00000000E+00  1.50000000E+01  1.50000000E+01  1.00000000E-06  7.00000000E+00  7.00000000E+00  0.00000000E+00 
 1.06231436E+04  1.04971741E+02  0.00000000E+00 
'L'  8.45695703E+03  0.00000000E+00  6.00000000E+01  8.45695703E+03 
 1.20000000E+01  1.20000000E+01 30 60 60 
2 
 1.31000000E+02  1.85000000E+02 
'VAIR6T 2' 
'G'  0.00000000E+00 'VAIR090' 2 2  0.00000000E+00  1.50000000E+01  1.50000000E+01  1.00000000E-06  7.00000000E+00  7.00000000E+00  0.00000000E+00 
 1.06231436E+04  1.04971741E+02  0.00000000E+00 
'L'  8.45695703E+03  0.00000000E+00  6.00000000E+01  8.45695703E+03 
 1.20000000E+01  1.20000000E+01 30 60 60 
2 
 1.31000000E+02  1.85000000E+02 
'VAIR6T 3' 
'G'  0.00000000E+00 'VAIR091' 2 2  0.00000000E+00  1.50000000E+01  1.50000000E+01  1.00000000E-06  7.00000000E+00  7.00000000E+00  0.00000000E+00 
 1.06231436E+04  1.04971741E+02  0.00000000E+00 
'L'  8.45695703E+03  0.00000000E+00  6.00000000E+01  8.45695703E+03 
 1.20000000E+01  1.20000000E+01 30 60 60 
2 
 1.31000000E+02  1.85000000E+02 
'CGPTPT 1' 
'P'  0.00000000E+00 'CGPT092' 2 2  0.00000000E+00  1.00000000E-06  1.00000000E-06  1.00000000E-06  0.00000000E+00  0.00000000E+00  0.00000000E+00 
 0.00000000E+00  2.89000031E+02  0.00000000E+00 
'L'  0.00000000E+00  0.00000000E+00  6.00000000E+01  0.00000000E+00 
 6.00000000E+00  1.50000000E+01 1440 1440 0 
2 
 1.00000000E+01  1.99900000E+03 
'CGPTPT 2' 
'P'  0.00000000E+00 'CGPT093' 2 2  0.00000000E+00  1.00000000E-06  1.00000000E-06  1.00000000E-06  0.00000000E+00  0.00000000E+00  0.00000000E+00 
 0.00000000E+00  2.89000031E+02  0.00000000E+00 
'L'  0.00000000E+00  0.00000000E+00  6.00000000E+01  0.00000000E+00 
 6.00000000E+00  1.50000000E+01 1440 1440 0 
2 
 1.00000000E+01  1.99900000E+03 
'THPTPT 1' 
'P'  0.00000000E+00 'THPT094' 2 2  0.00000000E+00  1.00000000E-06  1.00000000E-06  1.00000000E-06  0.00000000E+00  0.00000000E+00  0.00000000E+00 
 0.00000000E+00  2.89000031E+02  0.00000000E+00 
'L'  0.00000000E+00  0.00000000E+00  6.00000000E+01  0.00000000E+00 
 6.00000000E+00  1.50000000E+01 1440 1440 0 
2 
 1.00000000E+01  1.99900000E+03 
'AUPTPT 1' 
'P'  0.00000000E+00 'AUPT095' 2 2  0.00000000E+00  1.00000000E-06  1.00000000E-06  1.00000000E-06  0.00000000E+00  0.00000000E+00  0.00000000E+00 
 0.00000000E+00  2.89000031E+02  0.00000000E+00 
'L'  0.00000000E+00  0.00000000E+00  6.00000000E+01  0.00000000E+00 
 6.00000000E+00  1.50000000E+01 1440 1440 0 
2 
 1.00000000E+01  1.99900000E+03 
'CGDTPT 1' 
'P'  0.00000000E+00 'CGDT096' 2 2  0.00000000E+00  1.00000000E-06  1.00000000E-06  1.00000000E-06  0.00000000E+00  0.00000000E+00  0.00000000E+00 
 0.00000000E+00  2.89000031E+02  0.00000000E+00 
'L'  0.00000000E+00  0.00000000E+00  6.00000000E+01  0.00000000E+00 
 6.00000000E+00  1.50000000E+01 1440 1440 0 
2 
 1.00000000E+01  1.99900000E+03 
'CGDTXT 1' 
'P'  0.00000000E+00 'CGDT097' 2 2  0.00000000E+00  1.00000000E-06  1.00000000E-06  1.00000000E-06  0.00000000E+00  0.00000000E+00  0.00000000E+00 
 0.00000000E+00  2.89000031E+02  0.00000000E+00 
'L'  0.00000000E+00  0.00000000E+00  6.00000000E+01  0.00000000E+00 
 6.00000000E+00  1.50000000E+01 1440 1440 0 
2 
 1.00000000E+01  1.99900000E+03 
'CGDRPT 1' 
'P'  0.00000000E+00 'CGDR098' 2 2  0.00000000E+00  1.00000000E-06  1.00000000E-06  1.00000000E-06  0.00000000E+00  0.00000000E+00  0.00000000E+00 
 0.00000000E+00  2.89000031E+02  0.00000000E+00 
'L'  0.00000000E+00  0.00000000E+00  6.00000000E+01  0.00000000E+00 
 6.00000000E+00  1.50000000E+01 1440 1440 0 
2 
 1.00000000E+01  1.99900000E+03 
'DFEGST 1' 
'P'  0.00000000E+00 'DFEG099' 2 2  0.00000000E+00  1.00000000E-06  1.00000000E-06  1.00000000E-06  0.00000000E+00  0.00000000E+00  0.00000000E+00 
 0.00000000E+00  1.60560120E+02  0.00000000E+00 
'L'  0.00000000E+00  0.00000000E+00  6.00000000E+01  0.00000000E+00 
 6.00000000E+00  1.50000000E+01 1440 1440 0 
2 
 1.00000000E+01  1.99900000E+03 
'DSEGST 1' 
'P'  0.00000000E+00 'DSEG100' 2 2  0.00000000E+00  1.00000000E-06  1.00000000E-06  1.00000000E-06  0.00000000E+00  0.00000000E+00  0.00000000E+00 
 0.00000000E+00  1.60560120E+02  0.00000000E+00 
'L'  0.00000000E+00  0.00000000E+00  6.00000000E+01  0.00000000E+00 
 6.00000000E+00  1.50000000E+01 1440 1440 0 
2 
 1.00000000E+01  1.99900000E+03 
'DWEGST 1' 
'P'  0.00000000E+00 'DWEG101' 2 2  0.00000000E+00  1.00000000E-06  1.00000000E-06  1.00000000E-06  0.00000000E+00  0.00000000E+00  0.00000000E+00 
 0.00000000E+00  1.60560120E+02  0.00000000E+00 
'L'  0.00000000E+00  0.00000000E+00  6.00000000E+01  0.00000000E+00 
 6.00000000E+00  1.50000000E+01 1440 1440 0 
2 
 1.00000000E+01  1.99900000E+03 
'DWELDT 1' 
'P'  0.00000000E+00 'DWEL102' 2 2  0.00000000E+00  1.00000000E-06  1.00000000E-06  1.00000000E-06  0.00000000E+00  0.00000000E+00  0.00000000E+00 
 0.00000000E+00  1.60560120E+02  0.00000000E+00 
'L'  0.00000000E+00  0.00000000E+00  6.00000000E+01  0.00000000E+00 
 6.00000000E+00  1.50000000E+01 1440 1440 0 
2 
 1.00000000E+01  1.99900000E+03 
'DFELDT 1' 
'P'  0.00000000E+00 'DFEL103' 2 2  0.00000000E+00  1.00000000E-06  1.00000000E-06  1.00000000E-06  0.00000000E+00  0.00000000E+00  0.00000000E+00 
 0.00000000E+00  1.60560120E+02  0.00000000E+00 
'L'  0.00000000E+00  0.00000000E+00  6.00000000E+01  0.00000000E+00 
 6.00000000E+00  1.50000000E+01 1440 1440 0 
2 
 1.00000000E+01  1.99900000E+03 
'BRENNT 1' 
'G'  0.00000000E+00 'BREN104' 4 4  0.00000000E+00  1.00000000E-06  1.00000000E-06  1.00000000E-06  0.00000000E+00  0.00000000E+00  0.00000000E+00 
 2.06456934E+03  1.68536285E+02  0.00000000E+00 
'L'  8.36701172E+03  0.00000000E+00  6.00000000E+01  8.36701172E+03 
 7.00000000E+00  7.00000000E+00 30 30 30 
4 
 4.00000000E+01  4.20000000E+01  7.00000000E+01  8.50000000E+01 
'BRENNT 2' 
'G'  0.00000000E+00 'BREN105' 4 4  0.00000000E+00  1.00000000E-06  1.00000000E-06  1.00000000E-06  0.00000000E+00  0.00000000E+00  0.00000000E+00 
 2.06290039E+03  1.68400024E+02  0.00000000E+00 
'L'  8.37600586E+03  0.00000000E+00  6.00000000E+01  8.37600586E+03 
 7.00000000E+00  7.00000000E+00 30 30 30 
4 
 4.00000000E+01  4.20000000E+01  7.00000000E+01  8.50000000E+01 
'DIRINT 1' 
'G'  0.00000000E+00 'DIRI106' 2 2  0.00000000E+00  1.00000000E-06  1.00000000E-06  1.00000000E-06  0.00000000E+00  0.00000000E+00  0.00000000E+00 
 2.12879639E+03  1.95308640E+02  0.00000000E+00 
'L'  8.39094629E+03  0.00000000E+00  6.00000000E+01  8.39094629E+03 
 7.00000000E+00  7.00000000E+00 30 30 30 
4 
 4.00000000E+01  4.20000000E+01  7.00000000E+01  7.80000000E+01 
'DIRINT 2' 
'G'  0.00000000E+00 'DIRI107' 2 2  0.00000000E+00  1.00000000E-06  1.00000000E-06  1.00000000E-06  0.00000000E+00  0.00000000E+00  0.00000000E+00 
 2.12926807E+03  1.95351898E+02  0.00000000E+00 
'L'  8.39094629E+03  0.00000000E+00  6.00000000E+01  8.39094629E+03 
 7.00000000E+00  7.00000000E+00 30 30 30 
4 
 4.00000000E+01  4.20000000E+01  7.00000000E+01  8.50000000E+01 
'MTERGT 5' 
'G'  0.00000000E+00 'MTER108' 2 2  0.00000000E+00  1.50000000E+01  1.50000000E+01  1.00000000E-06  7.00000000E+00  7.00000000E+00  0.00000000E+00 
 1.64698672E+04  1.62745743E+02  0.00000000E+00 
'L'  3.40007007E+03  0.00000000E+00  6.00000000E+01  3.40007007E+03 
 1.20000000E+01  1.20000000E+01 30 60 60 
2 
 1.27000000E+02  1.94000000E+02 
'MTERGT 6' 
'G'  0.00000000E+00 'MTER109' 2 2  0.00000000E+00  1.50000000E+01  1.50000000E+01  1.00000000E-06  7.00000000E+00  7.00000000E+00  0.00000000E+00 
 1.65355371E+04  1.63394638E+02  0.00000000E+00 
'L'  3.40007007E+03  0.00000000E+00  6.00000000E+01  3.40007007E+03 
 1.20000000E+01  1.20000000E+01 30 60 60 
2 
 1.27000000E+02  1.94000000E+02 
'VLEJUT 1' 
'G'  0.00000000E+00 'VLEJ110' 2 2  0.00000000E+00  1.00000000E-06  1.00000000E-06  1.00000000E-06  0.00000000E+00  0.00000000E+00  0.00000000E+00 
 2.88244263E+03  1.25129288E+02  0.00000000E+00 
'L'  0.00000000E+00  0.00000000E+00  6.00000000E+01  0.00000000E+00 
 2.00000000E+00  2.00000000E+00 30 30 30 
2 
 1.00000000E+00  6.00000000E+01 
'BLENOT 5' 
'G'  0.00000000E+00 'BLEN111' 2 2  0.00000000E+00  1.50000000E+01  1.50000000E+01  1.00000000E-06  3.55000000E+01  3.55000000E+01  3.55000000E+01 
 3.49380273E+04  1.64692383E+02  0.00000000E+00 
'L'  3.40007007E+03  0.00000000E+00  6.00000000E+01  3.40007007E+03 
 1.20000000E+01  1.20000000E+01 30 60 60 
2 
 2.17000000E+02  4.27500000E+02 
'M.PONT 5' 
'G'  0.00000000E+00 'M.PO112' 2 2  0.00000000E+00  1.50000000E+01  1.50000000E+01  1.00000000E-06  3.50000000E+01  3.50000000E+01  3.50000000E+01 
 3.40901602E+04  1.64043411E+02  0.00000000E+00 
'L'  3.40007007E+03  0.00000000E+00  6.00000000E+01  3.40007007E+03 
 1.20000000E+01  1.20000000E+01 30 60 60 
2 
 2.18000000E+02  4.19000000E+02 
'M.PONT 6' 
'G'  0.00000000E+00 'M.PO113' 2 2  0.00000000E+00  1.50000000E+01  1.50000000E+01  1.00000000E-06  3.50000000E+01  3.50000000E+01  3.50000000E+01 
 3.43598672E+04  1.65341278E+02  0.00000000E+00 
'L'  3.40007007E+03  0.00000000E+00  6.00000000E+01  3.40007007E+03 
 1.20000000E+01  1.20000000E+01 30 60 60 
2 
 2.18000000E+02  4.19000000E+02 
'CGHTAT 1' 
'P'  0.00000000E+00 'CGHT114' 2 2  0.00000000E+00  7.00000000E+01  7.00000000E+01  7.00000000E+01  0.00000000E+00  0.00000000E+00  0.00000000E+00 
 0.00000000E+00  2.83000031E+02  0.00000000E+00 
'L'  0.00000000E+00  0.00000000E+00  6.00000000E+01  0.00000000E+00 
 6.00000000E+00  1.50000000E+01 1440 1440 120 
3 
 1.60000000E+02  8.00000000E+02  1.99900000E+03 
'CGHTAT 2' 
'P'  0.00000000E+00 'CGHT115' 2 2  0.00000000E+00  7.00000000E+01  7.00000000E+01  7.00000000E+01  0.00000000E+00  0.00000000E+00  0.00000000E+00 
 0.00000000E+00  2.82000000E+02  0.00000000E+00 
'L'  0.00000000E+00  0.00000000E+00  6.00000000E+01  0.00000000E+00 
 6.00000000E+00  1.50000000E+01 1440 1440 120 
3 
 1.60000000E+02  8.00000000E+02  1.99900000E+03 
'CGHTBT 1' 
'P'  0.00000000E+00 'CGHT116' 2 2  0.00000000E+00  3.00000000E+01  3.00000000E+01  3.00000000E+01  0.00000000E+00  0.00000000E+00  0.00000000E+00 
 0.00000000E+00  2.80999969E+02  0.00000000E+00 
'L'  0.00000000E+00  0.00000000E+00  6.00000000E+01  0.00000000E+00 
 5.00000000E+00  3.00000000E+01 1440 1440 120 
3 
 1.60000000E+02  4.50000000E+02  1.99900000E+03 
'CGHTBT 2' 
'P'  0.00000000E+00 'CGHT117' 2 2  0.00000000E+00  3.00000000E+01  3.00000000E+01  3.00000000E+01  0.00000000E+00  0.00000000E+00  0.00000000E+00 
 0.00000000E+00  2.80000061E+02  0.00000000E+00 
'L'  0.00000000E+00  0.00000000E+00  6.00000000E+01  0.00000000E+00 
 5.00000000E+00  3.00000000E+01 1440 1440 120 
3 
 1.60000000E+02  4.50000000E+02  1.99900000E+03 
'CGPTFT 1' 
'P'  0.00000000E+00 'CGPT118' 2 2  0.00000000E+00  7.00000000E+01  7.00000000E+01  7.00000000E+01  0.00000000E+00  0.00000000E+00  0.00000000E+00 
 0.00000000E+00  2.89999969E+02  0.00000000E+00 
'L'  0.00000000E+00  0.00000000E+00  6.00000000E+01  0.00000000E+00 
 6.00000000E+00  1.50000000E+01 1440 1440 120 
3 
 1.60000000E+02  8.00000000E+02  1.99900000E+03 
'CGPTFT 2' 
'P'  0.00000000E+00 'CGPT119' 2 2  0.00000000E+00  7.00000000E+01  7.00000000E+01  7.00000000E+01  0.00000000E+00  0.00000000E+00  0.00000000E+00 
 0.00000000E+00  2.89999969E+02  0.00000000E+00 
'L'  0.00000000E+00  0.00000000E+00  6.00000000E+01  0.00000000E+00 
 6.00000000E+00  1.50000000E+01 1440 1440 120 
3 
 1.60000000E+02  8.00000000E+02  1.99900000E+03 
'CGPTXT 1' 
'P'  0.00000000E+00 'CGPT120' 2 2  0.00000000E+00  7.00000000E+01  7.00000000E+01  7.00000000E+01  0.00000000E+00  0.00000000E+00  0.00000000E+00 
 0.00000000E+00  2.89999969E+02  0.00000000E+00 
'L'  0.00000000E+00  0.00000000E+00  6.00000000E+01  0.00000000E+00 
 6.00000000E+00  1.50000000E+01 1440 1440 120 
3 
 1.60000000E+02  8.00000000E+02  1.99900000E+03 
'CGPTXT 2' 
'P'  0.00000000E+00 'CGPT121' 2 2  0.00000000E+00  7.00000000E+01  7.00000000E+01  7.00000000E+01  0.00000000E+00  0.00000000E+00  0.00000000E+00 
 0.00000000E+00  2.89999969E+02  0.00000000E+00 
'L'  0.00000000E+00  0.00000000E+00  6.00000000E+01  0.00000000E+00 
 6.00000000E+00  1.50000000E+01 1440 1440 120 
3 
 1.60000000E+02  8.00000000E+02  1.99900000E+03 
'CGRPDT 1' 
'P'  0.00000000E+00 'CGRP122' 2 2  0.00000000E+00  7.00000000E+01  7.00000000E+01  7.00000000E+01  0.00000000E+00  0.00000000E+00  0.00000000E+00 
 0.00000000E+00  2.89999969E+02  0.00000000E+00 
'L'  0.00000000E+00  0.00000000E+00  6.00000000E+01  0.00000000E+00 
 6.00000000E+00  1.50000000E+01 1440 1440 120 
3 
 1.60000000E+02  8.00000000E+02  1.99900000E+03 
'CGRPDT 2' 
'P'  0.00000000E+00 'CGRP123' 2 2  0.00000000E+00  7.00000000E+01  7.00000000E+01  7.00000000E+01  0.00000000E+00  0.00000000E+00  0.00000000E+00 
 0.00000000E+00  2.89999969E+02  0.00000000E+00 
'L'  0.00000000E+00  0.00000000E+00  6.00000000E+01  0.00000000E+00 
 6.00000000E+00  1.50000000E+01 1440 1440 120 
3 
 1.60000000E+02  8.00000000E+02  1.99900000E+03 
'THPTFT 1' 
'P'  0.00000000E+00 'THPT124' 2 2  0.00000000E+00  7.00000000E+01  7.00000000E+01  7.00000000E+01  0.00000000E+00  0.00000000E+00  0.00000000E+00 
 0.00000000E+00  2.89999969E+02  0.00000000E+00 
'L'  0.00000000E+00  0.00000000E+00  6.00000000E+01  0.00000000E+00 
 6.00000000E+00  1.50000000E+01 1440 1440 120 
3 
 1.60000000E+02  8.00000000E+02  1.99900000E+03 
'THPTXT 1' 
'P'  0.00000000E+00 'THPT125' 2 2  0.00000000E+00  7.00000000E+01  7.00000000E+01  7.00000000E+01  0.00000000E+00  0.00000000E+00  0.00000000E+00 
 0.00000000E+00  2.89999969E+02  0.00000000E+00 
'L'  0.00000000E+00  0.00000000E+00  6.00000000E+01  0.00000000E+00 
 6.00000000E+00  1.50000000E+01 1440 1440 120 
3 
 1.60000000E+02  8.00000000E+02  1.99900000E+03 
'THRPDT 1' 
'P'  0.00000000E+00 'THRP126' 2 2  0.00000000E+00  7.00000000E+01  7.00000000E+01  7.00000000E+01  0.00000000E+00  0.00000000E+00  0.00000000E+00 
 0.00000000E+00  2.89999969E+02  0.00000000E+00 
'L'  0.00000000E+00  0.00000000E+00  6.00000000E+01  0.00000000E+00 
 6.00000000E+00  1.50000000E+01 1440 1440 120 
3 
 1.60000000E+02  8.00000000E+02  1.99900000E+03 
'EOPTFT 1' 
'P'  0.00000000E+00 'EOPT127' 2 2  0.00000000E+00  7.00000000E+01  7.00000000E+01  7.00000000E+01  0.00000000E+00  0.00000000E+00  0.00000000E+00 
 0.00000000E+00  2.89999969E+02  0.00000000E+00 
'L'  0.00000000E+00  0.00000000E+00  6.00000000E+01  0.00000000E+00 
 6.00000000E+00  1.50000000E+01 1440 1440 120 
3 
 1.60000000E+02  8.00000000E+02  1.99900000E+03 
'EOPTXT 1' 
'P'  0.00000000E+00 'EOPT128' 2 2  0.00000000E+00  7.00000000E+01  7.00000000E+01  7.00000000E+01  0.00000000E+00  0.00000000E+00  0.00000000E+00 
 0.00000000E+00  2.89999969E+02  0.00000000E+00 
'L'  0.00000000E+00  0.00000000E+00  6.00000000E+01  0.00000000E+00 
 6.00000000E+00  1.50000000E+01 1440 1440 120 
3 
 1.60000000E+02  8.00000000E+02  1.99900000E+03 
'EOPTXT 2' 
'P'  0.00000000E+00 'EOPT129' 2 2  0.00000000E+00  7.00000000E+01  7.00000000E+01  7.00000000E+01  0.00000000E+00  0.00000000E+00  0.00000000E+00 
 0.00000000E+00  2.89999969E+02  0.00000000E+00 
'L'  0.00000000E+00  0.00000000E+00  6.00000000E+01  0.00000000E+00 
 6.00000000E+00  1.50000000E+01 1440 1440 120 
3 
 1.60000000E+02  8.00000000E+02  1.99900000E+03 
'EORPDT 1' 
'P'  0.00000000E+00 'EORP130' 2 2  0.00000000E+00  7.00000000E+01  7.00000000E+01  7.00000000E+01  0.00000000E+00  0.00000000E+00  0.00000000E+00 
 0.00000000E+00  2.89999969E+02  0.00000000E+00 
'L'  0.00000000E+00  0.00000000E+00  6.00000000E+01  0.00000000E+00 
 6.00000000E+00  1.50000000E+01 1440 1440 120 
3 
 1.60000000E+02  8.00000000E+02  1.99900000E+03 
'EORPDT 2' 
'P'  0.00000000E+00 'EORP131' 2 2  0.00000000E+00  7.00000000E+01  7.00000000E+01  7.00000000E+01  0.00000000E+00  0.00000000E+00  0.00000000E+00 
 0.00000000E+00  2.89999969E+02  0.00000000E+00 
'L'  0.00000000E+00  0.00000000E+00  6.00000000E+01  0.00000000E+00 
 6.00000000E+00  1.50000000E+01 1440 1440 120 
3 
 1.60000000E+02  8.00000000E+02  1.99900000E+03 
'EORPDT 3' 
'P'  0.00000000E+00 'EORP132' 2 2  0.00000000E+00  7.00000000E+01  7.00000000E+01  7.00000000E+01  0.00000000E+00  0.00000000E+00  0.00000000E+00 
 0.00000000E+00  2.89999969E+02  0.00000000E+00 
'L'  0.00000000E+00  0.00000000E+00  6.00000000E+01  0.00000000E+00 
 6.00000000E+00  1.50000000E+01 1440 1440 120 
3 
 1.60000000E+02  8.00000000E+02  1.99900000E+03 
'HYPTLT 1' 
'P'  0.00000000E+00 'HYPT133' 2 2  0.00000000E+00  7.00000000E+01  7.00000000E+01  7.00000000E+01  0.00000000E+00  0.00000000E+00  0.00000000E+00 
 0.00000000E+00  2.89999969E+02  0.00000000E+00 
'L'  0.00000000E+00  0.00000000E+00  6.00000000E+01  0.00000000E+00 
 6.00000000E+00  1.50000000E+01 1440 1440 120 
3 
 1.60000000E+02  8.00000000E+02  1.99900000E+03 
'HYPTET 1' 
'P'  0.00000000E+00 'HYPT134' 2 2  0.00000000E+00  7.00000000E+01  7.00000000E+01  7.00000000E+01  0.00000000E+00  0.00000000E+00  0.00000000E+00 
 0.00000000E+00  2.89999969E+02  0.00000000E+00 
'L'  0.00000000E+00  0.00000000E+00  6.00000000E+01  0.00000000E+00 
 6.00000000E+00  1.50000000E+01 1440 1440 120 
3 
 1.60000000E+02  8.00000000E+02  1.99900000E+03 
'HYPTFT 1' 
'P'  0.00000000E+00 'HYPT135' 2 2  0.00000000E+00  7.00000000E+01  7.00000000E+01  7.00000000E+01  0.00000000E+00  0.00000000E+00  0.00000000E+00 
 0.00000000E+00  2.89999969E+02  0.00000000E+00 
'L'  0.00000000E+00  0.00000000E+00  6.00000000E+01  0.00000000E+00 
 6.00000000E+00  1.50000000E+01 1440 1440 120 
3 
 1.60000000E+02  8.00000000E+02  1.99900000E+03 
'HYPTXT 1' 
'P'  0.00000000E+00 'HYPT136' 2 2  0.00000000E+00  7.00000000E+01  7.00000000E+01  7.00000000E+01  0.00000000E+00  0.00000000E+00  0.00000000E+00 
 0.00000000E+00  2.89999969E+02  0.00000000E+00 
'L'  0.00000000E+00  0.00000000E+00  6.00000000E+01  0.00000000E+00 
 6.00000000E+00  1.50000000E+01 1440 1440 120 
3 
 1.60000000E+02  8.00000000E+02  1.99900000E+03 
'HYRPDT 1' 
'P'  0.00000000E+00 'HYRP137' 2 2  0.00000000E+00  7.00000000E+01  7.00000000E+01  7.00000000E+01  0.00000000E+00  0.00000000E+00  0.00000000E+00 
 0.00000000E+00  2.89999969E+02  0.00000000E+00 
'L'  0.00000000E+00  0.00000000E+00  6.00000000E+01  0.00000000E+00 
 6.00000000E+00  1.50000000E+01 1440 1440 120 
3 
 1.60000000E+02  8.00000000E+02  1.99900000E+03 
'AUPTFT 1' 
'P'  0.00000000E+00 'AUPT138' 2 2  0.00000000E+00  7.00000000E+01  7.00000000E+01  7.00000000E+01  0.00000000E+00  0.00000000E+00  0.00000000E+00 
 0.00000000E+00  2.89999969E+02  0.00000000E+00 
'L'  0.00000000E+00  0.00000000E+00  6.00000000E+01  0.00000000E+00 
 6.00000000E+00  1.50000000E+01 1440 1440 120 
3 
 1.60000000E+02  8.00000000E+02  1.99900000E+03 
'AUPTXT 1' 
'P'  0.00000000E+00 'AUPT139' 2 2  0.00000000E+00  7.00000000E+01  7.00000000E+01  7.00000000E+01  0.00000000E+00  0.00000000E+00  0.00000000E+00 
 0.00000000E+00  2.89999969E+02  0.00000000E+00 
'L'  0.00000000E+00  0.00000000E+00  6.00000000E+01  0.00000000E+00 
 6.00000000E+00  1.50000000E+01 1440 1440 120 
3 
 1.60000000E+02  8.00000000E+02  1.99900000E+03 
'AURPDT 1' 
'P'  0.00000000E+00 'AURP140' 2 2  0.00000000E+00  7.00000000E+01  7.00000000E+01  7.00000000E+01  0.00000000E+00  0.00000000E+00  0.00000000E+00 
 0.00000000E+00  2.89999969E+02  0.00000000E+00 
'L'  0.00000000E+00  0.00000000E+00  6.00000000E+01  0.00000000E+00 
 6.00000000E+00  1.50000000E+01 1440 1440 120 
3 
 1.60000000E+02  8.00000000E+02  1.99900000E+03 
'PVRPDT 1' 
'P'  0.00000000E+00 'PVRP141' 2 2  0.00000000E+00  7.00000000E+01  7.00000000E+01  7.00000000E+01  0.00000000E+00  0.00000000E+00  0.00000000E+00 
 0.00000000E+00  2.89999969E+02  0.00000000E+00 
'L'  0.00000000E+00  0.00000000E+00  6.00000000E+01  0.00000000E+00 
 6.00000000E+00  1.50000000E+01 1440 1440 120 
3 
 1.60000000E+02  8.00000000E+02  1.99900000E+03 
'PVPTXT 1' 
'P'  0.00000000E+00 'PVPT142' 2 2  0.00000000E+00  7.00000000E+01  7.00000000E+01  7.00000000E+01  0.00000000E+00  0.00000000E+00  0.00000000E+00 
 0.00000000E+00  2.89999969E+02  0.00000000E+00 
'L'  0.00000000E+00  0.00000000E+00  6.00000000E+01  0.00000000E+00 
 6.00000000E+00  1.50000000E+01 1440 1440 120 
3 
 1.60000000E+02  8.00000000E+02  1.99900000E+03 
'PVPTFT 1' 
'P'  0.00000000E+00 'PVPT143' 2 2  0.00000000E+00  7.00000000E+01  7.00000000E+01  7.00000000E+01  0.00000000E+00  0.00000000E+00  0.00000000E+00 
 0.00000000E+00  2.89999969E+02  0.00000000E+00 
'L'  0.00000000E+00  0.00000000E+00  6.00000000E+01  0.00000000E+00 
 6.00000000E+00  1.50000000E+01 1440 1440 120 
3 
 1.60000000E+02  8.00000000E+02  1.99900000E+03 
'FIN' 
