   DONNEES POUR LA VALLEE N] 7-DRAC2    DATE: 22/03/10     5 USINE(S)     5 RESERVOIR(S)
  LAC N]37- MTEYNR     0.1000E+04      2.090        -664.2000
   6131.0000   6131.0000   6131.0000   6131.0000   6131.0000   6131.0000
   6131.0000   6131.0000   6131.0000   6131.0000   6131.0000   6131.0000
   6131.0000   6131.0000   6131.0000   6131.0000   6131.0000   6131.0000
   6131.0000   6131.0000   6131.0000   6131.0000   6131.0000   6131.0000
   6131.0000   6131.0000   6131.0000   6131.0000   6131.0000   6131.0000
   6131.0000   6131.0000   6131.0000   6131.0000   6131.0000   6131.0000
   6131.0000   6131.0000   6020.3000   5909.6000   5909.6000   5909.6000
   5909.6000   5909.6000   5909.6000   5909.6000   5909.6000   5909.6000
   5909.6000   5909.6000   5909.6000   5909.6000   5909.6000   5909.6000
   5909.6000   5909.6000   5909.6000   5909.6000   5909.6000   5909.6000
   5909.6000   5909.6000   5909.6000   5909.6000   5909.6000   5909.6000
   5909.6000   5909.6000   5909.6000   5909.6000   5909.6000   5909.6000
   5909.6000   5798.9000   5688.2000   5577.5000   5577.5000   5577.5000
   5577.5000   5577.5000   5577.5000   5577.5000   5577.5000   5577.5000
   5577.5000   5577.5000   5577.5000   5577.5000   5577.5000   5577.5000
   5577.5000   5577.5000   5577.5000   5577.5000   5577.5000   5466.8000

  LAC N]38- SSCOMR     0.1000E+04      0.000        -104.4000
   7257.0000   7257.0000   7257.0000   7257.0000   7257.0000   7257.0000
   7257.0000   7257.0000   7257.0000   7257.0000   7257.0000   7257.0000
   7257.0000   7257.0000   7257.0000   7257.0000   7257.0000   7257.0000
   7257.0000   7197.6000   7138.2000   7138.2000   7138.2000   7138.2000
   7138.2000   7138.2000   7138.2000   7138.2000   7138.2000   7138.2000
   7138.2000   7138.2000   7138.2000   7138.2000   7138.2000   7138.2000
   7138.2000   7138.2000   7166.4600   7194.7200   7194.7200   7194.7200
   7194.7200   7194.7200   7194.7200   7194.7200   7194.7200   7194.7200
   7194.7200   7194.7200   7194.7200   7194.7200   7194.7200   7194.7200
   7194.7200   7194.7200   7194.7200   7194.7200   7194.7200   7194.7200
   7194.7200   7194.7200   7135.3200   7075.9200   7075.9200   7075.9200
   6993.4800   6911.0400   6828.6000   6828.6000   6828.6000   6828.6000
   6828.6000   6939.3000   7050.0000   7160.7000   7160.7000   7160.7000
   7160.7000   7160.7000   7160.7000   7160.7000   7160.7000   7160.7000
   7160.7000   7101.3000   7041.9000   7041.9000   7041.9000   7041.9000
   7041.9000   7041.9000   7041.9000   7041.9000   7041.9000   7152.6000

  LAC N]39- CHAMPR     0.1000E+04      0.000           0.0000
      0.0000      0.0000      0.0000      0.0000      0.0000      0.0000
      0.0000      0.0000      0.0000      0.0000      0.0000      0.0000
      0.0000      0.0000      0.0000      0.0000      0.0000      0.0000
      0.0000      0.0000      0.0000      0.0000      0.0000      0.0000
      0.0000      0.0000      0.0000      0.0000      0.0000      0.0000
      0.0000      0.0000      0.0000      0.0000      0.0000      0.0000
      0.0000      0.0000      0.0000      0.0000      0.0000      0.0000
      0.0000      0.0000      0.0000      0.0000      0.0000      0.0000
      0.0000      0.0000      0.0000      0.0000      0.0000      0.0000
      0.0000      0.0000      0.0000      0.0000      0.0000      0.0000
      0.0000      0.0000      0.0000      0.0000      0.0000      0.0000
      0.0000      0.0000      0.0000      0.0000      0.0000      0.0000
      0.0000      0.0000      0.0000      0.0000      0.0000      0.0000
      0.0000      0.0000      0.0000      0.0000      0.0000      0.0000
      0.0000      0.0000      0.0000      0.0000      0.0000      0.0000
      0.0000      0.0000      0.0000      0.0000      0.0000      0.0000

  LAC N]40- P.CLAR     0.1000E+04      0.000           0.0000
      0.0000      0.0000      0.0000      0.0000      0.0000      0.0000
      0.0000      0.0000      0.0000      0.0000      0.0000      0.0000
      0.0000      0.0000      0.0000      0.0000      0.0000      0.0000
      0.0000      0.0000      0.0000      0.0000      0.0000      0.0000
      0.0000      0.0000      0.0000      0.0000      0.0000      0.0000
      0.0000      0.0000      0.0000      0.0000      0.0000      0.0000
      0.0000      0.0000      0.0000      0.0000      0.0000      0.0000
      0.0000      0.0000      0.0000      0.0000      0.0000      0.0000
      0.0000      0.0000      0.0000      0.0000      0.0000      0.0000
      0.0000      0.0000      0.0000      0.0000      0.0000      0.0000
      0.0000      0.0000      0.0000      0.0000      0.0000      0.0000
      0.0000      0.0000      0.0000      0.0000      0.0000      0.0000
      0.0000      0.0000      0.0000      0.0000      0.0000      0.0000
      0.0000      0.0000      0.0000      0.0000      0.0000      0.0000
      0.0000      0.0000      0.0000      0.0000      0.0000      0.0000
      0.0000      0.0000      0.0000      0.0000      0.0000      0.0000

  LAC N]41- D.INFR     0.1000E+04      0.000           0.0000
      0.0000      0.0000      0.0000      0.0000      0.0000      0.0000
      0.0000      0.0000      0.0000      0.0000      0.0000      0.0000
      0.0000      0.0000      0.0000      0.0000      0.0000      0.0000
      0.0000      0.0000      0.0000      0.0000      0.0000      0.0000
      0.0000      0.0000      0.0000      0.0000      0.0000      0.0000
      0.0000      0.0000      0.0000      0.0000      0.0000      0.0000
      0.0000      0.0000      0.0000      0.0000      0.0000      0.0000
      0.0000      0.0000      0.0000      0.0000      0.0000      0.0000
      0.0000      0.0000      0.0000      0.0000      0.0000      0.0000
      0.0000      0.0000      0.0000      0.0000      0.0000      0.0000
      0.0000      0.0000      0.0000      0.0000      0.0000      0.0000
      0.0000      0.0000      0.0000      0.0000      0.0000      0.0000
      0.0000      0.0000      0.0000      0.0000      0.0000      0.0000
      0.0000      0.0000      0.0000      0.0000      0.0000      0.0000
      0.0000      0.0000      0.0000      0.0000      0.0000      0.0000
      0.0000      0.0000      0.0000      0.0000      0.0000      0.0000

  USINE N]46- MTEYNH   37  38         664.2000
      0.0000      0.0000      0.0000      0.0000      0.0000      0.0000
      0.0000      0.0000      0.0000      0.0000      0.0000      0.0000
      0.0000      0.0000      0.0000      0.0000      0.0000      0.0000
      0.0000      0.0000      0.0000      0.0000      0.0000      0.0000
      0.0000      0.0000      0.0000      0.0000      0.0000      0.0000
      0.0000      0.0000      0.0000      0.0000      0.0000      0.0000
      0.0000      0.0000    110.7000    110.7000      0.0000      0.0000
      0.0000      0.0000      0.0000      0.0000      0.0000      0.0000
      0.0000      0.0000      0.0000      0.0000      0.0000      0.0000
      0.0000      0.0000      0.0000      0.0000      0.0000      0.0000
      0.0000      0.0000      0.0000      0.0000      0.0000      0.0000
      0.0000      0.0000      0.0000      0.0000      0.0000      0.0000
      0.0000    110.7000    110.7000    110.7000      0.0000      0.0000
      0.0000      0.0000      0.0000      0.0000      0.0000      0.0000
      0.0000      0.0000      0.0000      0.0000      0.0000      0.0000
      0.0000      0.0000      0.0000      0.0000      0.0000    110.7000

      0.0000      0.0000      0.0000      0.0000      0.0000      0.0000
      0.0000      0.0000      0.0000      0.0000      0.0000      0.0000
      0.0000      0.0000      0.0000      0.0000      0.0000      0.0000
      0.0000      0.0000      0.0000      0.0000      0.0000      0.0000
      0.0000      0.0000      0.0000      0.0000      0.0000      0.0000
      0.0000      0.0000      0.0000      0.0000      0.0000      0.0000
      0.0000      0.0000     22.5000     22.5000      0.0000      0.0000
      0.0000      0.0000      0.0000      0.0000      0.0000      0.0000
      0.0000      0.0000      0.0000      0.0000      0.0000      0.0000
      0.0000      0.0000      0.0000      0.0000      0.0000      0.0000
      0.0000      0.0000      0.0000      0.0000      0.0000      0.0000
      0.0000      0.0000      0.0000      0.0000      0.0000      0.0000
      0.0000     22.5000     22.5000     22.5000      0.0000      0.0000
      0.0000      0.0000      0.0000      0.0000      0.0000      0.0000
      0.0000      0.0000      0.0000      0.0000      0.0000      0.0000
      0.0000      0.0000      0.0000      0.0000      0.0000     22.5000

  USINE N]47- SSCOMH   38  39         768.6000
      0.0000      0.0000      0.0000      0.0000      0.0000      0.0000
      0.0000      0.0000      0.0000      0.0000      0.0000      0.0000
      0.0000      0.0000      0.0000      0.0000      0.0000      0.0000
      0.0000     59.4000     59.4000      0.0000      0.0000      0.0000
      0.0000      0.0000      0.0000      0.0000      0.0000      0.0000
      0.0000      0.0000      0.0000      0.0000      0.0000      0.0000
      0.0000      0.0000     82.4400     82.4400      0.0000      0.0000
      0.0000      0.0000      0.0000      0.0000      0.0000      0.0000
      0.0000      0.0000      0.0000      0.0000      0.0000      0.0000
      0.0000      0.0000      0.0000      0.0000      0.0000      0.0000
      0.0000      0.0000     59.4000     59.4000      0.0000      0.0000
     82.4400     82.4400     82.4400      0.0000      0.0000      0.0000
      0.0000      0.0000      0.0000      0.0000      0.0000      0.0000
      0.0000      0.0000      0.0000      0.0000      0.0000      0.0000
      0.0000     59.4000     59.4000      0.0000      0.0000      0.0000
      0.0000      0.0000      0.0000      0.0000      0.0000      0.0000

      0.0000      0.0000      0.0000      0.0000      0.0000      0.0000
      0.0000      0.0000      0.0000      0.0000      0.0000      0.0000
      0.0000      0.0000      0.0000      0.0000      0.0000      0.0000
      0.0000     10.5000     10.5000      0.0000      0.0000      0.0000
      0.0000      0.0000      0.0000      0.0000      0.0000      0.0000
      0.0000      0.0000      0.0000      0.0000      0.0000      0.0000
      0.0000      0.0000     14.0000     14.0000      0.0000      0.0000
      0.0000      0.0000      0.0000      0.0000      0.0000      0.0000
      0.0000      0.0000      0.0000      0.0000      0.0000      0.0000
      0.0000      0.0000      0.0000      0.0000      0.0000      0.0000
      0.0000      0.0000     10.5000     10.5000      0.0000      0.0000
     14.0000     14.0000     14.0000      0.0000      0.0000      0.0000
      0.0000      0.0000      0.0000      0.0000      0.0000      0.0000
      0.0000      0.0000      0.0000      0.0000      0.0000      0.0000
      0.0000     10.5000     10.5000      0.0000      0.0000      0.0000
      0.0000      0.0000      0.0000      0.0000      0.0000      0.0000

  USINE N]48- CHAMPH   39  40         768.6000
      0.0000      0.0000      0.0000      0.0000      0.0000      0.0000
      0.0000      0.0000      0.0000      0.0000      0.0000      0.0000
      0.0000      0.0000      0.0000      0.0000      0.0000      0.0000
      0.0000     59.4000     59.4000      0.0000      0.0000      0.0000
      0.0000      0.0000      0.0000      0.0000      0.0000      0.0000
      0.0000      0.0000      0.0000      0.0000      0.0000      0.0000
      0.0000      0.0000     82.4400     82.4400      0.0000      0.0000
      0.0000      0.0000      0.0000      0.0000      0.0000      0.0000
      0.0000      0.0000      0.0000      0.0000      0.0000      0.0000
      0.0000      0.0000      0.0000      0.0000      0.0000      0.0000
      0.0000      0.0000     59.4000     59.4000      0.0000      0.0000
     82.4400     82.4400     82.4400      0.0000      0.0000      0.0000
      0.0000      0.0000      0.0000      0.0000      0.0000      0.0000
      0.0000      0.0000      0.0000      0.0000      0.0000      0.0000
      0.0000     59.4000     59.4000      0.0000      0.0000      0.0000
      0.0000      0.0000      0.0000      0.0000      0.0000      0.0000

      0.0000      0.0000      0.0000      0.0000      0.0000      0.0000
      0.0000      0.0000      0.0000      0.0000      0.0000      0.0000
      0.0000      0.0000      0.0000      0.0000      0.0000      0.0000
      0.0000      2.6400      2.6400      0.0000      0.0000      0.0000
      0.0000      0.0000      0.0000      0.0000      0.0000      0.0000
      0.0000      0.0000      0.0000      0.0000      0.0000      0.0000
      0.0000      0.0000      3.6640      3.6640      0.0000      0.0000
      0.0000      0.0000      0.0000      0.0000      0.0000      0.0000
      0.0000      0.0000      0.0000      0.0000      0.0000      0.0000
      0.0000      0.0000      0.0000      0.0000      0.0000      0.0000
      0.0000      0.0000      2.6400      2.6400      0.0000      0.0000
      3.6640      3.6640      3.6640      0.0000      0.0000      0.0000
      0.0000      0.0000      0.0000      0.0000      0.0000      0.0000
      0.0000      0.0000      0.0000      0.0000      0.0000      0.0000
      0.0000      2.6400      2.6400      0.0000      0.0000      0.0000
      0.0000      0.0000      0.0000      0.0000      0.0000      0.0000

  USINE N]49- P.CLAH   40  41       10000.8000
     79.2000     79.2000     79.2000     79.2000     79.2000     79.2000
     91.8000     91.8000     91.8000     91.8000     91.8000     91.8000
     91.8000     91.8000     91.8000     91.8000     91.8000     91.8000
     91.8000     91.8000     91.8000     91.8000     91.8000    151.2000
    151.2000     91.8000     91.8000     91.8000     91.8000     91.8000
    109.8000    109.8000    109.8000    109.8000    109.8000    109.8000
    109.8000    109.8000    109.8000    109.8000    109.8000    109.8000
    192.2400    192.2400    109.8000     91.8000     91.8000     91.8000
     91.8000    100.8000    100.8000    100.8000    100.8000     91.8000
     91.8000     91.8000     91.8000     91.8000     91.8000     91.8000
     91.8000     91.8000     91.8000     91.8000     91.8000     91.8000
    151.2000    151.2000     91.8000     91.8000    174.2400    174.2400
    174.2400     91.8000     91.8000    100.8000    100.8000    100.8000
    100.8000    100.8000    100.8000    100.8000    100.8000    100.8000
    100.8000    100.8000    100.8000    100.8000    100.8000    160.2000
    160.2000    100.8000    100.8000    100.8000    100.8000    100.8000

      0.0000      0.0000      0.0000      0.0000      0.0000      0.0000
      0.0000      0.0000      0.0000      0.0000      0.0000      0.0000
      0.0000      0.0000      0.0000      0.0000      0.0000      0.0000
      0.0000      0.0000      0.0000      0.0000      0.0000      0.0000
      0.0000      0.0000      0.0000      0.0000      0.0000      0.0000
      0.0000      0.0000      0.0000      0.0000      0.0000      0.0000
      0.0000      0.0000      0.0000      0.0000      0.0000      0.0000
      0.0000      0.0000      0.0000      0.0000      0.0000      0.0000
      0.0000      0.0000      0.0000      0.0000      0.0000      0.0000
      0.0000      0.0000      0.0000      0.0000      0.0000      0.0000
      0.0000      0.0000      0.0000      0.0000      0.0000      0.0000
      0.0000      0.0000      0.0000      0.0000      0.0000      0.0000
      0.0000      0.0000      0.0000      0.0000      0.0000      0.0000
      0.0000      0.0000      0.0000      0.0000      0.0000      0.0000
      0.0000      0.0000      0.0000      0.0000      0.0000      0.0000
      0.0000      0.0000      0.0000      0.0000      0.0000      0.0000

  USINE N]50- D.INFH   41   0       10000.8000
     79.2000     79.2000     79.2000     79.2000     79.2000     79.2000
     91.8000     91.8000     91.8000     91.8000     91.8000     91.8000
     91.8000     91.8000     91.8000     91.8000     91.8000     91.8000
     91.8000     91.8000     91.8000     91.8000     91.8000    151.2000
    151.2000     91.8000     91.8000     91.8000     91.8000     91.8000
    109.8000    109.8000    109.8000    109.8000    109.8000    109.8000
    109.8000    109.8000    109.8000    109.8000    109.8000    109.8000
    192.2400    192.2400    109.8000     91.8000     91.8000     91.8000
     91.8000    100.8000    100.8000    100.8000    100.8000     91.8000
     91.8000     91.8000     91.8000     91.8000     91.8000     91.8000
     91.8000     91.8000     91.8000     91.8000     91.8000     91.8000
    151.2000    151.2000     91.8000     91.8000    174.2400    174.2400
    174.2400     91.8000     91.8000    100.8000    100.8000    100.8000
    100.8000    100.8000    100.8000    100.8000    100.8000    100.8000
    100.8000    100.8000    100.8000    100.8000    100.8000    160.2000
    160.2000    100.8000    100.8000    100.8000    100.8000    100.8000

      0.0000      0.0000      0.0000      0.0000      0.0000      0.0000
      0.0000      0.0000      0.0000      0.0000      0.0000      0.0000
      0.0000      0.0000      0.0000      0.0000      0.0000      0.0000
      0.0000      0.0000      0.0000      0.0000      0.0000      0.0000
      0.0000      0.0000      0.0000      0.0000      0.0000      0.0000
      0.0000      0.0000      0.0000      0.0000      0.0000      0.0000
      0.0000      0.0000      0.0000      0.0000      0.0000      0.0000
      0.0000      0.0000      0.0000      0.0000      0.0000      0.0000
      0.0000      0.0000      0.0000      0.0000      0.0000      0.0000
      0.0000      0.0000      0.0000      0.0000      0.0000      0.0000
      0.0000      0.0000      0.0000      0.0000      0.0000      0.0000
      0.0000      0.0000      0.0000      0.0000      0.0000      0.0000
      0.0000      0.0000      0.0000      0.0000      0.0000      0.0000
      0.0000      0.0000      0.0000      0.0000      0.0000      0.0000
      0.0000      0.0000      0.0000      0.0000      0.0000      0.0000
      0.0000      0.0000      0.0000      0.0000      0.0000      0.0000

   DONNEES POUR LA VALLEE N]11-MONTPEZA DATE: 22/03/10     2 USINE(S)     2 RESERVOIR(S)
  LAC N]66- MTPEZR     0.1000E+04      6.980       -1714.6800
  11729.3400  11729.3400  11729.3400  11704.6800  11680.0200  11666.1600
  11652.3000  11652.3000  11652.3000  11652.3000  11652.3000  11627.6400
  11602.9800  11574.7200  11546.4600  11532.6000  11518.7400  11490.4800
  11462.2200  11433.9600  11420.1000  11406.2400  11381.5800  11353.3200
  11325.0600  11311.2000  11297.3400  11283.4800  11269.6200  11255.7600
  11227.5000  11199.2400  11170.9800  11170.9800  11170.9800  11142.7200
  11114.4600  11086.2000  11054.1600  11022.1200  10997.4600  10972.8000
  10948.1400  10948.1400  10948.1400  10923.4800  10898.8200  10898.8200
  10898.8200  10884.9600  10871.1000  10871.1000  10871.1000  10871.1000
  10857.2400  10843.3800  10829.5200  10804.8600  10776.6000  10748.3400
  10720.0800  10706.2200  10692.3600  10678.5000  10646.4600  10614.4200
  10582.3800  10568.5200  10554.6600  10540.8000  10512.5400  10484.2800
  10459.6200  10434.9600  10410.3000  10382.0400  10353.7800  10325.5200
  10297.2600  10297.2600  10297.2600  10297.2600  10297.2600  10297.2600
  10297.2600  10297.2600  10265.2200  10233.1800  10201.1400  10187.2800
  10173.4200  10145.1600  10116.9000  10088.6400  10063.9800  10039.3200

  LAC N]67- P.D.VR     0.1000E+04      0.000          -5.9400
    404.0400    410.7000    392.7000    374.7000    381.3600    388.0200
    383.8800    379.7400    361.7400    343.7400    325.7400    307.7400
    314.4000    321.0600    331.3200    341.5800    337.4400    333.3000
    343.5600    353.8200    364.0800    359.9400    355.8000    362.4600
    372.7200    382.9800    378.8400    374.7000    370.5600    366.4200
    362.2800    372.5400    382.8000    393.0600    375.0600    357.0600
    367.3200    377.5800    387.8400    401.8800    415.9200    422.5800
    429.2400    435.9000    417.9000    399.9000    406.5600    413.2200
    395.2200    377.2200    373.0800    368.9400    350.9400    332.9400
    314.9400    310.8000    306.6600    302.5200    309.1800    319.4400
    329.7000    339.9600    335.8200    331.6800    327.5400    341.5800
    355.6200    369.6600    365.5200    361.3800    357.2400    367.5000
    377.7600    384.4200    391.0800    397.7400    408.0000    418.2600
    428.5200    438.7800    420.7800    402.7800    384.7800    366.7800
    348.7800    330.7800    312.7800    326.8200    340.8600    354.9000
    350.7600    346.6200    356.8800    367.1400    377.4000    384.0600

  USINE N]80- MTPEZH   66  67        1714.6800
     24.6600      0.0000      0.0000     24.6600     24.6600     13.8600
     13.8600      0.0000      0.0000      0.0000      0.0000     24.6600
     24.6600     28.2600     28.2600     13.8600     13.8600     28.2600
     28.2600     28.2600     13.8600     13.8600     24.6600     28.2600
     28.2600     13.8600     13.8600     13.8600     13.8600     13.8600
     28.2600     28.2600     28.2600      0.0000      0.0000     28.2600
     28.2600     28.2600     32.0400     32.0400     24.6600     24.6600
     24.6600      0.0000      0.0000     24.6600     24.6600      0.0000
      0.0000     13.8600     13.8600      0.0000      0.0000      0.0000
     13.8600     13.8600     13.8600     24.6600     28.2600     28.2600
     28.2600     13.8600     13.8600     13.8600     32.0400     32.0400
     32.0400     13.8600     13.8600     13.8600     28.2600     28.2600
     24.6600     24.6600     24.6600     28.2600     28.2600     28.2600
     28.2600      0.0000      0.0000      0.0000      0.0000      0.0000
      0.0000      0.0000     32.0400     32.0400     32.0400     13.8600
     13.8600     28.2600     28.2600     28.2600     24.6600     24.6600

     35.0000      0.0000      0.0000     35.0000     35.0000     20.0000
     20.0000      0.0000      0.0000      0.0000      0.0000     35.0000
     35.0000     40.0000     40.0000     20.0000     20.0000     40.0000
     40.0000     40.0000     20.0000     20.0000     35.0000     40.0000
     40.0000     20.0000     20.0000     20.0000     20.0000     20.0000
     40.0000     40.0000     40.0000      0.0000      0.0000     40.0000
     40.0000     40.0000     45.0000     45.0000     35.0000     35.0000
     35.0000      0.0000      0.0000     35.0000     35.0000      0.0000
      0.0000     20.0000     20.0000      0.0000      0.0000      0.0000
     20.0000     20.0000     20.0000     35.0000     40.0000     40.0000
     40.0000     20.0000     20.0000     20.0000     45.0000     45.0000
     45.0000     20.0000     20.0000     20.0000     40.0000     40.0000
     35.0000     35.0000     35.0000     40.0000     40.0000     40.0000
     40.0000      0.0000      0.0000      0.0000      0.0000      0.0000
      0.0000      0.0000     45.0000     45.0000     45.0000     20.0000
     20.0000     40.0000     40.0000     40.0000     35.0000     35.0000

  USINE N]81- P.D.VH   67   0        1728.0000
     18.0000     18.0000     18.0000     18.0000     18.0000     18.0000
     18.0000     18.0000     18.0000     18.0000     18.0000     18.0000
     18.0000     18.0000     18.0000     18.0000     18.0000     18.0000
     18.0000     18.0000     18.0000     18.0000     18.0000     18.0000
     18.0000     18.0000     18.0000     18.0000     18.0000     18.0000
     18.0000     18.0000     18.0000     18.0000     18.0000     18.0000
     18.0000     18.0000     18.0000     18.0000     18.0000     18.0000
     18.0000     18.0000     18.0000     18.0000     18.0000     18.0000
     18.0000     18.0000     18.0000     18.0000     18.0000     18.0000
     18.0000     18.0000     18.0000     18.0000     18.0000     18.0000
     18.0000     18.0000     18.0000     18.0000     18.0000     18.0000
     18.0000     18.0000     18.0000     18.0000     18.0000     18.0000
     18.0000     18.0000     18.0000     18.0000     18.0000     18.0000
     18.0000     18.0000     18.0000     18.0000     18.0000     18.0000
     18.0000     18.0000     18.0000     18.0000     18.0000     18.0000
     18.0000     18.0000     18.0000     18.0000     18.0000     18.0000

      0.0000      0.0000      0.0000      0.0000      0.0000      0.0000
      0.0000      0.0000      0.0000      0.0000      0.0000      0.0000
      0.0000      0.0000      0.0000      0.0000      0.0000      0.0000
      0.0000      0.0000      0.0000      0.0000      0.0000      0.0000
      0.0000      0.0000      0.0000      0.0000      0.0000      0.0000
      0.0000      0.0000      0.0000      0.0000      0.0000      0.0000
      0.0000      0.0000      0.0000      0.0000      0.0000      0.0000
      0.0000      0.0000      0.0000      0.0000      0.0000      0.0000
      0.0000      0.0000      0.0000      0.0000      0.0000      0.0000
      0.0000      0.0000      0.0000      0.0000      0.0000      0.0000
      0.0000      0.0000      0.0000      0.0000      0.0000      0.0000
      0.0000      0.0000      0.0000      0.0000      0.0000      0.0000
      0.0000      0.0000      0.0000      0.0000      0.0000      0.0000
      0.0000      0.0000      0.0000      0.0000      0.0000      0.0000
      0.0000      0.0000      0.0000      0.0000      0.0000      0.0000
      0.0000      0.0000      0.0000      0.0000      0.0000      0.0000

   DONNEES POUR LA VALLEE N]19-DORDOGNE DATE: 22/03/10     6 USINE(S)     5 RESERVOIR(S)
  LAC N]85- BORT R     0.1000E+04      3.260        -648.0000
 213680.9920 213680.9920 213680.9920 213680.9920 213680.9920 213680.9920
 213680.9920 213680.9920 213680.9920 213680.9920 213680.9920 213680.9920
 213680.9920 213680.9920 213680.9920 213680.9920 213680.9920 213680.9920
 213518.9920 213356.9920 213356.9920 213356.9920 213356.9920 213356.9920
 213356.9920 213356.9920 213356.9920 213356.9920 213356.9920 213356.9920
 213356.9920 213356.9920 213356.9920 213356.9920 213356.9920 213356.9920
 213356.9920 213356.9920 213356.9920 213356.9920 213356.9920 213356.9920
 213356.9920 213356.9920 213356.9920 213356.9920 213356.9920 213356.9920
 213356.9920 213356.9920 213356.9920 213356.9920 213356.9920 213356.9920
 213356.9920 213356.9920 213356.9920 213356.9920 213356.9920 213356.9920
 213356.9920 213356.9920 213356.9920 213356.9920 213356.9920 213356.9920
 213356.9920 213356.9920 213356.9920 213356.9920 213356.9920 213356.9920
 213356.9920 213356.9920 213356.9920 213356.9920 213356.9920 213356.9920
 213356.9920 213356.9920 213356.9920 213356.9920 213356.9920 213356.9920
 213356.9920 213356.9920 213356.9920 213356.9920 213356.9920 213356.9920
 213356.9920 213356.9920 213356.9920 213194.9920 213032.9920 213032.9920

  LAC N]86- MAREFR     0.1000E+04      0.000           0.0000
      0.0000      0.0000      0.0000      0.0000      0.0000      0.0000
      0.0000      0.0000      0.0000      0.0000      0.0000      0.0000
      0.0000      0.0000      0.0000      0.0000      0.0000      0.0000
      0.0000      0.0000      0.0000      0.0000      0.0000      0.0000
      0.0000      0.0000      0.0000      0.0000      0.0000      0.0000
      0.0000      0.0000      0.0000      0.0000      0.0000      0.0000
      0.0000      0.0000      0.0000      0.0000      0.0000      0.0000
      0.0000      0.0000      0.0000      0.0000      0.0000      0.0000
      0.0000      0.0000      0.0000      0.0000      0.0000      0.0000
      0.0000      0.0000      0.0000      0.0000      0.0000      0.0000
      0.0000      0.0000      0.0000      0.0000      0.0000      0.0000
      0.0000      0.0000      0.0000      0.0000      0.0000      0.0000
      0.0000      0.0000      0.0000      0.0000      0.0000      0.0000
      0.0000      0.0000      0.0000      0.0000      0.0000      0.0000
      0.0000      0.0000      0.0000      0.0000      0.0000      0.0000
      0.0000      0.0000      0.0000      0.0000      1.0000      1.0000

  LAC N]87- AIGLER     0.1000E+04      0.000       -1584.0000
 102218.6000 102276.2000 102333.8000 102391.4000 102449.0000 102506.6000
 102564.2000 102621.8000 102679.4000 102737.0000 102794.6000 102852.2000
 102909.8000 102967.4000 102747.8000 102528.2000 102308.6000 102089.0000
 102031.4000 101973.8000 101754.2000 101811.8000 101869.4000 101927.0000
 101707.4000 101487.8000 101545.4000 101603.0000 101660.6000 101718.2000
 101775.8000 101833.4000 101891.0000 101948.6000 102006.2000 102063.8000
 102121.4000 102179.0000 101959.4000 101739.8000 101520.2000 101577.8000
 101635.4000 101693.0000 101750.6000 101531.0000 101311.4000 101369.0000
 101426.6000 101484.2000 101541.8000 101599.4000 101657.0000 101714.6000
 101772.2000 101829.8000 101887.4000 101945.0000 102002.6000 101783.0000
 101563.4000 101621.0000 101678.6000 101736.2000 101516.6000 101297.0000
 101077.4000 100857.8000 100638.2000 100418.6000 100199.0000  99979.4000
 100037.0000 100094.6000 100152.2000 100209.8000 100267.4000 100325.0000
 100382.6000 100440.2000 100497.8000 100555.4000 100613.0000 100670.6000
 100728.2000 100785.8000 100566.2000 100346.6000 100404.2000 100461.8000
 100519.4000 100577.0000 100357.4000 100299.8000 100518.4000 100576.0000

  LAC N]88- CHASTR     0.1000E+04      0.000       -3420.0000
  86232.4000  86246.8000  86261.2000  86275.6000  86290.0000  86304.4000
  86318.8000  86333.2000  86347.6000  86362.0000  86376.4000  86390.8000
  86405.2000  86419.6000  86711.2000  87002.8000  87042.4000  87082.0000
  86878.6000  86675.2000  86714.8000  86477.2000  86185.6000  85894.0000
  85933.6000  85973.2000  85987.6000  86002.0000  86016.4000  86030.8000
  86045.2000  86059.6000  86074.0000  86088.4000  86102.8000  86117.2000
  86131.6000  85894.0000  85582.6000  85271.2000  85067.8000  84830.2000
  84844.6000  84859.0000  84621.4000  84661.0000  84952.6000  84967.0000
  84981.4000  84995.8000  85010.2000  85024.6000  85039.0000  85053.4000
  85067.8000  85082.2000  85096.6000  85111.0000  85125.4000  85417.0000
  85708.6000  85723.0000  85485.4000  85247.8000  85044.4000  84841.0000
  84637.6000  84677.2000  84716.8000  84756.4000  84796.0000  84835.6000
  84598.0000  84360.4000  84122.8000  83885.2000  83899.6000  83914.0000
  83928.4000  83942.8000  83957.2000  83971.6000  83986.0000  84000.4000
  84014.8000  83534.2000  83330.8000  83127.4000  82646.8000  82661.2000
  82675.6000  82690.0000  82729.6000  82769.2000  82783.6000  82798.0000

  LAC N]89- ARGE5R     0.1000E+04      0.000        -286.2000
   2594.8000   2344.6000   2220.4000   2096.2000   1972.0000   1847.8000
   1723.6000   1599.4000   1475.2000   1351.0000   1226.8000   1102.6000
    978.4000    854.2000    730.0000    605.8000    463.6000    573.4000
    629.2000    928.0000   1298.8000   1426.6000   1554.4000   1736.2000
   1918.0000   2045.8000   2173.6000   2049.4000   1925.2000   1801.0000
   1676.8000   1552.6000   1428.4000   1304.2000   1180.0000   1055.8000
    931.6000    807.4000    881.2000   1306.0000   1784.8000   2155.6000
   2283.4000   2159.2000   2035.0000   2162.8000   2290.6000   2166.4000
   2042.2000   1918.0000   1793.8000   1669.6000   1545.4000   1421.2000
   1297.0000   1172.8000   1048.6000    924.4000    800.2000    676.0000
    551.8000    427.6000    303.4000    431.2000    559.0000    929.8000
   1210.6000   1491.4000   1529.2000   1657.0000   1784.8000   1912.6000
   2040.4000   2096.2000   2152.0000   2207.8000   2335.6000   2211.4000
   2015.2000   1819.0000   1622.8000   1498.6000   1374.4000   1250.2000
   1126.0000    911.8000   1192.6000   1563.4000   1934.2000   2305.0000
   2180.8000   2056.6000   1932.4000   2060.2000   2188.0000   2063.8000

  USINE N]**- BORT H   85  86         648.0000
      0.0000      0.0000      0.0000      0.0000      0.0000      0.0000
      0.0000      0.0000      0.0000      0.0000      0.0000      0.0000
      0.0000      0.0000      0.0000      0.0000      0.0000      0.0000
    162.0000    162.0000      0.0000      0.0000      0.0000      0.0000
      0.0000      0.0000      0.0000      0.0000      0.0000      0.0000
      0.0000      0.0000      0.0000      0.0000      0.0000      0.0000
      0.0000      0.0000      0.0000      0.0000      0.0000      0.0000
      0.0000      0.0000      0.0000      0.0000      0.0000      0.0000
      0.0000      0.0000      0.0000      0.0000      0.0000      0.0000
      0.0000      0.0000      0.0000      0.0000      0.0000      0.0000
      0.0000      0.0000      0.0000      0.0000      0.0000      0.0000
      0.0000      0.0000      0.0000      0.0000      0.0000      0.0000
      0.0000      0.0000      0.0000      0.0000      0.0000      0.0000
      0.0000      0.0000      0.0000      0.0000      0.0000      0.0000
      0.0000      0.0000      0.0000      0.0000      0.0000      0.0000
      0.0000      0.0000      0.0000    162.0000    162.0000      0.0000

      0.0000      0.0000      0.0000      0.0000      0.0000      0.0000
      0.0000      0.0000      0.0000      0.0000      0.0000      0.0000
      0.0000      0.0000      0.0000      0.0000      0.0000      0.0000
     35.5000     35.5000      0.0000      0.0000      0.0000      0.0000
      0.0000      0.0000      0.0000      0.0000      0.0000      0.0000
      0.0000      0.0000      0.0000      0.0000      0.0000      0.0000
      0.0000      0.0000      0.0000      0.0000      0.0000      0.0000
      0.0000      0.0000      0.0000      0.0000      0.0000      0.0000
      0.0000      0.0000      0.0000      0.0000      0.0000      0.0000
      0.0000      0.0000      0.0000      0.0000      0.0000      0.0000
      0.0000      0.0000      0.0000      0.0000      0.0000      0.0000
      0.0000      0.0000      0.0000      0.0000      0.0000      0.0000
      0.0000      0.0000      0.0000      0.0000      0.0000      0.0000
      0.0000      0.0000      0.0000      0.0000      0.0000      0.0000
      0.0000      0.0000      0.0000      0.0000      0.0000      0.0000
      0.0000      0.0000      0.0000     35.5000     35.5000      0.0000

  USINE N]**- MAREFH   86  87         648.0000
      1.0000      0.0000      0.0000      0.0000      0.0000      0.0000
      0.0000      0.0000      0.0000      0.0000      0.0000      0.0000
      0.0000      0.0000      0.0000      0.0000      0.0000      0.0000
    162.0000    162.0000      0.0000      0.0000      0.0000      0.0000
      0.0000      0.0000      0.0000      0.0000      0.0000      0.0000
      0.0000      0.0000      0.0000      0.0000      0.0000      0.0000
      0.0000      0.0000      0.0000      0.0000      0.0000      0.0000
      0.0000      0.0000      0.0000      0.0000      0.0000      0.0000
      0.0000      0.0000      0.0000      0.0000      0.0000      0.0000
      0.0000      0.0000      0.0000      0.0000      0.0000      0.0000
      0.0000      0.0000      0.0000      0.0000      0.0000      0.0000
      0.0000      0.0000      0.0000      0.0000      0.0000      0.0000
      0.0000      0.0000      0.0000      0.0000      0.0000      0.0000
      0.0000      0.0000      0.0000      0.0000      0.0000      0.0000
      0.0000      0.0000      0.0000      0.0000      0.0000      0.0000
      0.0000      0.0000      0.0000    162.0000    161.0000      0.0000

      0.0000      0.0000      0.0000      0.0000      0.0000      0.0000
      0.0000      0.0000      0.0000      0.0000      0.0000      0.0000
      0.0000      0.0000      0.0000      0.0000      0.0000      0.0000
      0.0000      0.0000      0.0000      0.0000      0.0000      0.0000
      0.0000      0.0000      0.0000      0.0000      0.0000      0.0000
      0.0000      0.0000      0.0000      0.0000      0.0000      0.0000
      0.0000      0.0000      0.0000      0.0000      0.0000      0.0000
      0.0000      0.0000      0.0000      0.0000      0.0000      0.0000
      0.0000      0.0000      0.0000      0.0000      0.0000      0.0000
      0.0000      0.0000      0.0000      0.0000      0.0000      0.0000
      0.0000      0.0000      0.0000      0.0000      0.0000      0.0000
      0.0000      0.0000      0.0000      0.0000      0.0000      0.0000
      0.0000      0.0000      0.0000      0.0000      0.0000      0.0000
      0.0000      0.0000      0.0000      0.0000      0.0000      0.0000
      0.0000      0.0000      0.0000      0.0000      0.0000      0.0000
      0.0000      0.0000      0.0000      0.0000      0.0000      0.0000

  USINE N]**- AIGL8H   87  88        7761.6000
      0.0000      0.0000      0.0000      0.0000      0.0000      0.0000
      0.0000      0.0000      0.0000      0.0000      0.0000      0.0000
      0.0000      0.0000    277.2000    277.2000    277.2000    277.2000
    277.2000    277.2000    277.2000      0.0000      0.0000      0.0000
    277.2000    277.2000      0.0000      0.0000      0.0000      0.0000
      0.0000      0.0000      0.0000      0.0000      0.0000      0.0000
      0.0000      0.0000    277.2000    277.2000    277.2000      0.0000
      0.0000      0.0000      0.0000    277.2000    277.2000      0.0000
      0.0000      0.0000      0.0000      0.0000      0.0000      0.0000
      0.0000      0.0000      0.0000      0.0000      0.0000    277.2000
    277.2000      0.0000      0.0000      0.0000    277.2000    277.2000
    277.2000    277.2000    277.2000    277.2000    277.2000    277.2000
      0.0000      0.0000      0.0000      0.0000      0.0000      0.0000
      0.0000      0.0000      0.0000      0.0000      0.0000      0.0000
      0.0000      0.0000    277.2000    277.2000      0.0000      0.0000
      0.0000      0.0000    277.2000    277.2000      0.0000      0.0000

      0.0000      0.0000      0.0000      0.0000      0.0000      0.0000
      0.0000      0.0000      0.0000      0.0000      0.0000      0.0000
      0.0000      0.0000     48.5000     48.5000     48.5000     48.5000
     48.5000     48.5000     48.5000      0.0000      0.0000      0.0000
     48.5000     48.5000      0.0000      0.0000      0.0000      0.0000
      0.0000      0.0000      0.0000      0.0000      0.0000      0.0000
      0.0000      0.0000     48.5000     48.5000     48.5000      0.0000
      0.0000      0.0000      0.0000     48.5000     48.5000      0.0000
      0.0000      0.0000      0.0000      0.0000      0.0000      0.0000
      0.0000      0.0000      0.0000      0.0000      0.0000     48.5000
     48.5000      0.0000      0.0000      0.0000     48.5000     48.5000
     48.5000     48.5000     48.5000     48.5000     48.5000     48.5000
      0.0000      0.0000      0.0000      0.0000      0.0000      0.0000
      0.0000      0.0000      0.0000      0.0000      0.0000      0.0000
      0.0000      0.0000     48.5000     48.5000      0.0000      0.0000
      0.0000      0.0000     48.5000     48.5000      0.0000      0.0000

  USINE N]**- AIGLEH   87  88           0.0000
      0.0000      0.0000      0.0000      0.0000      0.0000      0.0000
      0.0000      0.0000      0.0000      0.0000      0.0000      0.0000
      0.0000      0.0000      0.0000      0.0000      0.0000      0.0000
      0.0000      0.0000      0.0000      0.0000      0.0000      0.0000
      0.0000      0.0000      0.0000      0.0000      0.0000      0.0000
      0.0000      0.0000      0.0000      0.0000      0.0000      0.0000
      0.0000      0.0000      0.0000      0.0000      0.0000      0.0000
      0.0000      0.0000      0.0000      0.0000      0.0000      0.0000
      0.0000      0.0000      0.0000      0.0000      0.0000      0.0000
      0.0000      0.0000      0.0000      0.0000      0.0000      0.0000
      0.0000      0.0000      0.0000      0.0000      0.0000      0.0000
      0.0000      0.0000      0.0000      0.0000      0.0000      0.0000
      0.0000      0.0000      0.0000      0.0000      0.0000      0.0000
      0.0000      0.0000      0.0000      0.0000      0.0000      0.0000
      0.0000      0.0000      0.0000      0.0000      0.0000      0.0000
      0.0000      0.0000      0.0000      0.0000      0.0000      0.0000

      0.0000      0.0000      0.0000      0.0000      0.0000      0.0000
      0.0000      0.0000      0.0000      0.0000      0.0000      0.0000
      0.0000      0.0000      0.0000      0.0000      0.0000      0.0000
      0.0000      0.0000      0.0000      0.0000      0.0000      0.0000
      0.0000      0.0000      0.0000      0.0000      0.0000      0.0000
      0.0000      0.0000      0.0000      0.0000      0.0000      0.0000
      0.0000      0.0000      0.0000      0.0000      0.0000      0.0000
      0.0000      0.0000      0.0000      0.0000      0.0000      0.0000
      0.0000      0.0000      0.0000      0.0000      0.0000      0.0000
      0.0000      0.0000      0.0000      0.0000      0.0000      0.0000
      0.0000      0.0000      0.0000      0.0000      0.0000      0.0000
      0.0000      0.0000      0.0000      0.0000      0.0000      0.0000
      0.0000      0.0000      0.0000      0.0000      0.0000      0.0000
      0.0000      0.0000      0.0000      0.0000      0.0000      0.0000
      0.0000      0.0000      0.0000      0.0000      0.0000      0.0000
      0.0000      0.0000      0.0000      0.0000      0.0000      0.0000

  USINE N]**- CHASTH   88  89       12564.0000
      0.0000      0.0000      0.0000      0.0000      0.0000      0.0000
      0.0000      0.0000      0.0000      0.0000      0.0000      0.0000
      0.0000      0.0000      0.0000      0.0000    252.0000    252.0000
    495.0000    495.0000    252.0000    252.0000    306.0000    306.0000
    252.0000    252.0000      0.0000      0.0000      0.0000      0.0000
      0.0000      0.0000      0.0000      0.0000      0.0000      0.0000
      0.0000    252.0000    603.0000    603.0000    495.0000    252.0000
      0.0000      0.0000    252.0000    252.0000      0.0000      0.0000
      0.0000      0.0000      0.0000      0.0000      0.0000      0.0000
      0.0000      0.0000      0.0000      0.0000      0.0000      0.0000
      0.0000      0.0000    252.0000    252.0000    495.0000    495.0000
    495.0000    252.0000    252.0000    252.0000    252.0000    252.0000
    252.0000    252.0000    252.0000    252.0000      0.0000      0.0000
      0.0000      0.0000      0.0000      0.0000      0.0000      0.0000
      0.0000    495.0000    495.0000    495.0000    495.0000      0.0000
      0.0000      0.0000    252.0000    252.0000      0.0000      0.0000

      0.0000      0.0000      0.0000      0.0000      0.0000      0.0000
      0.0000      0.0000      0.0000      0.0000      0.0000      0.0000
      0.0000      0.0000      0.0000      0.0000     40.0000     40.0000
     77.5000     77.5000     40.0000     40.0000     46.0000     46.0000
     40.0000     40.0000      0.0000      0.0000      0.0000      0.0000
      0.0000      0.0000      0.0000      0.0000      0.0000      0.0000
      0.0000     40.0000     90.0000     90.0000     77.5000     40.0000
      0.0000      0.0000     40.0000     40.0000      0.0000      0.0000
      0.0000      0.0000      0.0000      0.0000      0.0000      0.0000
      0.0000      0.0000      0.0000      0.0000      0.0000      0.0000
      0.0000      0.0000     40.0000     40.0000     77.5000     77.5000
     77.5000     40.0000     40.0000     40.0000     40.0000     40.0000
     40.0000     40.0000     40.0000     40.0000      0.0000      0.0000
      0.0000      0.0000      0.0000      0.0000      0.0000      0.0000
      0.0000     77.5000     77.5000     77.5000     77.5000      0.0000
      0.0000      0.0000     40.0000     40.0000      0.0000      0.0000

  USINE N]**- ARGE5H   89   0       13518.0000
    252.0000    252.0000    126.0000    126.0000    126.0000    126.0000
    126.0000    126.0000    126.0000    126.0000    126.0000    126.0000
    126.0000    126.0000    126.0000    126.0000    144.0000    144.0000
    198.0000    198.0000    126.0000    126.0000    126.0000    126.0000
    126.0000    126.0000    126.0000    126.0000    126.0000    126.0000
    126.0000    126.0000    126.0000    126.0000    126.0000    126.0000
    126.0000    126.0000    180.0000    180.0000    126.0000    126.0000
    126.0000    126.0000    126.0000    126.0000    126.0000    126.0000
    126.0000    126.0000    126.0000    126.0000    126.0000    126.0000
    126.0000    126.0000    126.0000    126.0000    126.0000    126.0000
    126.0000    126.0000    126.0000    126.0000    126.0000    126.0000
    216.0000    216.0000    216.0000    126.0000    126.0000    126.0000
    126.0000    198.0000    198.0000    198.0000    126.0000    126.0000
    198.0000    198.0000    198.0000    126.0000    126.0000    126.0000
    126.0000    216.0000    216.0000    126.0000    126.0000    126.0000
    126.0000    126.0000    126.0000    126.0000    126.0000    126.0000

      8.0500      8.0500      4.0500      4.0500      4.0500      4.0500
      4.0500      4.0500      4.0500      4.0500      4.0500      4.0500
      4.0500      4.0500      4.0500      4.0500      4.6500      4.6500
      6.4500      6.4500      4.0500      4.0500      4.0500      4.0500
      4.0500      4.0500      4.0500      4.0500      4.0500      4.0500
      4.0500      4.0500      4.0500      4.0500      4.0500      4.0500
      4.0500      4.0500      5.8000      5.8000      4.0500      4.0500
      4.0500      4.0500      4.0500      4.0500      4.0500      4.0500
      4.0500      4.0500      4.0500      4.0500      4.0500      4.0500
      4.0500      4.0500      4.0500      4.0500      4.0500      4.0500
      4.0500      4.0500      4.0500      4.0500      4.0500      4.0500
      6.9500      6.9500      6.9500      4.0500      4.0500      4.0500
      4.0500      6.4500      6.4500      6.4500      4.0500      4.0500
      6.4500      6.4500      6.4500      4.0500      4.0500      4.0500
      4.0500      6.9500      6.9500      4.0500      4.0500      4.0500
      4.0500      4.0500      4.0500      4.0500      4.0500      4.0500

   DONNEES POUR LA VALLEE N]21-V.BEN    DATE: 22/03/10     1 USINE(S)     1 RESERVOIR(S)
  LAC N]92- V.BENR     0.1000E+04      1.160        -297.1800
   3516.8000   3527.6000   3538.4000   3549.2000   3560.0000   3570.8000
   3581.6000   3592.4000   3603.2000   3614.0000   3624.8000   3635.6000
   3646.4000   3644.4200   3629.4800   3614.5400   3587.9000   3549.7400
   3511.5800   3484.9400   3482.9600   3480.9800   3442.8200   3404.6600
   3366.5000   3328.3400   3290.1800   3252.0200   3250.0400   3248.0600
   3246.0800   3207.9200   3169.7600   3180.5600   3191.3600   3176.4200
   3161.4800   3146.5400   3108.3800   3070.2200   3043.5800   3016.9400
   3014.9600   3025.7600   3036.5600   3047.3600   3058.1600   3068.9600
   3079.7600   3090.5600   3101.3600   3112.1600   3122.9600   3133.7600
   3144.5600   3155.3600   3166.1600   3176.9600   3187.7600   3198.5600
   3209.3600   3220.1600   3230.9600   3241.7600   3239.7800   3237.8000
   3211.1600   3184.5200   3157.8800   3155.9000   3153.9200   3151.9400
   3149.9600   3135.0200   3120.0800   3105.1400   3115.9400   3126.7400
   3137.5400   3148.3400   3159.1400   3169.9400   3180.7400   3191.5400
   3202.3400   3213.1400   3186.5000   3159.8600   3133.2200   3144.0200
   3154.8200   3165.6200   3176.4200   3187.2200   3198.0200   3208.8200

  USINE N]**- V.BENH   92   0        1333.9800
      0.0000      0.0000      0.0000      0.0000      0.0000      0.0000
      0.0000      0.0000      0.0000      0.0000      0.0000      0.0000
      0.0000     12.7800     25.7400     25.7400     37.4400     48.9600
     48.9600     37.4400     12.7800     12.7800     48.9600     48.9600
     48.9600     48.9600     48.9600     48.9600     12.7800     12.7800
     12.7800     48.9600     48.9600      0.0000      0.0000     25.7400
     25.7400     25.7400     48.9600     48.9600     37.4400     37.4400
     12.7800      0.0000      0.0000      0.0000      0.0000      0.0000
      0.0000      0.0000      0.0000      0.0000      0.0000      0.0000
      0.0000      0.0000      0.0000      0.0000      0.0000      0.0000
      0.0000      0.0000      0.0000      0.0000     12.7800     12.7800
     37.4400     37.4400     37.4400     12.7800     12.7800     12.7800
     12.7800     25.7400     25.7400     25.7400      0.0000      0.0000
      0.0000      0.0000      0.0000      0.0000      0.0000      0.0000
      0.0000      0.0000     37.4400     37.4400     37.4400      0.0000
      0.0000      0.0000      0.0000      0.0000      0.0000      0.0000

      0.0000      0.0000      0.0000      0.0000      0.0000      0.0000
      0.0000      0.0000      0.0000      0.0000      0.0000      0.0000
      0.0000      3.5000      7.0000      7.0000     10.0000     13.0000
     13.0000     10.0000      3.5000      3.5000     13.0000     13.0000
     13.0000     13.0000     13.0000     13.0000      3.5000      3.5000
      3.5000     13.0000     13.0000      0.0000      0.0000      7.0000
      7.0000      7.0000     13.0000     13.0000     10.0000     10.0000
      3.5000      0.0000      0.0000      0.0000      0.0000      0.0000
      0.0000      0.0000      0.0000      0.0000      0.0000      0.0000
      0.0000      0.0000      0.0000      0.0000      0.0000      0.0000
      0.0000      0.0000      0.0000      0.0000      3.5000      3.5000
     10.0000     10.0000     10.0000      3.5000      3.5000      3.5000
      3.5000      7.0000      7.0000      7.0000      0.0000      0.0000
      0.0000      0.0000      0.0000      0.0000      0.0000      0.0000
      0.0000      0.0000     10.0000     10.0000     10.0000      0.0000
      0.0000      0.0000      0.0000      0.0000      0.0000      0.0000

   DONNEES POUR LA VALLEE N]33-VICDESSO DATE: 22/03/10     5 USINE(S)     5 RESERVOIR(S)
  LAC N]**- GNIOUR     0.1000E+04      0.290           0.0000
      0.0000      0.0000      0.0000      0.0000      0.0000      0.0000
      0.0000      0.0000      0.0000      0.0000      0.0000      0.0000
      0.0000      0.0000      0.0000      0.0000      0.0000      0.0000
      0.0000      0.0000      0.0000      0.0000      0.0000      0.0000
      0.0000      0.0000      0.0000      0.0000      0.0000      0.0000
      0.0000      0.0000      0.0000      0.0000      0.0000      0.0000
      0.0000      0.0000      0.0000      0.0000      0.0000      0.0000
      0.0000      0.0000      0.0000      0.0000      0.0000      0.0000
      0.0000      0.0000      0.0000      0.0000      0.0000      0.0000
      0.0000      0.0000      0.0000      0.0000      0.0000      0.0000
      0.0000      0.0000      0.0000      0.0000      0.0000      0.0000
      0.0000      0.0000      0.0000      0.0000      0.0000      0.0000
      0.0000      0.0000      0.0000      0.0000      0.0000      0.0000
      0.0000      0.0000      0.0000      0.0000      0.0000      0.0000
      0.0000      0.0000      0.0000      0.0000      0.0000      0.0000
      0.0000      0.0000      0.0000      0.0000      0.0000      0.0000

  LAC N]**- AUZATR     0.1000E+04      0.000           0.0000
      0.0000      0.0000      0.0000      0.0000      0.0000      0.0000
      0.0000      0.0000      0.0000      0.0000      0.0000      0.0000
      0.0000      0.0000      0.0000      0.0000      0.0000      0.0000
      0.0000      0.0000      0.0000      0.0000      0.0000      0.0000
      0.0000      0.0000      0.0000      0.0000      0.0000      0.0000
      0.0000      0.0000      0.0000      0.0000      0.0000      0.0000
      0.0000      0.0000      0.0000      0.0000      0.0000      0.0000
      0.0000      0.0000      0.0000      0.0000      0.0000      0.0000
      0.0000      0.0000      0.0000      0.0000      0.0000      0.0000
      0.0000      0.0000      0.0000      0.0000      0.0000      0.0000
      0.0000      0.0000      0.0000      0.0000      0.0000      0.0000
      0.0000      0.0000      0.0000      0.0000      0.0000      0.0000
      0.0000      0.0000      0.0000      0.0000      0.0000      0.0000
      0.0000      0.0000      0.0000      0.0000      0.0000      0.0000
      0.0000      0.0000      0.0000      0.0000      0.0000      0.0000
      0.0000      0.0000      0.0000      0.0000      0.0000      0.0000

  LAC N]**- IZOURR     0.1000E+04     12.580          -7.5600
    694.0000    694.0000    694.0000    694.0000    694.0000    694.0000
    694.0000    694.0000    694.0000    694.0000    694.0000    694.0000
    694.0000    694.0000    694.0000    694.0000    694.0000    694.0000
    694.0000    694.0000    694.0000    694.0000    694.0000    694.0000
    694.0000    694.0000    694.0000    694.0000    694.0000    694.0000
    694.0000    690.2200    686.4400    686.4400    686.4400    686.4400
    686.4400    686.4400    686.4400    686.4400    686.4400    686.4400
    686.4400    686.4400    686.4400    686.4400    686.4400    686.4400
    686.4400    686.4400    686.4400    686.4400    686.4400    686.4400
    686.4400    686.4400    686.4400    686.4400    686.4400    686.4400
    686.4400    686.4400    686.4400    686.4400    686.4400    686.4400
    686.4400    686.4400    686.4400    686.4400    686.4400    686.4400
    686.4400    686.4400    686.4400    686.4400    686.4400    686.4400
    686.4400    686.4400    686.4400    686.4400    686.4400    686.4400
    686.4400    686.4400    686.4400    686.4400    686.4400    686.4400
    686.4400    686.4400    686.4400    686.4400    686.4400    686.4400

  LAC N]**- SOULCR     0.1000E+04     10.240         -74.7000
   4614.0000   4614.0000   4614.0000   4614.0000   4614.0000   4614.0000
   4614.0000   4614.0000   4614.0000   4614.0000   4614.0000   4614.0000
   4614.0000   4614.0000   4605.4500   4596.9000   4588.8000   4588.8000
   4588.8000   4580.7000   4572.6000   4572.6000   4572.6000   4572.6000
   4572.6000   4572.6000   4572.6000   4572.6000   4572.6000   4572.6000
   4572.6000   4572.6000   4572.6000   4572.6000   4564.0500   4555.5000
   4555.5000   4555.5000   4555.5000   4555.5000   4555.5000   4555.5000
   4555.5000   4555.5000   4555.5000   4555.5000   4555.5000   4555.5000
   4555.5000   4555.5000   4555.5000   4555.5000   4555.5000   4555.5000
   4555.5000   4555.5000   4555.5000   4555.5000   4555.5000   4555.5000
   4555.5000   4555.5000   4555.5000   4555.5000   4555.5000   4555.5000
   4555.5000   4555.5000   4555.5000   4547.4000   4539.3000   4539.3000
   4539.3000   4539.3000   4539.3000   4539.3000   4539.3000   4539.3000
   4539.3000   4539.3000   4539.3000   4539.3000   4539.3000   4539.3000
   4539.3000   4539.3000   4539.3000   4539.3000   4539.3000   4539.3000
   4539.3000   4539.3000   4539.3000   4539.3000   4539.3000   4539.3000

  LAC N]**- SABARR     0.1000E+04      0.000           0.0000
      0.0000      0.0000      0.0000      0.0000      0.0000      0.0000
      0.0000      0.0000      0.0000      0.0000      0.0000      0.0000
      0.0000      0.0000      0.0000      0.0000      0.0000      0.0000
      0.0000      0.0000      0.0000      0.0000      0.0000      0.0000
      0.0000      0.0000      0.0000      0.0000      0.0000      0.0000
      0.0000      0.0000      0.0000      0.0000      0.0000      0.0000
      0.0000      0.0000      0.0000      0.0000      0.0000      0.0000
      0.0000      0.0000      0.0000      0.0000      0.0000      0.0000
      0.0000      0.0000      0.0000      0.0000      0.0000      0.0000
      0.0000      0.0000      0.0000      0.0000      0.0000      0.0000
      0.0000      0.0000      0.0000      0.0000      0.0000      0.0000
      0.0000      0.0000      0.0000      0.0000      0.0000      0.0000
      0.0000      0.0000      0.0000      0.0000      0.0000      0.0000
      0.0000      0.0000      0.0000      0.0000      0.0000      0.0000
      0.0000      0.0000      0.0000      0.0000      0.0000      0.0000
      0.0000      0.0000      0.0000      0.0000      0.0000      0.0000

  USINE N]**- PRADIH   **  **           0.0000
      0.0000      0.0000      0.0000      0.0000      0.0000      0.0000
      0.0000      0.0000      0.0000      0.0000      0.0000      0.0000
      0.0000      0.0000      0.0000      0.0000      0.0000      0.0000
      0.0000      0.0000      0.0000      0.0000      0.0000      0.0000
      0.0000      0.0000      0.0000      0.0000      0.0000      0.0000
      0.0000      0.0000      0.0000      0.0000      0.0000      0.0000
      0.0000      0.0000      0.0000      0.0000      0.0000      0.0000
      0.0000      0.0000      0.0000      0.0000      0.0000      0.0000
      0.0000      0.0000      0.0000      0.0000      0.0000      0.0000
      0.0000      0.0000      0.0000      0.0000      0.0000      0.0000
      0.0000      0.0000      0.0000      0.0000      0.0000      0.0000
      0.0000      0.0000      0.0000      0.0000      0.0000      0.0000
      0.0000      0.0000      0.0000      0.0000      0.0000      0.0000
      0.0000      0.0000      0.0000      0.0000      0.0000      0.0000
      0.0000      0.0000      0.0000      0.0000      0.0000      0.0000
      0.0000      0.0000      0.0000      0.0000      0.0000      0.0000

      0.0000      0.0000      0.0000      0.0000      0.0000      0.0000
      0.0000      0.0000      0.0000      0.0000      0.0000      0.0000
      0.0000      0.0000      0.0000      0.0000      0.0000      0.0000
      0.0000      0.0000      0.0000      0.0000      0.0000      0.0000
      0.0000      0.0000      0.0000      0.0000      0.0000      0.0000
      0.0000      0.0000      0.0000      0.0000      0.0000      0.0000
      0.0000      0.0000      0.0000      0.0000      0.0000      0.0000
      0.0000      0.0000      0.0000      0.0000      0.0000      0.0000
      0.0000      0.0000      0.0000      0.0000      0.0000      0.0000
      0.0000      0.0000      0.0000      0.0000      0.0000      0.0000
      0.0000      0.0000      0.0000      0.0000      0.0000      0.0000
      0.0000      0.0000      0.0000      0.0000      0.0000      0.0000
      0.0000      0.0000      0.0000      0.0000      0.0000      0.0000
      0.0000      0.0000      0.0000      0.0000      0.0000      0.0000
      0.0000      0.0000      0.0000      0.0000      0.0000      0.0000
      0.0000      0.0000      0.0000      0.0000      0.0000      0.0000

  USINE N]**- PRAD8H   **  **           7.5600
      0.0000      0.0000      0.0000      0.0000      0.0000      0.0000
      0.0000      0.0000      0.0000      0.0000      0.0000      0.0000
      0.0000      0.0000      0.0000      0.0000      0.0000      0.0000
      0.0000      0.0000      0.0000      0.0000      0.0000      0.0000
      0.0000      0.0000      0.0000      0.0000      0.0000      0.0000
      0.0000      3.7800      3.7800      0.0000      0.0000      0.0000
      0.0000      0.0000      0.0000      0.0000      0.0000      0.0000
      0.0000      0.0000      0.0000      0.0000      0.0000      0.0000
      0.0000      0.0000      0.0000      0.0000      0.0000      0.0000
      0.0000      0.0000      0.0000      0.0000      0.0000      0.0000
      0.0000      0.0000      0.0000      0.0000      0.0000      0.0000
      0.0000      0.0000      0.0000      0.0000      0.0000      0.0000
      0.0000      0.0000      0.0000      0.0000      0.0000      0.0000
      0.0000      0.0000      0.0000      0.0000      0.0000      0.0000
      0.0000      0.0000      0.0000      0.0000      0.0000      0.0000
      0.0000      0.0000      0.0000      0.0000      0.0000      0.0000

      0.0000      0.0000      0.0000      0.0000      0.0000      0.0000
      0.0000      0.0000      0.0000      0.0000      0.0000      0.0000
      0.0000      0.0000      0.0000      0.0000      0.0000      0.0000
      0.0000      0.0000      0.0000      0.0000      0.0000      0.0000
      0.0000      0.0000      0.0000      0.0000      0.0000      0.0000
      0.0000      3.7500      3.7500      0.0000      0.0000      0.0000
      0.0000      0.0000      0.0000      0.0000      0.0000      0.0000
      0.0000      0.0000      0.0000      0.0000      0.0000      0.0000
      0.0000      0.0000      0.0000      0.0000      0.0000      0.0000
      0.0000      0.0000      0.0000      0.0000      0.0000      0.0000
      0.0000      0.0000      0.0000      0.0000      0.0000      0.0000
      0.0000      0.0000      0.0000      0.0000      0.0000      0.0000
      0.0000      0.0000      0.0000      0.0000      0.0000      0.0000
      0.0000      0.0000      0.0000      0.0000      0.0000      0.0000
      0.0000      0.0000      0.0000      0.0000      0.0000      0.0000
      0.0000      0.0000      0.0000      0.0000      0.0000      0.0000

  USINE N]**- SOULCH   **  **          74.7000
      0.0000      0.0000      0.0000      0.0000      0.0000      0.0000
      0.0000      0.0000      0.0000      0.0000      0.0000      0.0000
      0.0000      0.0000      8.5500      8.5500      8.1000      0.0000
      0.0000      8.1000      8.1000      0.0000      0.0000      0.0000
      0.0000      0.0000      0.0000      0.0000      0.0000      0.0000
      0.0000      0.0000      0.0000      0.0000      8.5500      8.5500
      0.0000      0.0000      0.0000      0.0000      0.0000      0.0000
      0.0000      0.0000      0.0000      0.0000      0.0000      0.0000
      0.0000      0.0000      0.0000      0.0000      0.0000      0.0000
      0.0000      0.0000      0.0000      0.0000      0.0000      0.0000
      0.0000      0.0000      0.0000      0.0000      0.0000      0.0000
      0.0000      0.0000      0.0000      8.1000      8.1000      0.0000
      0.0000      0.0000      0.0000      0.0000      0.0000      0.0000
      0.0000      0.0000      0.0000      0.0000      0.0000      0.0000
      0.0000      0.0000      0.0000      0.0000      0.0000      0.0000
      0.0000      0.0000      0.0000      0.0000      0.0000      0.0000

      0.0000      0.0000      0.0000      0.0000      0.0000      0.0000
      0.0000      0.0000      0.0000      0.0000      0.0000      0.0000
      0.0000      0.0000      6.5000      6.5000      6.0000      0.0000
      0.0000      6.0000      6.0000      0.0000      0.0000      0.0000
      0.0000      0.0000      0.0000      0.0000      0.0000      0.0000
      0.0000      0.0000      0.0000      0.0000      6.5000      6.5000
      0.0000      0.0000      0.0000      0.0000      0.0000      0.0000
      0.0000      0.0000      0.0000      0.0000      0.0000      0.0000
      0.0000      0.0000      0.0000      0.0000      0.0000      0.0000
      0.0000      0.0000      0.0000      0.0000      0.0000      0.0000
      0.0000      0.0000      0.0000      0.0000      0.0000      0.0000
      0.0000      0.0000      0.0000      6.0000      6.0000      0.0000
      0.0000      0.0000      0.0000      0.0000      0.0000      0.0000
      0.0000      0.0000      0.0000      0.0000      0.0000      0.0000
      0.0000      0.0000      0.0000      0.0000      0.0000      0.0000
      0.0000      0.0000      0.0000      0.0000      0.0000      0.0000

  USINE N]**- AUZATH   **  **         635.2200
      5.7600      5.7600      5.7600      5.7600      5.7600      5.7600
      5.7600      5.7600      5.7600      5.7600      5.7600      5.7600
      5.7600      5.7600      5.7600      5.7600      5.7600     14.3100
     14.3100     13.8600      5.7600      5.7600     13.8600     13.8600
      5.7600      5.7600      5.7600      5.7600      5.7600      5.7600
      5.7600      5.7600      5.7600      5.7600      9.5400      9.5400
      5.7600     14.3100     14.3100      5.7600      5.7600      5.7600
      5.7600      5.7600      5.7600      5.7600      5.7600      5.7600
      5.7600      5.7600      5.7600      5.7600      5.7600      5.7600
      5.7600      5.7600      5.7600      5.7600      5.7600      5.7600
      5.7600      5.7600      5.7600      5.7600      5.7600      5.7600
      5.7600      5.7600      5.7600      5.7600      5.7600      5.7600
     13.8600     13.8600      5.7600      5.7600      5.7600      5.7600
      5.7600      5.7600      5.7600      5.7600      5.7600      5.7600
      5.7600      5.7600      5.7600      5.7600      5.7600      5.7600
      5.7600      5.7600      5.7600      5.7600      5.7600      5.7600

      5.1358      5.1358      5.1358      5.8592      5.1358      5.1358
      5.1358      5.1358      5.1358      5.1358      5.1358      5.8592
      5.8592      5.8592      5.8592      5.8592      5.8592     14.3642
     14.3642     13.9630      5.8592      5.1358     13.9630     13.9630
      5.8592      5.8592      5.8592      5.8592      5.8592      5.8592
      5.8592      5.8592      5.8592      5.1358      9.7042      9.7042
      5.8592     14.3642     14.3642      5.8592      5.8592      5.8592
      5.8592      5.8592      5.1358      5.8592      5.1358      5.1358
      5.8592      5.8592      5.1358      5.1358      5.8592      5.1358
      5.1358      5.8592      5.1358      5.8592      5.8592      5.8592
      5.8592      5.1358      5.8592      5.8592      5.8592      5.8592
      5.8592      5.8592      5.8592      5.8592      5.8592      5.8592
     13.9630     13.9630      5.8592      5.8592      5.8592      5.8592
      5.8592      5.8592      5.8592      5.1358      5.1358      5.1358
      5.8592      5.8592      5.8592      5.8592      5.8592      5.8592
      5.1358      5.1358      5.1358      5.8592      5.1358      5.1358

  USINE N]**- SABARH   **   0        2537.1000
     25.9200     25.9200     25.9200     25.5600     25.5600     25.5600
     25.5600     25.5600     25.5600     25.5600     25.5600     25.5600
     25.5600     25.5600     25.5600     25.5600     25.5600     25.5600
     25.5600     25.5600     34.1100     34.1100     33.6600     25.5600
     25.5600     33.6600     33.6600     25.5600     25.5600     25.5600
     25.5600     25.5600     25.5600     25.5600     25.5600     25.5600
     25.5600     29.3400     29.3400     25.5600     34.1100     34.1100
     25.5600     25.5600     25.5600     25.5600     25.5600     25.5600
     25.5600     25.5600     25.5600     25.5600     25.5600     25.5600
     25.5600     25.5600     25.5600     25.5600     25.5600     25.5600
     25.5600     25.5600     25.5600     25.5600     25.5600     25.5600
     25.5600     25.5600     25.5600     25.5600     25.5600     25.5600
     25.5600     25.5600     25.5600     33.6600     33.6600     25.5600
     25.5600     25.5600     25.5600     25.5600     25.5600     25.5600
     25.5600     25.5600     25.5600     25.5600     25.5600     25.5600
     25.5600     25.5600     25.5600     25.5600     25.5600     25.5600

     14.4000      0.0000      0.0000     14.2000     14.2000      0.0000
     14.2000      0.0000      0.0000     14.2000      0.0000     14.2000
     14.2000     14.2000     14.2000     14.2000     14.2000     14.2000
     14.2000     14.2000     16.0000     16.0000     16.0000     14.2000
     14.2000     16.0000     16.0000     14.2000     14.2000     14.2000
     14.2000     14.2000     14.2000     14.2000     14.2000     14.2000
     14.2000     16.0000     16.0000     14.2000     16.0000     16.0000
     14.2000     14.2000      0.0000     14.2000      0.0000      0.0000
     14.2000     14.2000     14.2000     14.2000     14.2000      0.0000
      0.0000     14.2000     14.2000     14.2000     14.2000     14.2000
     14.2000      0.0000     14.2000     14.2000     14.2000     14.2000
     14.2000     14.2000     14.2000     14.2000     14.2000     14.2000
     14.2000     14.2000     14.2000     16.0000     16.0000     14.2000
     14.2000     14.2000     14.2000     14.2000      0.0000     14.2000
     14.2000     14.2000     14.2000     14.2000     14.2000     14.2000
     14.2000      0.0000      0.0000     14.2000      0.0000     14.2000

   DONNEES POUR LA VALLEE N]35-AGOUT    DATE: 22/03/10     4 USINE(S)     4 RESERVOIR(S)
  LAC N]**- RAVIER     0.1000E+04      4.030           0.0000
  21297.0000  21297.0000  21297.0000  21297.0000  21297.0000  21297.0000
  21297.0000  21297.0000  21297.0000  21297.0000  21297.0000  21297.0000
  21297.0000  21297.0000  21297.0000  21297.0000  21297.0000  21297.0000
  21297.0000  21297.0000  21297.0000  21297.0000  21297.0000  21297.0000
  21297.0000  21297.0000  21297.0000  21297.0000  21297.0000  21297.0000
  21297.0000  21297.0000  21297.0000  21297.0000  21297.0000  21297.0000
  21297.0000  21297.0000  21297.0000  21297.0000  21297.0000  21297.0000
  21297.0000  21297.0000  21297.0000  21297.0000  21297.0000  21297.0000
  21297.0000  21297.0000  21297.0000  21297.0000  21297.0000  21297.0000
  21297.0000  21297.0000  21297.0000  21297.0000  21297.0000  21297.0000
  21297.0000  21297.0000  21297.0000  21297.0000  21297.0000  21297.0000
  21297.0000  21297.0000  21297.0000  21297.0000  21297.0000  21297.0000
  21297.0000  21297.0000  21297.0000  21297.0000  21297.0000  21297.0000
  21297.0000  21297.0000  21297.0000  21297.0000  21297.0000  21297.0000
  21297.0000  21297.0000  21297.0000  21297.0000  21297.0000  21297.0000
  21297.0000  21297.0000  21297.0000  21297.0000  21297.0000  21297.0000

  LAC N]**- PONVIR     0.1000E+04      0.000          -7.5600
    151.0800    152.1600    153.2400    154.3200    155.4000    156.4800
    157.5600    158.6400    159.7200    160.8000    161.8800    162.9600
    164.0400    165.1200    166.2000    167.2800    168.3600    144.0600
    119.7600    120.8400    121.9200    123.0000    124.0800    125.1600
    126.2400    127.3200    128.4000    129.4800    130.5600    131.6400
    132.7200    133.8000    134.8800    135.9600    137.0400    138.1200
    139.2000    140.2800    111.1200     81.9600     83.0400     84.1200
     85.2000     86.2800     87.3600     88.4400     89.5200     90.6000
     91.6800     92.7600     93.8400     94.9200     96.0000     97.0800
     98.1600     99.2400    100.3200    101.4000    102.4800    103.5600
    104.6400    105.7200    106.8000    107.8800    108.9600    110.0400
    111.1200    112.2000    113.2800    114.3600    115.4400    116.5200
    117.6000    118.6800    119.7600    120.8400    121.9200    123.0000
    124.0800    125.1600    126.2400    127.3200    128.4000    129.4800
    130.5600    131.6400    132.7200    133.8000    134.8800    135.9600
    137.0400    138.1200    139.2000    140.2800    141.3600    142.4400

  LAC N]**- RECORR     0.1000E+04      0.000          84.9600
    251.1400    255.2800    259.4200    263.5600    267.7000    271.8400
    275.9800    280.1200    284.2600    288.4000    292.5400    296.6800
    300.8200    304.9600    309.1000    313.2400    317.3800    308.5600
    285.7000    262.8400    285.8800    308.9200    286.0600    263.2000
    240.3400    238.0000    242.1400    246.2800    250.4200    254.5600
    258.7000    262.8400    266.9800    271.1200    275.2600    279.4000
    283.5400    287.6800    264.8200    241.9600    239.6200    267.5200
    295.4200    293.0800    290.7400    288.4000    286.0600    283.7200
    287.8600    292.0000    296.1400    300.2800    304.4200    308.5600
    312.7000    316.8400    320.9800    325.1200    329.2600    333.4000
    337.5400    341.6800    345.8200    349.9600    354.1000    358.2400
    345.4600    332.6800    330.3400    328.0000    325.6600    323.3200
    320.9800    318.6400    322.7800    326.9200    331.0600    335.2000
    339.3400    343.4800    347.6200    351.7600    355.9000    360.0400
    364.1800    368.3200    359.5000    350.6800    348.3400    346.0000
    343.6600    341.3200    338.9800    336.6400    334.3000    331.9600

  LAC N]**- CARLAR     0.1000E+04      0.000           0.0000
      0.0000      0.0000      0.0000      0.0000      0.0000      0.0000
      0.0000      0.0000      0.0000      0.0000      0.0000      0.0000
      0.0000      0.0000      0.0000      0.0000      0.0000      0.0000
      0.0000      0.0000      0.0000      0.0000      0.0000      0.0000
      0.0000      0.0000      0.0000      0.0000      0.0000      0.0000
      0.0000      0.0000      0.0000      0.0000      0.0000      0.0000
      0.0000      0.0000      0.0000      0.0000      0.0000      0.0000
      0.0000      0.0000      0.0000      0.0000      0.0000      0.0000
      0.0000      0.0000      0.0000      0.0000      0.0000      0.0000
      0.0000      0.0000      0.0000      0.0000      0.0000      0.0000
      0.0000      0.0000      0.0000      0.0000      0.0000      0.0000
      0.0000      0.0000      0.0000      0.0000      0.0000      0.0000
      0.0000      0.0000      0.0000      0.0000      0.0000      0.0000
      0.0000      0.0000      0.0000      0.0000      0.0000      0.0000
      0.0000      0.0000      0.0000      0.0000      0.0000      0.0000
      0.0000      0.0000      0.0000      0.0000      0.0000      0.0000

  USINE N]**- RAVIEH   **  **           0.0000
      0.0000      0.0000      0.0000      0.0000      0.0000      0.0000
      0.0000      0.0000      0.0000      0.0000      0.0000      0.0000
      0.0000      0.0000      0.0000      0.0000      0.0000      0.0000
      0.0000      0.0000      0.0000      0.0000      0.0000      0.0000
      0.0000      0.0000      0.0000      0.0000      0.0000      0.0000
      0.0000      0.0000      0.0000      0.0000      0.0000      0.0000
      0.0000      0.0000      0.0000      0.0000      0.0000      0.0000
      0.0000      0.0000      0.0000      0.0000      0.0000      0.0000
      0.0000      0.0000      0.0000      0.0000      0.0000      0.0000
      0.0000      0.0000      0.0000      0.0000      0.0000      0.0000
      0.0000      0.0000      0.0000      0.0000      0.0000      0.0000
      0.0000      0.0000      0.0000      0.0000      0.0000      0.0000
      0.0000      0.0000      0.0000      0.0000      0.0000      0.0000
      0.0000      0.0000      0.0000      0.0000      0.0000      0.0000
      0.0000      0.0000      0.0000      0.0000      0.0000      0.0000
      0.0000      0.0000      0.0000      0.0000      0.0000      0.0000

      0.0000      0.0000      0.0000      0.0000      0.0000      0.0000
      0.0000      0.0000      0.0000      0.0000      0.0000      0.0000
      0.0000      0.0000      0.0000      0.0000      0.0000      0.0000
      0.0000      0.0000      0.0000      0.0000      0.0000      0.0000
      0.0000      0.0000      0.0000      0.0000      0.0000      0.0000
      0.0000      0.0000      0.0000      0.0000      0.0000      0.0000
      0.0000      0.0000      0.0000      0.0000      0.0000      0.0000
      0.0000      0.0000      0.0000      0.0000      0.0000      0.0000
      0.0000      0.0000      0.0000      0.0000      0.0000      0.0000
      0.0000      0.0000      0.0000      0.0000      0.0000      0.0000
      0.0000      0.0000      0.0000      0.0000      0.0000      0.0000
      0.0000      0.0000      0.0000      0.0000      0.0000      0.0000
      0.0000      0.0000      0.0000      0.0000      0.0000      0.0000
      0.0000      0.0000      0.0000      0.0000      0.0000      0.0000
      0.0000      0.0000      0.0000      0.0000      0.0000      0.0000
      0.0000      0.0000      0.0000      0.0000      0.0000      0.0000

  USINE N]**- BRAS5H   **  **         180.3600
      0.7200      0.7200      0.7200      0.7200      0.7200      0.7200
      0.7200      0.7200      0.7200      0.7200      0.7200      0.7200
      0.7200      0.7200      0.7200      0.7200      0.7200     26.1000
     26.1000      0.7200      0.7200      0.7200      0.7200      0.7200
      0.7200      0.7200      0.7200      0.7200      0.7200      0.7200
      0.7200      0.7200      0.7200      0.7200      0.7200      0.7200
      0.7200      0.7200     30.9600     30.9600      0.7200      0.7200
      0.7200      0.7200      0.7200      0.7200      0.7200      0.7200
      0.7200      0.7200      0.7200      0.7200      0.7200      0.7200
      0.7200      0.7200      0.7200      0.7200      0.7200      0.7200
      0.7200      0.7200      0.7200      0.7200      0.7200      0.7200
      0.7200      0.7200      0.7200      0.7200      0.7200      0.7200
      0.7200      0.7200      0.7200      0.7200      0.7200      0.7200
      0.7200      0.7200      0.7200      0.7200      0.7200      0.7200
      0.7200      0.7200      0.7200      0.7200      0.7200      0.7200
      0.7200      0.7200      0.7200      0.7200      0.7200      0.7200

      0.5000      0.5000      0.5000      0.5000      0.5000      0.5000
      0.5000      0.5000      0.5000      0.5000      0.5000      0.5000
      0.5000      0.5000      0.5000      0.5000      0.5000      8.5000
      8.5000      0.5000      0.5000      0.5000      0.5000      0.5000
      0.5000      0.5000      0.5000      0.5000      0.5000      0.5000
      0.5000      0.5000      0.5000      0.5000      0.5000      0.5000
      0.5000      0.5000     10.0000     10.0000      0.5000      0.5000
      0.5000      0.5000      0.5000      0.5000      0.5000      0.5000
      0.5000      0.5000      0.5000      0.5000      0.5000      0.5000
      0.5000      0.5000      0.5000      0.5000      0.5000      0.5000
      0.5000      0.5000      0.5000      0.5000      0.5000      0.5000
      0.5000      0.5000      0.5000      0.5000      0.5000      0.5000
      0.5000      0.5000      0.5000      0.5000      0.5000      0.5000
      0.5000      0.5000      0.5000      0.5000      0.5000      0.5000
      0.5000      0.5000      0.5000      0.5000      0.5000      0.5000
      0.5000      0.5000      0.5000      0.5000      0.5000      0.5000

  USINE N]**- LUZI2H   **  **         423.7200
      0.0000      0.0000      0.0000      0.0000      0.0000      0.0000
      0.0000      0.0000      0.0000      0.0000      0.0000      0.0000
      0.0000      0.0000      0.0000      0.0000      0.0000     12.9600
     27.0000     27.0000      6.4800      6.4800     27.0000     27.0000
     27.0000      6.4800      0.0000      0.0000      0.0000      0.0000
      0.0000      0.0000      0.0000      0.0000      0.0000      0.0000
      0.0000      0.0000     27.0000     27.0000      6.4800      6.4800
      6.4800      6.4800      6.4800      6.4800      6.4800      6.4800
      0.0000      0.0000      0.0000      0.0000      0.0000      0.0000
      0.0000      0.0000      0.0000      0.0000      0.0000      0.0000
      0.0000      0.0000      0.0000      0.0000      0.0000      0.0000
     16.9200     16.9200      6.4800      6.4800      6.4800      6.4800
      6.4800      6.4800      0.0000      0.0000      0.0000      0.0000
      0.0000      0.0000      0.0000      0.0000      0.0000      0.0000
      0.0000      0.0000     12.9600     12.9600      6.4800      6.4800
      6.4800      6.4800      6.4800      6.4800      6.4800      6.4800

      0.0000      0.0000      0.0000      0.0000      0.0000      0.0000
      0.0000      0.0000      0.0000      0.0000      0.0000      0.0000
      0.0000      0.0000      0.0000      0.0000      0.0000      4.0000
      8.0000      8.0000      2.0000      2.0000      8.0000      8.0000
      8.0000      2.0000      0.0000      0.0000      0.0000      0.0000
      0.0000      0.0000      0.0000      0.0000      0.0000      0.0000
      0.0000      0.0000      8.0000      8.0000      2.0000      2.0000
      2.0000      2.0000      2.0000      2.0000      2.0000      2.0000
      0.0000      0.0000      0.0000      0.0000      0.0000      0.0000
      0.0000      0.0000      0.0000      0.0000      0.0000      0.0000
      0.0000      0.0000      0.0000      0.0000      0.0000      0.0000
      5.0000      5.0000      2.0000      2.0000      2.0000      2.0000
      2.0000      2.0000      0.0000      0.0000      0.0000      0.0000
      0.0000      0.0000      0.0000      0.0000      0.0000      0.0000
      0.0000      0.0000      4.0000      4.0000      2.0000      2.0000
      2.0000      2.0000      2.0000      2.0000      2.0000      2.0000

  USINE N]**- CARLAH   **   0        1045.8000
      6.4800      6.4800      6.4800      6.4800      6.4800      6.4800
      6.4800      6.4800      6.4800      6.4800      6.4800      6.4800
      6.4800      6.4800      6.4800      6.4800      6.4800     19.4400
     33.4800     33.4800     12.9600     12.9600     33.4800     33.4800
     33.4800     12.9600      6.4800      6.4800      6.4800      6.4800
      6.4800      6.4800      6.4800      6.4800      6.4800      6.4800
      6.4800      6.4800     33.4800     33.4800     12.9600     12.9600
     12.9600     12.9600     12.9600     12.9600     12.9600     12.9600
      6.4800      6.4800      6.4800      6.4800      6.4800      6.4800
      6.4800      6.4800      6.4800      6.4800      6.4800      6.4800
      6.4800      6.4800      6.4800      6.4800      6.4800      6.4800
     23.4000     23.4000     12.9600     12.9600     12.9600     12.9600
     12.9600     12.9600      6.4800      6.4800      6.4800      6.4800
      6.4800      6.4800      6.4800      6.4800      6.4800      6.4800
      6.4800      6.4800     19.4400     19.4400     12.9600     12.9600
     12.9600     12.9600     12.9600     12.9600     12.9600     12.9600

      1.9200      1.9200      1.9200      1.9200      1.9200      1.9200
      1.9200      1.9200      1.9200      1.9200      1.9200      1.9200
      1.9200      1.9200      1.9200      1.9200      1.9200      5.7600
      9.9200      9.9200      3.8400      3.8400      9.9200      9.9200
      9.9200      3.8400      1.9200      1.9200      1.9200      1.9200
      1.9200      1.9200      1.9200      1.9200      1.9200      1.9200
      1.9200      1.9200      9.9200      9.9200      3.8400      3.8400
      3.8400      3.8400      3.8400      3.8400      3.8400      3.8400
      1.9200      1.9200      1.9200      1.9200      1.9200      1.9200
      1.9200      1.9200      1.9200      1.9200      1.9200      1.9200
      1.9200      1.9200      1.9200      1.9200      1.9200      1.9200
      6.9333      6.9333      3.8400      3.8400      3.8400      3.8400
      3.8400      3.8400      1.9200      1.9200      1.9200      1.9200
      1.9200      1.9200      1.9200      1.9200      1.9200      1.9200
      1.9200      1.9200      5.7600      5.7600      3.8400      3.8400
      3.8400      3.8400      3.8400      3.8400      3.8400      3.8400

