   DONNEES POUR LA VALLEE N]11-ROYA     DATE: 22/06/10     4 USINE(S)     4 RESERVOIR(S)
  LAC N]64- SSDALR     0.1000E+04      3.580          -2.8800
    512.8789    518.2789    523.6789    529.0789    534.4789    539.8789
    545.2789    550.6789    556.0789    561.4789    566.8789    572.2789
    577.6789    583.0789    588.4789    593.8789    599.2789    604.6789
    610.0789    615.4789    620.8789    626.2789    631.6789    637.0789
    630.9589    624.8389    618.7189    612.5989    606.4789    600.3589
    594.2389    588.1189    581.9989    584.5189    587.0389    580.9189
    574.7989    577.3189    579.8389    582.3589    576.2389    570.1189
    575.5189    580.9189    586.3189    580.1989    574.0789    567.9589
    561.8389    567.2389    572.6389    578.0389    583.4389    588.8389
    594.2389    599.6389    605.0389    610.4389    615.8389    621.2389
    615.1189    608.9989    602.8789    596.7589    593.5189    590.2789
    587.0389    580.9189    574.7989    568.6789    562.5589    556.4389
    556.0789    555.7189    555.3589    549.2389    543.1189    545.6389
    548.1589    550.6789    553.1989    555.7189    549.5989    543.4789
    537.3589    531.2389    525.1189    518.9989    512.8789    518.2789
    523.6789    529.0789    534.4789    528.3589    522.2389    516.1189

  LAC N]65- PAGANR     0.1000E+04      0.000           0.0000
      0.0000      0.0000      0.0000      0.0000      0.0000      0.0000
      0.0000      0.0000      0.0000      0.0000      0.0000      0.0000
      0.0000      0.0000      0.0000      0.0000      0.0000      0.0000
      0.0000      0.0000      0.0000      0.0000      0.0000      0.0000
      0.0000      0.0000      0.0000      0.0000      0.0000      0.0000
      0.0000      0.0000      0.0000      0.0000      0.0000      0.0000
      0.0000      0.0000      0.0000      0.0000      0.0000      0.0000
      0.0000      0.0000      0.0000      0.0000      0.0000      0.0000
      0.0000      0.0000      0.0000      0.0000      0.0000      0.0000
      0.0000      0.0000      0.0000      0.0000      0.0000      0.0000
      0.0000      0.0000      0.0000      0.0000      0.0000      0.0000
      0.0000      0.0000      0.0000      0.0000      0.0000      0.0000
      0.0000      0.0000      0.0000      0.0000      0.0000      0.0000
      0.0000      0.0000      0.0000      0.0000      0.0000      0.0000
      0.0000      0.0000      0.0000      0.0000      0.0000      0.0000
      0.0000      0.0000      0.0000      0.0000      0.0000      0.0000

  LAC N]66- FTAN R     0.1000E+04      0.000           0.0000
      0.0000      0.0000      0.0000      0.0000      0.0000      0.0000
      0.0000      0.0000      0.0000      0.0000      0.0000      0.0000
      0.0000      0.0000      0.0000      0.0000      0.0000      0.0000
      0.0000      0.0000      0.0000      0.0000      0.0000      0.0000
      0.0000      0.0000      0.0000      0.0000      0.0000      0.0000
      0.0000      0.0000      0.0000      0.0000      0.0000      0.0000
      0.0000      0.0000      0.0000      0.0000      0.0000      0.0000
      0.0000      0.0000      0.0000      0.0000      0.0000      0.0000
      0.0000      0.0000      0.0000      0.0000      0.0000      0.0000
      0.0000      0.0000      0.0000      0.0000      0.0000      0.0000
      0.0000      0.0000      0.0000      0.0000      0.0000      0.0000
      0.0000      0.0000      0.0000      0.0000      0.0000      0.0000
      0.0000      0.0000      0.0000      0.0000      0.0000      0.0000
      0.0000      0.0000      0.0000      0.0000      0.0000      0.0000
      0.0000      0.0000      0.0000      0.0000      0.0000      0.0000
      0.0000      0.0000      0.0000      0.0000      0.0000      0.0000

  LAC N]67- BREILR     0.1000E+04      0.000           0.0000
      0.0000      0.0000      0.0000      0.0000      0.0000      0.0000
      0.0000      0.0000      0.0000      0.0000      0.0000      0.0000
      0.0000      0.0000      0.0000      0.0000      0.0000      0.0000
      0.0000      0.0000      0.0000      0.0000      0.0000      0.0000
      0.0000      0.0000      0.0000      0.0000      0.0000      0.0000
      0.0000      0.0000      0.0000      0.0000      0.0000      0.0000
      0.0000      0.0000      0.0000      0.0000      0.0000      0.0000
      0.0000      0.0000      0.0000      0.0000      0.0000      0.0000
      0.0000      0.0000      0.0000      0.0000      0.0000      0.0000
      0.0000      0.0000      0.0000      0.0000      0.0000      0.0000
      0.0000      0.0000      0.0000      0.0000      0.0000      0.0000
      0.0000      0.0000      0.0000      0.0000      0.0000      0.0000
      0.0000      0.0000      0.0000      0.0000      0.0000      0.0000
      0.0000      0.0000      0.0000      0.0000      0.0000      0.0000
      0.0000      0.0000      0.0000      0.0000      0.0000      0.0000
      0.0000      0.0000      0.0000      0.0000      0.0000      0.0000

  USINE N]78- SSDALH   64  65         521.2800
     11.5200      0.0000      0.0000      0.0000      0.0000      0.0000
      0.0000      0.0000      0.0000      0.0000      0.0000      0.0000
      0.0000      0.0000      0.0000      0.0000      0.0000      0.0000
      0.0000      0.0000      0.0000      0.0000      0.0000      0.0000
     11.5200     11.5200     11.5200     11.5200     11.5200     11.5200
     11.5200     11.5200     11.5200      2.8800      2.8800     11.5200
     11.5200      2.8800      2.8800      2.8800     11.5200     11.5200
      0.0000      0.0000      0.0000     11.5200     11.5200     11.5200
     11.5200      0.0000      0.0000      0.0000      0.0000      0.0000
      0.0000      0.0000      0.0000      0.0000      0.0000      0.0000
     11.5200     11.5200     11.5200     11.5200      8.6400      8.6400
      8.6400     11.5200     11.5200     11.5200     11.5200     11.5200
      5.7600      5.7600      5.7600     11.5200     11.5200      2.8800
      2.8800      2.8800      2.8800      2.8800     11.5200     11.5200
     11.5200     11.5200     11.5200     11.5200     11.5200      0.0000
      0.0000      0.0000      0.0000     11.5200     11.5200     11.5200

     20.0000      0.0000      0.0000      0.0000      0.0000      0.0000
      0.0000      0.0000      0.0000      0.0000      0.0000      0.0000
      0.0000      0.0000      0.0000      0.0000      0.0000      0.0000
      0.0000      0.0000      0.0000      0.0000      0.0000      0.0000
     20.0000     20.0000     20.0000     20.0000     20.0000     20.0000
     20.0000     20.0000     20.0000      5.0000      5.0000     20.0000
     20.0000      5.0000      5.0000      5.0000     20.0000     20.0000
      0.0000      0.0000      0.0000     20.0000     20.0000     20.0000
     20.0000      0.0000      0.0000      0.0000      0.0000      0.0000
      0.0000      0.0000      0.0000      0.0000      0.0000      0.0000
     20.0000     20.0000     20.0000     20.0000     15.0000     15.0000
     15.0000     20.0000     20.0000     20.0000     20.0000     20.0000
     10.0000     10.0000     10.0000     20.0000     20.0000      5.0000
      5.0000      5.0000      5.0000      5.0000     20.0000     20.0000
     20.0000     20.0000     20.0000     20.0000     20.0000      0.0000
      0.0000      0.0000      0.0000     20.0000     20.0000     20.0000

  USINE N]79- PAGANH   65  66         970.5600
     16.2000      4.6800      4.6800      4.6800      4.6800      4.6800
      4.6800      4.6800      4.6800      4.6800      4.6800      4.6800
      4.6800      4.6800      4.6800      4.6800      4.6800      4.6800
      4.6800      4.6800      4.6800      4.6800      4.6800      4.6800
     16.2000     16.2000     16.2000     16.2000     16.2000     16.2000
     16.2000     16.2000     16.2000      7.5600      7.5600     16.2000
     16.2000      7.5600      7.5600      7.5600     16.2000     16.2000
      4.6800      4.6800      4.6800     16.2000     16.2000     16.2000
     16.2000      4.6800      4.6800      4.6800      4.6800      4.6800
      4.6800      4.6800      4.6800      4.6800      4.6800      4.6800
     16.2000     16.2000     16.2000     16.2000     13.3200     13.3200
     13.3200     16.2000     16.2000     16.2000     16.2000     16.2000
     10.4400     10.4400     10.4400     16.2000     16.2000      7.5600
      7.5600      7.5600      7.5600      7.5600     16.2000     16.2000
     16.2000     16.2000     16.2000     16.2000     16.2000      4.6800
      4.6800      4.6800      4.6800     16.2000     16.2000     16.2000

      4.5000      1.3000      1.3000      1.3000      1.3000      1.3000
      1.3000      1.3000      1.3000      1.3000      1.3000      1.3000
      1.3000      1.3000      1.3000      1.3000      1.3000      1.3000
      1.3000      1.3000      1.3000      1.3000      1.3000      1.3000
      4.5000      4.5000      4.5000      4.5000      4.5000      4.5000
      4.5000      4.5000      4.5000      2.1000      2.1000      4.5000
      4.5000      2.1000      2.1000      2.1000      4.5000      4.5000
      1.3000      1.3000      1.3000      4.5000      4.5000      4.5000
      4.5000      1.3000      1.3000      1.3000      1.3000      1.3000
      1.3000      1.3000      1.3000      1.3000      1.3000      1.3000
      4.5000      4.5000      4.5000      4.5000      3.7000      3.7000
      3.7000      4.5000      4.5000      4.5000      4.5000      4.5000
      2.9000      2.9000      2.9000      4.5000      4.5000      2.1000
      2.1000      2.1000      2.1000      2.1000      4.5000      4.5000
      4.5000      4.5000      4.5000      4.5000      4.5000      1.3000
      1.3000      1.3000      1.3000      4.5000      4.5000      4.5000

  USINE N]80- FTAN H   66  67         970.5600
     16.2000      4.6800      4.6800      4.6800      4.6800      4.6800
      4.6800      4.6800      4.6800      4.6800      4.6800      4.6800
      4.6800      4.6800      4.6800      4.6800      4.6800      4.6800
      4.6800      4.6800      4.6800      4.6800      4.6800      4.6800
     16.2000     16.2000     16.2000     16.2000     16.2000     16.2000
     16.2000     16.2000     16.2000      7.5600      7.5600     16.2000
     16.2000      7.5600      7.5600      7.5600     16.2000     16.2000
      4.6800      4.6800      4.6800     16.2000     16.2000     16.2000
     16.2000      4.6800      4.6800      4.6800      4.6800      4.6800
      4.6800      4.6800      4.6800      4.6800      4.6800      4.6800
     16.2000     16.2000     16.2000     16.2000     13.3200     13.3200
     13.3200     16.2000     16.2000     16.2000     16.2000     16.2000
     10.4400     10.4400     10.4400     16.2000     16.2000      7.5600
      7.5600      7.5600      7.5600      7.5600     16.2000     16.2000
     16.2000     16.2000     16.2000     16.2000     16.2000      4.6800
      4.6800      4.6800      4.6800     16.2000     16.2000     16.2000

      3.8750      1.1781      1.1781      1.1781      1.1781      0.9750
      1.1781      1.1781      1.1781      1.1781      1.1781      1.1781
      1.1781      1.1781      0.9750      1.1781      1.1781      1.1781
      1.1781      1.1781      1.1781      1.1781      1.1781      1.1781
      3.8750      3.8750      3.8750      3.8750      3.8750      3.8750
      3.8750      3.8750      3.8750      1.9031      1.9031      3.8750
      3.8750      1.9031      1.9031      1.9031      3.8750      3.8750
      1.1781      1.1781      1.1781      3.8750      3.8750      3.8750
      3.8750      0.9750      1.1781      1.1781      1.1781      1.1781
      1.1781      1.1781      0.9750      1.1781      1.1781      0.9750
      3.8750      3.8750      3.8750      3.8750      3.2750      3.2750
      3.2750      3.8750      3.8750      3.8750      3.8750      3.8750
      2.3469      2.6281      2.3469      3.8750      3.8750      1.9031
      1.9031      1.9031      1.9031      1.9031      3.8750      3.8750
      3.8750      3.8750      3.8750      3.7969      3.8750      1.1781
      1.1781      1.1781      0.9750      3.8750      3.7969      3.8750

  USINE N]81- BREILH   67   0        1348.2000
     21.6000     21.6000     21.6000     21.6000     21.6000     19.8000
      8.2800      8.2800      8.2800      8.2800      8.2800      8.2800
      8.2800      8.2800      8.2800      8.2800      8.2800      8.2800
      8.2800      8.2800      8.2800      8.2800      8.2800      8.2800
      8.2800      8.2800      8.2800      8.2800      8.2800     19.8000
     19.8000     19.8000     19.8000     19.8000     19.8000     19.8000
     19.8000     19.8000     11.1600     11.1600     19.8000     19.8000
     11.1600     11.1600     11.1600     19.8000     19.8000      8.2800
      8.2800      8.2800     19.8000     19.8000     19.8000     19.8000
      8.2800      8.2800      8.2800      8.2800      8.2800      8.2800
      8.2800      8.2800      8.2800      8.2800      8.2800     19.8000
     19.8000     19.8000     19.8000     16.9200     16.9200     16.9200
     19.8000     19.8000     19.8000     19.8000     19.8000     14.0400
     14.0400     14.0400     19.8000     19.8000     11.1600     11.1600
     11.1600     11.1600     11.1600     19.8000     19.8000     19.8000
     19.8000     19.8000     19.8000     19.8000      8.2800      8.2800

      3.0750      3.0689      3.0689      3.0689      3.0689      2.7986
      1.2250      1.2250      1.2250      1.2250      1.2250      1.2250
      1.2250      1.2250      1.1500      1.2250      1.2250      1.2250
      1.2250      1.2250      1.2250      1.2250      1.2250      1.2250
      1.2250      1.2250      1.2250      1.2250      1.2250      2.8250
      2.8250      2.8250      2.8250      2.7986      2.8250      2.8250
      2.8250      2.8250      1.6250      1.6250      2.8250      2.8250
      1.6250      1.6250      1.6250      2.8250      2.8250      1.2250
      1.2250      1.1500      2.8250      2.8250      2.8250      2.8250
      1.2250      1.2250      1.1500      1.2250      1.2250      1.1500
      1.2250      1.2250      1.2250      1.2250      1.2250      2.8250
      2.8250      2.8250      2.8250      2.4250      2.4250      2.4250
      2.7986      2.8250      2.7986      2.8250      2.8250      2.0250
      2.0250      2.0250      2.8250      2.8250      1.6250      1.6250
      1.6250      1.6250      1.6250      2.7986      2.8250      2.8250
      2.8250      2.8250      2.7986      2.8250      1.1500      1.2250

   DONNEES POUR LA VALLEE N]12-SSCASSIE DATE: 22/06/10     1 USINE(S)     1 RESERVOIR(S)
  LAC N]68- SSCASR     0.1000E+04      1.500        -241.2000
  25443.5240  25457.0240  25470.5240  25484.0240  25497.5240  25511.0240
  25524.5240  25538.0240  25551.5240  25565.0240  25578.5240  25592.0240
  25605.5240  25619.0240  25632.5240  25613.6240  25594.7240  25575.8240
  25569.5240  25563.2240  25544.3240  25525.4240  25506.5240  25487.6240
  25468.7240  25449.8240  25430.9240  25412.0240  25405.7240  25399.4240
  25380.5240  25361.6240  25342.7240  25356.2240  25369.7240  25350.8240
  25331.9240  25313.0240  25294.1240  25275.2240  25256.3240  25269.8240
  25283.3240  25296.8240  25310.3240  25291.4240  25272.5240  25253.6240
  25234.7240  25248.2240  25261.7240  25275.2240  25288.7240  25302.2240
  25315.7240  25329.2240  25342.7240  25356.2240  25369.7240  25383.2240
  25396.7240  25410.2240  25423.7240  25404.8240  25385.9240  25367.0240
  25348.1240  25329.2240  25310.3240  25323.8240  25337.3240  25350.8240
  25364.3240  25345.4240  25326.5240  25307.6240  25288.7240  25302.2240
  25315.7240  25329.2240  25310.3240  25291.4240  25272.5240  25253.6240
  25234.7240  25248.2240  25261.7240  25275.2240  25256.3240  25237.4240
  25218.5240  25199.6240  25180.7240  25161.8240  25175.3240  25188.8240

  USINE N]82- SSCASH   68   0        1537.2000
      0.0000      0.0000      0.0000      0.0000      0.0000      0.0000
      0.0000      0.0000      0.0000      0.0000      0.0000      0.0000
      0.0000      0.0000      0.0000     32.4000     32.4000     32.4000
     19.8000     19.8000     32.4000     32.4000     32.4000     32.4000
     32.4000     32.4000     32.4000     32.4000     19.8000     19.8000
     32.4000     32.4000     32.4000      0.0000      0.0000     32.4000
     32.4000     32.4000     32.4000     32.4000     32.4000      0.0000
      0.0000      0.0000      0.0000     32.4000     32.4000     32.4000
     32.4000      0.0000      0.0000      0.0000      0.0000      0.0000
      0.0000      0.0000      0.0000      0.0000      0.0000      0.0000
      0.0000      0.0000      0.0000     32.4000     32.4000     32.4000
     32.4000     32.4000     32.4000      0.0000      0.0000      0.0000
      0.0000     32.4000     32.4000     32.4000     32.4000      0.0000
      0.0000      0.0000     32.4000     32.4000     32.4000     32.4000
     32.4000      0.0000      0.0000      0.0000     32.4000     32.4000
     32.4000     32.4000     32.4000     32.4000      0.0000      0.0000

      0.0000      0.0000      0.0000      0.0000      0.0000      0.0000
      0.0000      0.0000      0.0000      0.0000      0.0000      0.0000
      0.0000      0.0000      0.0000      9.0000      9.0000      9.0000
      4.7500      4.7500      9.0000      9.0000      9.0000      9.0000
      9.0000      9.0000      9.0000      9.0000      4.7500      4.7500
      9.0000      9.0000      9.0000      0.0000      0.0000      9.0000
      9.0000      9.0000      9.0000      9.0000      9.0000      0.0000
      0.0000      0.0000      0.0000      9.0000      9.0000      9.0000
      9.0000      0.0000      0.0000      0.0000      0.0000      0.0000
      0.0000      0.0000      0.0000      0.0000      0.0000      0.0000
      0.0000      0.0000      0.0000      9.0000      9.0000      9.0000
      9.0000      9.0000      9.0000      0.0000      0.0000      0.0000
      0.0000      9.0000      9.0000      9.0000      9.0000      0.0000
      0.0000      0.0000      9.0000      9.0000      9.0000      9.0000
      9.0000      0.0000      0.0000      0.0000      9.0000      9.0000
      9.0000      9.0000      9.0000      9.0000      0.0000      0.0000

   DONNEES POUR LA VALLEE N]21-CERE     DATE: 22/06/10     8 USINE(S)     6 RESERVOIR(S)
  LAC N]87- SSCANR     0.1000E+04      4.970       -2393.8199
  85265.1200  85265.1200  85265.1200  85265.1200  85265.1200  85265.1200
  85265.1200  85265.1200  85265.1200  85265.1200  85265.1200  85265.1200
  85265.1200  85159.6400  85054.1600  84948.6800  84948.6800  84948.6800
  84948.6800  84948.6800  84948.6800  84948.6800  84858.5000  84768.3200
  84768.3200  84662.8400  84557.3600  84557.3600  84557.3600  84557.3600
  84557.3600  84557.3600  84467.1800  84377.0000  84286.8200  84286.8200
  84286.8200  84181.3400  84075.8600  84075.8600  84075.8600  84075.8600
  84075.8600  84075.8600  84075.8600  84075.8600  84075.8600  84075.8600
  84075.8600  84075.8600  84075.8600  84075.8600  84075.8600  84075.8600
  84075.8600  84075.8600  84075.8600  84075.8600  84075.8600  84075.8600
  84075.8600  84075.8600  84075.8600  83970.3800  83864.9000  83759.4200
  83759.4200  83669.2400  83579.0600  83579.0600  83579.0600  83579.0600
  83579.0600  83579.0600  83579.0600  83579.0600  83579.0600  83579.0600
  83579.0600  83579.0600  83579.0600  83579.0600  83579.0600  83579.0600
  83579.0600  83579.0600  83473.5800  83368.1001  83262.6201  83262.6201
  83262.6201  83262.6201  83262.6201  83066.9601  82871.3001  82871.3001

  LAC N]88- NEPESR     0.1000E+04      0.000         -77.4760
    847.2560    821.5160    786.7760    739.4360    692.0960    644.7560
    597.4160    550.0760    502.7360    455.3960    408.0560    353.5160
    298.9760    251.6360    309.7760    367.9160    418.8560    364.3160
    309.7760    262.4360    207.8960    153.3560     98.8160    141.6560
    178.8401    131.5001    189.6401    260.3801    243.6401    226.9001
    226.3601    227.6200    228.8800    320.3200    411.7600    503.2000
    504.4600    505.7200    612.4600    719.2000    720.4600    721.7200
    722.9800    724.2400    725.5000    726.7600    728.0200    729.2800
    730.5400    731.8000    733.0600    734.3200    735.5800    735.0400
    727.3000    710.5600    684.8200    650.0800    615.3400    580.6000
    545.8600    511.1200    476.3800    441.6400    512.3800    583.1200
    653.8600    619.1200    674.5600    730.0000    695.2600    660.5200
    625.7800    591.0400    556.3000    521.5600    486.8200    452.0800
    426.3400    400.6000    365.8600    331.1200    296.3800    261.6400
    226.9000    192.1600    157.4200    228.1600    298.9000    387.6400
    388.9000    390.1600    391.4200    392.6800    589.6000    786.5200

  LAC N]89- MTVERR     0.1000E+04      0.000           0.0000
      0.0000      0.0000      0.0000      0.0000      0.0000      0.0000
      0.0000      0.0000      0.0000      0.0000      0.0000      0.0000
      0.0000      0.0000      0.0000      0.0000      0.0000      0.0000
      0.0000      0.0000      0.0000      0.0000      0.0000      0.0000
      0.0000      0.0000      0.0000      0.0000      0.0000      0.0000
      0.0000      0.0000      0.0000      0.0000      0.0000      0.0000
      0.0000      0.0000      0.0000      0.0000      0.0000      0.0000
      0.0000      0.0000      0.0000      0.0000      0.0000      0.0000
      0.0000      0.0000      0.0000      0.0000      0.0000      0.0000
      0.0000      0.0000      0.0000      0.0000      0.0000      0.0000
      0.0000      0.0000      0.0000      0.0000      0.0000      0.0000
      0.0000      0.0000      0.0000      0.0000      0.0000      0.0000
      0.0000      0.0000      0.0000      0.0000      0.0000      0.0000
      0.0000      0.0000      0.0000      0.0000      0.0000      0.0000
      0.0000      0.0000      0.0000      0.0000      0.0000      0.0000
      0.0000      0.0000      0.0000      0.0000      0.0000      0.0000

  LAC N]90- CAMPSR     0.1000E+04      0.000           0.0000
      0.0000      0.0000      0.0000      0.0000      0.0000      0.0000
      0.0000      0.0000      0.0000      0.0000      0.0000      0.0000
      0.0000      0.0000      0.0000      0.0000      0.0000      0.0000
      0.0000      0.0000      0.0000      0.0000      0.0000      0.0000
      0.0000      0.0000      0.0000      0.0000      0.0000      0.0000
      0.0000      0.0000      0.0000      0.0000      0.0000      0.0000
      0.0000      0.0000      0.0000      0.0000      0.0000      0.0000
      0.0000      0.0000      0.0000      0.0000      0.0000      0.0000
      0.0000      0.0000      0.0000      0.0000      0.0000      0.0000
      0.0000      0.0000      0.0000      0.0000      0.0000      0.0000
      0.0000      0.0000      0.0000      0.0000      0.0000      0.0000
      0.0000      0.0000      0.0000      0.0000      0.0000      0.0000
      0.0000      0.0000      0.0000      0.0000      0.0000      0.0000
      0.0000      0.0000      0.0000      0.0000      0.0000      0.0000
      0.0000      0.0000      0.0000      0.0000      0.0000      0.0000
      0.0000      0.0000      0.0000      0.0000      0.0000      0.0000

  LAC N]91- BRUG1R     0.1000E+04      0.000         -58.9641
    297.0986    292.5986    288.0986    283.5986    279.0986    287.1986
    289.8986    305.1986    329.4986    350.1986    383.4986    429.3986
    475.2986    508.5986    529.2986    537.3986    532.8986    515.7986
    493.2986    470.7986    441.0986    411.3986    381.6986    371.7986
    361.8986    339.3986    309.6986    299.7986    302.4986    317.7986
    338.4986    377.4546    410.7546    456.6546    489.9546    492.6546
    495.3546    469.2546    441.3546    426.0546    410.7546    408.0546
    411.6546    415.2546    418.8546    416.1546    413.4546    410.7546
    408.0546    411.6546    415.2546    418.8546    418.8546    418.8546
    418.8546    418.8546    418.8546    418.8546    418.8546    412.5546
    395.4546    372.9546    346.8546    320.7546    291.0546    248.7546
    206.4546    173.1546    152.4546    147.9546    143.4546    138.9546
    134.4546    117.3546    100.2546     83.1546     66.0546     61.1946
     62.0946     75.5946     95.9346    128.8746    145.9746    175.6746
    205.3746    213.4746    250.0146    295.5546    300.0546    304.5546
    296.4546    304.1946    299.3346    287.6346    275.9346    230.0346

  LAC N]92- CANDER     0.1000E+04      0.000        -415.1993
    441.5593    440.1193    438.6793    437.2393    435.7993    434.3593
    432.9193    431.4793    430.0393    428.5993    427.1593    425.7193
    424.2793    422.8393    421.3993    419.9593    358.6400    357.2000
    355.7600    354.3200    352.8800    351.4400    350.0000    348.5600
    347.1200    345.6800    344.2400    342.8000    341.3600    339.9200
    338.4800    337.0400    335.6000    334.1600    332.7200    331.2800
    329.8400    328.4000    326.9600    325.5200    324.0800    322.6400
    321.2000    319.7600    318.3200    316.8800    315.4400    314.0000
    312.5600    311.1200    309.6800    311.8400    314.0000    316.1600
    318.3200    320.4800    322.6400    324.8000    326.9600    329.1200
    331.2800    333.4400    332.0000    330.5600    329.1200    327.6800
    329.8400    332.0000    330.5600    329.1200    327.6800    326.2400
    324.8000    323.3600    321.9200    320.4800    294.2000    262.1600
    230.1200    203.8400    177.5600    179.7200    181.8800    184.0400
    186.2000    159.9200    133.6400    135.8000    137.9600    140.1200
    113.8400     87.5600     55.5200     23.4800     25.6400     27.8000

  USINE N]**- SSCA8H   87  88        1582.2000
      0.0000      0.0000      0.0000      0.0000      0.0000      0.0000
      0.0000      0.0000      0.0000      0.0000      0.0000      0.0000
      0.0000    105.4800    105.4800    105.4800      0.0000      0.0000
      0.0000      0.0000      0.0000      0.0000      0.0000      0.0000
      0.0000    105.4800    105.4800      0.0000      0.0000      0.0000
      0.0000      0.0000      0.0000      0.0000      0.0000      0.0000
      0.0000    105.4800    105.4800      0.0000      0.0000      0.0000
      0.0000      0.0000      0.0000      0.0000      0.0000      0.0000
      0.0000      0.0000      0.0000      0.0000      0.0000      0.0000
      0.0000      0.0000      0.0000      0.0000      0.0000      0.0000
      0.0000      0.0000      0.0000    105.4800    105.4800    105.4800
      0.0000      0.0000      0.0000      0.0000      0.0000      0.0000
      0.0000      0.0000      0.0000      0.0000      0.0000      0.0000
      0.0000      0.0000      0.0000      0.0000      0.0000      0.0000
      0.0000      0.0000    105.4800    105.4800    105.4800      0.0000
      0.0000      0.0000      0.0000    105.4800    105.4800      0.0000

      0.0000      0.0000      0.0000      0.0000      0.0000      0.0000
      0.0000      0.0000      0.0000      0.0000      0.0000      0.0000
      0.0000     16.5000     16.5000     16.5000      0.0000      0.0000
      0.0000      0.0000      0.0000      0.0000      0.0000      0.0000
      0.0000     16.5000     16.5000      0.0000      0.0000      0.0000
      0.0000      0.0000      0.0000      0.0000      0.0000      0.0000
      0.0000     16.5000     16.5000      0.0000      0.0000      0.0000
      0.0000      0.0000      0.0000      0.0000      0.0000      0.0000
      0.0000      0.0000      0.0000      0.0000      0.0000      0.0000
      0.0000      0.0000      0.0000      0.0000      0.0000      0.0000
      0.0000      0.0000      0.0000     16.5000     16.5000     16.5000
      0.0000      0.0000      0.0000      0.0000      0.0000      0.0000
      0.0000      0.0000      0.0000      0.0000      0.0000      0.0000
      0.0000      0.0000      0.0000      0.0000      0.0000      0.0000
      0.0000      0.0000     16.5000     16.5000     16.5000      0.0000
      0.0000      0.0000      0.0000     16.5000     16.5000      0.0000

  USINE N]**- SSCANH   87  88         811.6200
      0.0000      0.0000      0.0000      0.0000      0.0000      0.0000
      0.0000      0.0000      0.0000      0.0000      0.0000      0.0000
      0.0000      0.0000      0.0000      0.0000      0.0000      0.0000
      0.0000      0.0000      0.0000      0.0000     90.1800     90.1800
      0.0000      0.0000      0.0000      0.0000      0.0000      0.0000
      0.0000      0.0000     90.1800     90.1800     90.1800      0.0000
      0.0000      0.0000      0.0000      0.0000      0.0000      0.0000
      0.0000      0.0000      0.0000      0.0000      0.0000      0.0000
      0.0000      0.0000      0.0000      0.0000      0.0000      0.0000
      0.0000      0.0000      0.0000      0.0000      0.0000      0.0000
      0.0000      0.0000      0.0000      0.0000      0.0000      0.0000
      0.0000     90.1800     90.1800      0.0000      0.0000      0.0000
      0.0000      0.0000      0.0000      0.0000      0.0000      0.0000
      0.0000      0.0000      0.0000      0.0000      0.0000      0.0000
      0.0000      0.0000      0.0000      0.0000      0.0000      0.0000
      0.0000      0.0000      0.0000     90.1800     90.1800      0.0000

      0.0000      0.0000      0.0000      0.0000      0.0000      0.0000
      0.0000      0.0000      0.0000      0.0000      0.0000      0.0000
      0.0000      0.0000      0.0000      0.0000      0.0000      0.0000
      0.0000      0.0000      0.0000      0.0000     13.0000     13.0000
      0.0000      0.0000      0.0000      0.0000      0.0000      0.0000
      0.0000      0.0000     13.0000     13.0000     13.0000      0.0000
      0.0000      0.0000      0.0000      0.0000      0.0000      0.0000
      0.0000      0.0000      0.0000      0.0000      0.0000      0.0000
      0.0000      0.0000      0.0000      0.0000      0.0000      0.0000
      0.0000      0.0000      0.0000      0.0000      0.0000      0.0000
      0.0000      0.0000      0.0000      0.0000      0.0000      0.0000
      0.0000     13.0000     13.0000      0.0000      0.0000      0.0000
      0.0000      0.0000      0.0000      0.0000      0.0000      0.0000
      0.0000      0.0000      0.0000      0.0000      0.0000      0.0000
      0.0000      0.0000      0.0000      0.0000      0.0000      0.0000
      0.0000      0.0000      0.0000     13.0000     13.0000      0.0000

  USINE N]**- NEPESH   88  89        2592.2559
     18.0000     27.0000     36.0000     48.6000     48.6000     48.6000
     48.6000     48.6000     48.6000     48.6000     48.6000     55.8000
     55.8000     48.6000     48.6000     48.6000     55.8000     55.8000
     55.8000     48.6000     55.8000     55.8000     55.8000     48.6000
     54.2559     48.6000     48.6000     36.0000     18.0000     18.0000
      1.8000      0.0000      0.0000      0.0000      0.0000      0.0000
      0.0000      0.0000      0.0000      0.0000      0.0000      0.0000
      0.0000      0.0000      0.0000      0.0000      0.0000      0.0000
      0.0000      0.0000      0.0000      0.0000      0.0000      1.8000
      9.0000     18.0000     27.0000     36.0000     36.0000     36.0000
     36.0000     36.0000     36.0000     36.0000     36.0000     36.0000
     36.0000     36.0000     36.0000     36.0000     36.0000     36.0000
     36.0000     36.0000     36.0000     36.0000     36.0000     36.0000
     27.0000     27.0000     36.0000     36.0000     36.0000     36.0000
     36.0000     36.0000     36.0000     36.0000     36.0000     18.0000
      0.0000      0.0000      0.0000      0.0000      0.0000      0.0000

      0.5000      0.7500      1.0000      1.3500      1.3500      1.3500
      1.3500      1.3500      1.3500      1.3500      1.3500      1.3500
      1.3500      1.3500      1.3500      1.3500      1.3500      1.3500
      1.3500      1.3500      1.3500      1.3500      1.3500      1.3500
      1.3500      1.3500      1.3500      1.0000      0.5000      0.5000
      0.0500      0.0000      0.0000      0.0000      0.0000      0.0000
      0.0000      0.0000      0.0000      0.0000      0.0000      0.0000
      0.0000      0.0000      0.0000      0.0000      0.0000      0.0000
      0.0000      0.0000      0.0000      0.0000      0.0000      0.0500
      0.2500      0.5000      0.7500      1.0000      1.0000      1.0000
      1.0000      1.0000      1.0000      1.0000      1.0000      1.0000
      1.0000      1.0000      1.0000      1.0000      1.0000      1.0000
      1.0000      1.0000      1.0000      1.0000      1.0000      1.0000
      0.7500      0.7500      1.0000      1.0000      1.0000      1.0000
      1.0000      1.0000      1.0000      1.0000      1.0000      0.5000
      0.0000      0.0000      0.0000      0.0000      0.0000      0.0000

  USINE N]**- LAMATH   89  90        2927.0559
     37.8000     37.8000     37.8000     37.8000     19.8000     19.8000
     28.8000     37.8000     50.4000     50.4000     50.4000     50.4000
     50.4000     50.4000     50.4000     50.4000     57.6000     57.6000
     50.4000     50.4000     50.4000     57.6000     57.6000     57.6000
     50.4000     57.6000     57.6000     57.6000     50.4000     56.0559
     50.4000     50.4000     37.8000     19.8000     19.8000      3.6000
      1.8000      1.8000      1.8000      1.8000      1.8000      1.8000
      1.8000      1.8000      1.8000      1.8000      1.8000      1.8000
      1.8000      1.8000      1.8000      1.8000      1.8000      1.8000
      1.8000      1.8000      1.8000      1.8000      3.6000     10.8000
     19.8000     28.8000     37.8000     37.8000     37.8000     37.8000
     37.8000     37.8000     37.8000     37.8000     37.8000     37.8000
     37.8000     37.8000     37.8000     37.8000     37.8000     37.8000
     37.8000     37.8000     37.8000     37.8000     37.8000     28.8000
     28.8000     37.8000     37.8000     37.8000     37.8000     37.8000
     37.8000     37.8000     37.8000     37.8000     19.8000      1.8000

     10.5000     10.5000     10.5000     10.5000      5.5000      5.5000
      8.0000     10.5000     14.0000     14.0000     14.0000     14.0000
     14.0000     14.0000     14.0000     14.0000     16.0000     16.0000
     14.0000     14.0000     14.0000     16.0000     16.0000     16.0000
     14.0000     16.0000     16.0000     16.0000     14.0000     15.5711
     14.0000     14.0000     10.5000      5.5000      5.5000      1.0000
      0.5000      0.5000      0.5000      0.5000      0.5000      0.5000
      0.5000      0.5000      0.5000      0.5000      0.5000      0.5000
      0.5000      0.5000      0.5000      0.5000      0.5000      0.5000
      0.5000      0.5000      0.5000      0.5000      1.0000      3.0000
      5.5000      8.0000     10.5000     10.5000     10.5000     10.5000
     10.5000     10.5000     10.5000     10.5000     10.5000     10.5000
     10.5000     10.5000     10.5000     10.5000     10.5000     10.5000
     10.5000     10.5000     10.5000     10.5000     10.5000      8.0000
      8.0000     10.5000     10.5000     10.5000     10.5000     10.5000
     10.5000     10.5000     10.5000     10.5000      5.5000      0.5000

  USINE N]**- L.CE1H   90  91        3135.8559
     39.6000     39.6000     39.6000     39.6000     39.6000     21.6000
     21.6000     30.6000     39.6000     52.2000     52.2000     52.2000
     52.2000     52.2000     52.2000     52.2000     52.2000     59.4000
     59.4000     52.2000     52.2000     52.2000     59.4000     59.4000
     59.4000     52.2000     59.4000     59.4000     59.4000     52.2000
     57.8559     52.2000     52.2000     39.6000     21.6000     21.6000
      5.4000      3.6000      3.6000      3.6000      3.6000      3.6000
      3.6000      3.6000      3.6000      3.6000      3.6000      3.6000
      3.6000      3.6000      3.6000      3.6000      3.6000      3.6000
      3.6000      3.6000      3.6000      3.6000      3.6000      5.4000
     12.6000     21.6000     30.6000     39.6000     39.6000     39.6000
     39.6000     39.6000     39.6000     39.6000     39.6000     39.6000
     39.6000     39.6000     39.6000     39.6000     39.6000     39.6000
     39.6000     39.6000     39.6000     39.6000     39.6000     39.6000
     30.6000     30.6000     39.6000     39.6000     39.6000     39.6000
     39.6000     39.6000     39.6000     39.6000     39.6000     21.6000

      8.8000      8.8000      8.8000      8.8000      8.8000      4.8000
      4.8000      6.8000      8.8000     11.6000     11.6000     11.6000
     11.6000     11.6000     11.6000     11.6000     11.6000     13.2000
     13.2000     11.6000     11.6000     11.6000     13.2000     13.2000
     13.2000     11.6000     13.2000     13.2000     13.2000     11.6000
     12.8569     11.6000     11.6000      8.8000      4.8000      4.8000
      1.2000      0.8000      0.8000      0.8000      0.8000      0.8000
      0.8000      0.8000      0.8000      0.8000      0.8000      0.8000
      0.8000      0.8000      0.8000      0.8000      0.8000      0.8000
      0.8000      0.8000      0.8000      0.8000      0.8000      1.2000
      2.8000      4.8000      6.8000      8.8000      8.8000      8.8000
      8.8000      8.8000      8.8000      8.8000      8.8000      8.8000
      8.8000      8.8000      8.8000      8.8000      8.8000      8.8000
      8.8000      8.8000      8.8000      8.8000      8.8000      8.8000
      6.8000      6.8000      8.8000      8.8000      8.8000      8.8000
      8.8000      8.8000      8.8000      8.8000      8.8000      4.8000

  USINE N]**- ESCAFH   88  92           0.0000
      0.0000      0.0000      0.0000      0.0000      0.0000      0.0000
      0.0000      0.0000      0.0000      0.0000      0.0000      0.0000
      0.0000      0.0000      0.0000      0.0000      0.0000      0.0000
      0.0000      0.0000      0.0000      0.0000      0.0000      0.0000
      0.0000      0.0000      0.0000      0.0000      0.0000      0.0000
      0.0000      0.0000      0.0000      0.0000      0.0000      0.0000
      0.0000      0.0000      0.0000      0.0000      0.0000      0.0000
      0.0000      0.0000      0.0000      0.0000      0.0000      0.0000
      0.0000      0.0000      0.0000      0.0000      0.0000      0.0000
      0.0000      0.0000      0.0000      0.0000      0.0000      0.0000
      0.0000      0.0000      0.0000      0.0000      0.0000      0.0000
      0.0000      0.0000      0.0000      0.0000      0.0000      0.0000
      0.0000      0.0000      0.0000      0.0000      0.0000      0.0000
      0.0000      0.0000      0.0000      0.0000      0.0000      0.0000
      0.0000      0.0000      0.0000      0.0000      0.0000      0.0000
      0.0000      0.0000      0.0000      0.0000      0.0000      0.0000

      0.0000      0.0000      0.0000      0.0000      0.0000      0.0000
      0.0000      0.0000      0.0000      0.0000      0.0000      0.0000
      0.0000      0.0000      0.0000      0.0000      0.0000      0.0000
      0.0000      0.0000      0.0000      0.0000      0.0000      0.0000
      0.0000      0.0000      0.0000      0.0000      0.0000      0.0000
      0.0000      0.0000      0.0000      0.0000      0.0000      0.0000
      0.0000      0.0000      0.0000      0.0000      0.0000      0.0000
      0.0000      0.0000      0.0000      0.0000      0.0000      0.0000
      0.0000      0.0000      0.0000      0.0000      0.0000      0.0000
      0.0000      0.0000      0.0000      0.0000      0.0000      0.0000
      0.0000      0.0000      0.0000      0.0000      0.0000      0.0000
      0.0000      0.0000      0.0000      0.0000      0.0000      0.0000
      0.0000      0.0000      0.0000      0.0000      0.0000      0.0000
      0.0000      0.0000      0.0000      0.0000      0.0000      0.0000
      0.0000      0.0000      0.0000      0.0000      0.0000      0.0000
      0.0000      0.0000      0.0000      0.0000      0.0000      0.0000

  USINE N]**- L.CE2H   92  91         562.6800
      3.6000      3.6000      3.6000      3.6000      3.6000      3.6000
      3.6000      3.6000      3.6000      3.6000      3.6000      3.6000
      3.6000      3.6000      3.6000      3.6000      3.6000      3.6000
      3.6000      3.6000      3.6000      3.6000      3.6000      3.6000
      3.6000      3.6000      3.6000      3.6000      3.6000      3.6000
      3.6000      3.6000      3.6000      3.6000      3.6000      3.6000
      3.6000      3.6000      3.6000      3.6000      3.6000      3.6000
      3.6000      3.6000      3.6000      3.6000      3.6000      3.6000
      3.6000      3.6000      3.6000      0.0000      0.0000      0.0000
      0.0000      0.0000      0.0000      0.0000      0.0000      0.0000
      0.0000      0.0000      3.6000      3.6000      3.6000      3.6000
      0.0000      0.0000      3.6000      3.6000      3.6000      3.6000
      3.6000      3.6000      3.6000      3.6000     28.4400     34.2000
     34.2000     28.4400     28.4400      0.0000      0.0000      0.0000
      0.0000     28.4400     28.4400      0.0000      0.0000      0.0000
     28.4400     28.4400     34.2000     34.2000      0.0000      0.0000

      2.3418      2.3418      2.3418      2.3418      2.3418      2.3418
      2.3418      2.3418      2.3418      2.3418      2.3418      2.3418
      2.3418      2.3418      2.3418      2.3418      2.3418      2.3418
      2.3418      2.3418      2.3418      2.3418      2.3418      2.3418
      2.3418      2.3418      2.3418      2.3418      2.3418      2.3418
      2.3418      2.3418      2.3418      2.3418      2.3418      2.3418
      2.3418      2.3418      2.3418      2.3418      2.3418      2.3418
      2.3418      2.3418      2.3418      2.3418      2.3418      2.3418
      2.3418      2.3418      2.3418      0.0000      0.0000      0.0000
      0.0000      0.0000      0.0000      0.0000      0.0000      0.0000
      0.0000      0.0000      2.3418      2.3418      2.3418      2.3418
      0.0000      0.0000      2.3418      2.3418      2.3418      2.3418
      2.3418      2.3418      2.3418      2.3418     18.5000     22.5000
     22.5000     18.5000     18.5000      0.0000      0.0000      0.0000
      0.0000     18.5000     18.5000      0.0000      0.0000      0.0000
     18.5000     18.5000     22.5000     22.5000      0.0000      0.0000

  USINE N]**- BRUGAH   91   0        4038.3000
     37.8000     50.4000     50.4000     50.4000     50.4000     37.8000
     25.2000     12.6000     12.6000     25.2000     25.2000     12.6000
     12.6000     25.2000     37.8000     50.4000     63.0000     75.6000
     88.2000     88.2000     88.2000     88.2000     88.2000     75.6000
     75.6000     88.2000     88.2000     75.6000     63.0000     50.4000
     37.8000     25.2000     25.2000     12.6000     12.6000     25.2000
     25.2000     37.8000     37.8000     25.2000     25.2000     12.6000
      6.3000      6.3000      6.3000     12.6000     12.6000     12.6000
     12.6000      6.3000      6.3000      6.3000      6.3000      6.3000
      6.3000      6.3000      6.3000      6.3000      6.3000     12.6000
     25.2000     37.8000     50.4000     63.0000     75.6000     88.2000
     88.2000     75.6000     63.0000     50.4000     50.4000     50.4000
     50.4000     63.0000     63.0000     63.0000     63.0000     75.6000
     75.6000     63.0000     50.4000     37.8000     25.2000     12.6000
     12.6000     25.2000     25.2000     25.2000     37.8000     37.8000
     50.4000     63.0000     75.6000     88.2000     88.2000     88.2000

      1.0500      1.4000      1.4000      1.4000      1.4000      1.0500
      0.7000      0.3500      0.3500      0.7000      0.7000      0.3500
      0.3500      0.7000      1.0500      1.4000      1.7500      2.1000
      2.4500      2.4500      2.4500      2.4500      2.4500      2.1000
      2.1000      2.4500      2.4500      2.1000      1.7500      1.4000
      1.0500      0.7000      0.7000      0.3500      0.3500      0.7000
      0.7000      1.0500      1.0500      0.7000      0.7000      0.3500
      0.1500      0.1500      0.1500      0.3500      0.3500      0.3500
      0.3500      0.1500      0.1500      0.1500      0.1500      0.1500
      0.1500      0.1500      0.1500      0.1500      0.1500      0.3500
      0.7000      1.0500      1.4000      1.7500      2.1000      2.4500
      2.4500      2.1000      1.7500      1.4000      1.4000      1.4000
      1.4000      1.7500      1.7500      1.7500      1.7500      2.1000
      2.1000      1.7500      1.4000      1.0500      0.7000      0.3500
      0.3500      0.7000      0.7000      0.7000      1.0500      1.0500
      1.4000      1.7500      2.1000      2.4500      2.4500      2.4500

   DONNEES POUR LA VALLEE N]27-MONTAHUT DATE: 22/06/10     1 USINE(S)     1 RESERVOIR(S)
  LAC N]**- LAOUZR     0.1000E+04      6.240        -995.7600
  39213.0760  39213.0760  39213.0760  39213.0760  39213.0760  39213.0760
  39213.0760  39213.0760  39213.0760  39213.0760  39213.0760  39213.0760
  39213.0760  39201.1960  39189.3160  39177.4360  39165.5560  39153.6760
  39141.7960  39129.9160  39118.0360  39106.1560  39094.2760  39082.3960
  39070.5160  39058.6360  39046.7560  39034.8760  39022.9960  39011.1160
  38999.2360  38987.3560  38975.4760  38963.5960  38951.7160  38951.7160
  38951.7160  38951.7160  38951.7160  38951.7160  38939.8360  38927.9560
  38916.0760  38904.1960  38892.3160  38880.4360  38880.4360  38880.4360
  38868.5560  38856.6760  38856.6760  38856.6760  38856.6760  38856.6760
  38856.6760  38856.6760  38856.6760  38856.6760  38856.6760  38856.6760
  38832.3760  38808.0760  38783.7760  38759.4760  38735.1760  38710.8760
  38686.5760  38662.2760  38650.3960  38638.5160  38626.6360  38614.7560
  38602.8760  38578.5760  38554.2760  38529.9760  38505.6760  38493.7960
  38481.9160  38470.0360  38458.1560  38446.2760  38434.3960  38422.5160
  38398.2160  38373.9160  38362.0360  38350.1560  38325.8560  38301.5560
  38289.6760  38277.7960  38253.4960  38229.1960  38229.1960  38229.1960

  USINE N]**- MTAHUH   **   0         995.7600
     11.8800      0.0000      0.0000      0.0000      0.0000      0.0000
      0.0000      0.0000      0.0000      0.0000      0.0000      0.0000
      0.0000     11.8800     11.8800     11.8800     11.8800     11.8800
     11.8800     11.8800     11.8800     11.8800     11.8800     11.8800
     11.8800     11.8800     11.8800     11.8800     11.8800     11.8800
     11.8800     11.8800     11.8800     11.8800     11.8800      0.0000
      0.0000      0.0000      0.0000      0.0000     11.8800     11.8800
     11.8800     11.8800     11.8800     11.8800      0.0000      0.0000
     11.8800     11.8800      0.0000      0.0000      0.0000      0.0000
      0.0000      0.0000      0.0000      0.0000      0.0000      0.0000
     24.3000     24.3000     24.3000     24.3000     24.3000     24.3000
     24.3000     24.3000     11.8800     11.8800     11.8800     11.8800
     11.8800     24.3000     24.3000     24.3000     24.3000     11.8800
     11.8800     11.8800     11.8800     11.8800     11.8800     11.8800
     24.3000     24.3000     11.8800     11.8800     24.3000     24.3000
     11.8800     11.8800     24.3000     24.3000      0.0000      0.0000

     17.5000      0.0000      0.0000      0.0000      0.0000      0.0000
      0.0000      0.0000      0.0000      0.0000      0.0000      0.0000
      0.0000     17.5000     17.5000     17.5000     17.5000     17.5000
     17.5000     17.5000     17.5000     17.5000     17.5000     17.5000
     17.5000     17.5000     17.5000     17.5000     17.5000     17.5000
     17.5000     17.5000     17.5000     17.5000     17.5000      0.0000
      0.0000      0.0000      0.0000      0.0000     17.5000     17.5000
     17.5000     17.5000     17.5000     17.5000      0.0000      0.0000
     17.5000     17.5000      0.0000      0.0000      0.0000      0.0000
      0.0000      0.0000      0.0000      0.0000      0.0000      0.0000
     35.0000     35.0000     35.0000     35.0000     35.0000     35.0000
     35.0000     35.0000     17.5000     17.5000     17.5000     17.5000
     17.5000     35.0000     35.0000     35.0000     35.0000     17.5000
     17.5000     17.5000     17.5000     17.5000     17.5000     17.5000
     35.0000     35.0000     17.5000     17.5000     35.0000     35.0000
     17.5000     17.5000     35.0000     35.0000      0.0000      0.0000

   DONNEES POUR LA VALLEE N]32-AUDE     DATE: 22/06/10     2 USINE(S)     2 RESERVOIR(S)
  LAC N]**- PUYVAR     0.1000E+04     14.380           0.0000
   7176.9620   7176.9620   7176.9620   7176.9620   7176.9620   7176.9620
   7176.9620   7176.9620   7176.9620   7176.9620   7176.9620   7176.9620
   7176.9620   7176.9620   7176.9620   7176.9620   7176.9620   7176.9620
   7176.9620   7176.9620   7176.9620   7176.9620   7176.9620   7176.9620
   7176.9620   7176.9620   7176.9620   7176.9620   7176.9620   7176.9620
   7176.9620   7176.9620   7176.9620   7176.9620   7176.9620   7176.9620
   7176.9620   7176.9620   7176.9620   7176.9620   7176.9620   7176.9620
   7176.9620   7176.9620   7176.9620   7176.9620   7176.9620   7176.9620
   7176.9620   7176.9620   7176.9620   7176.9620   7176.9620   7176.9620
   7176.9620   7176.9620   7176.9620   7176.9620   7176.9620   7176.9620
   7176.9620   7176.9620   7176.9620   7176.9620   7176.9620   7176.9620
   7176.9620   7176.9620   7176.9620   7176.9620   7176.9620   7176.9620
   7176.9620   7176.9620   7176.9620   7176.9620   7176.9620   7176.9620
   7176.9620   7176.9620   7176.9620   7176.9620   7176.9620   7176.9620
   7176.9620   7176.9620   7176.9620   7176.9620   7176.9620   7176.9620
   7176.9620   7176.9620   7176.9620   7176.9620   7176.9620   7176.9620

  LAC N]**- NENTIR     0.1000E+04      0.000           0.0000
      0.0000      0.0000      0.0000      0.0000      0.0000      0.0000
      0.0000      0.0000      0.0000      0.0000      0.0000      0.0000
      0.0000      0.0000      0.0000      0.0000      0.0000      0.0000
      0.0000      0.0000      0.0000      0.0000      0.0000      0.0000
      0.0000      0.0000      0.0000      0.0000      0.0000      0.0000
      0.0000      0.0000      0.0000      0.0000      0.0000      0.0000
      0.0000      0.0000      0.0000      0.0000      0.0000      0.0000
      0.0000      0.0000      0.0000      0.0000      0.0000      0.0000
      0.0000      0.0000      0.0000      0.0000      0.0000      0.0000
      0.0000      0.0000      0.0000      0.0000      0.0000      0.0000
      0.0000      0.0000      0.0000      0.0000      0.0000      0.0000
      0.0000      0.0000      0.0000      0.0000      0.0000      0.0000
      0.0000      0.0000      0.0000      0.0000      0.0000      0.0000
      0.0000      0.0000      0.0000      0.0000      0.0000      0.0000
      0.0000      0.0000      0.0000      0.0000      0.0000      0.0000
      0.0000      0.0000      0.0000      0.0000      0.0000      0.0000

  USINE N]**- ESCO2H   **  **           0.0000
      0.0000      0.0000      0.0000      0.0000      0.0000      0.0000
      0.0000      0.0000      0.0000      0.0000      0.0000      0.0000
      0.0000      0.0000      0.0000      0.0000      0.0000      0.0000
      0.0000      0.0000      0.0000      0.0000      0.0000      0.0000
      0.0000      0.0000      0.0000      0.0000      0.0000      0.0000
      0.0000      0.0000      0.0000      0.0000      0.0000      0.0000
      0.0000      0.0000      0.0000      0.0000      0.0000      0.0000
      0.0000      0.0000      0.0000      0.0000      0.0000      0.0000
      0.0000      0.0000      0.0000      0.0000      0.0000      0.0000
      0.0000      0.0000      0.0000      0.0000      0.0000      0.0000
      0.0000      0.0000      0.0000      0.0000      0.0000      0.0000
      0.0000      0.0000      0.0000      0.0000      0.0000      0.0000
      0.0000      0.0000      0.0000      0.0000      0.0000      0.0000
      0.0000      0.0000      0.0000      0.0000      0.0000      0.0000
      0.0000      0.0000      0.0000      0.0000      0.0000      0.0000
      0.0000      0.0000      0.0000      0.0000      0.0000      0.0000

      0.0000      0.0000      0.0000      0.0000      0.0000      0.0000
      0.0000      0.0000      0.0000      0.0000      0.0000      0.0000
      0.0000      0.0000      0.0000      0.0000      0.0000      0.0000
      0.0000      0.0000      0.0000      0.0000      0.0000      0.0000
      0.0000      0.0000      0.0000      0.0000      0.0000      0.0000
      0.0000      0.0000      0.0000      0.0000      0.0000      0.0000
      0.0000      0.0000      0.0000      0.0000      0.0000      0.0000
      0.0000      0.0000      0.0000      0.0000      0.0000      0.0000
      0.0000      0.0000      0.0000      0.0000      0.0000      0.0000
      0.0000      0.0000      0.0000      0.0000      0.0000      0.0000
      0.0000      0.0000      0.0000      0.0000      0.0000      0.0000
      0.0000      0.0000      0.0000      0.0000      0.0000      0.0000
      0.0000      0.0000      0.0000      0.0000      0.0000      0.0000
      0.0000      0.0000      0.0000      0.0000      0.0000      0.0000
      0.0000      0.0000      0.0000      0.0000      0.0000      0.0000
      0.0000      0.0000      0.0000      0.0000      0.0000      0.0000

  USINE N]**- NENTIH   **   0          86.4000
      0.9000      0.9000      0.9000      0.9000      0.9000      0.9000
      0.9000      0.9000      0.9000      0.9000      0.9000      0.9000
      0.9000      0.9000      0.9000      0.9000      0.9000      0.9000
      0.9000      0.9000      0.9000      0.9000      0.9000      0.9000
      0.9000      0.9000      0.9000      0.9000      0.9000      0.9000
      0.9000      0.9000      0.9000      0.9000      0.9000      0.9000
      0.9000      0.9000      0.9000      0.9000      0.9000      0.9000
      0.9000      0.9000      0.9000      0.9000      0.9000      0.9000
      0.9000      0.9000      0.9000      0.9000      0.9000      0.9000
      0.9000      0.9000      0.9000      0.9000      0.9000      0.9000
      0.9000      0.9000      0.9000      0.9000      0.9000      0.9000
      0.9000      0.9000      0.9000      0.9000      0.9000      0.9000
      0.9000      0.9000      0.9000      0.9000      0.9000      0.9000
      0.9000      0.9000      0.9000      0.9000      0.9000      0.9000
      0.9000      0.9000      0.9000      0.9000      0.9000      0.9000
      0.9000      0.9000      0.9000      0.9000      0.9000      0.9000

      1.0000      1.0000      1.0000      1.0000      1.0000      1.0000
      1.0000      1.0000      1.0000      1.0000      1.0000      1.0000
      1.0000      1.0000      1.0000      1.0000      1.0000      1.0000
      1.0000      1.0000      1.0000      1.0000      1.0000      1.0000
      1.0000      1.0000      1.0000      1.0000      1.0000      1.0000
      1.0000      1.0000      1.0000      1.0000      1.0000      1.0000
      1.0000      1.0000      1.0000      1.0000      1.0000      1.0000
      1.0000      1.0000      1.0000      1.0000      1.0000      1.0000
      1.0000      1.0000      1.0000      1.0000      1.0000      1.0000
      1.0000      1.0000      1.0000      1.0000      1.0000      1.0000
      1.0000      1.0000      1.0000      1.0000      1.0000      1.0000
      1.0000      1.0000      1.0000      1.0000      1.0000      1.0000
      1.0000      1.0000      1.0000      1.0000      1.0000      1.0000
      1.0000      1.0000      1.0000      1.0000      1.0000      1.0000
      1.0000      1.0000      1.0000      1.0000      1.0000      1.0000
      1.0000      1.0000      1.0000      1.0000      1.0000      1.0000

