   DONNEES POUR LA VALLEE N] 3-TRUY-INF DATE: 07/09/09     9 USINE(S)     5 RESERVOIR(S)
  LAC N] 8- SARRAR     0.1000E+04      6.540       -3580.2000
 153174.7920 153104.5920 153034.3920 153034.3920 153034.3920 153034.3920
 153034.3920 153034.3920 153034.3920 153034.3920 153034.3920 153034.3920
 153034.3920 152964.1920 152893.9920 152823.7920 152753.5920 152683.3920
 152613.1920 152542.9920 152472.7920 152402.5920 152332.3920 152262.1920
 152191.9920 152121.7920 152051.5920 151981.3920 151911.1920 151840.9920
 151770.7920 151770.7920 151770.7920 151770.7920 151700.5920 151630.3920
 151630.3920 151630.3920 151560.1920 151489.9920 151419.7920 151349.5920
 151279.3920 151209.1920 151209.1920 151209.1920 151209.1920 151209.1920
 151209.1920 151209.1920 151068.7920 150928.3920 150787.9920 150787.9920
 150787.9920 150787.9920 150787.9920 150787.9920 150787.9920 150787.9920
 150787.9920 150787.9920 150787.9920 150787.9920 150787.9920 150787.9920
 150787.9920 150787.9920 150717.7920 150647.5920 150577.3920 150507.1920
 150436.9920 150366.7920 150366.7920 150366.7920 150296.5920 150226.3920
 150156.1920 150085.9920 150015.7920 150015.7920 150015.7920 150015.7920
 150015.7920 150015.7920 150015.7920 150015.7920 150015.7920 149945.5920
 149875.3920 149805.1920 149734.9920 149664.7920 149664.7920 149664.7920

  LAC N] 9- LABARR     0.1000E+04      0.000         -21.9600
   1496.4400   1550.0800   1603.7200   1674.2800   1674.6400   1675.0000
   1675.3600   1675.7200   1676.0800   1676.4400   1676.8000   1677.1600
   1677.5200   1677.8800   1748.4400   1819.0000   1889.5600   1960.1200
   2030.6800   2101.2400   2171.8000   2089.3600   2006.9200   1924.4800
   1842.0400   1759.6000   1677.1600   1594.7200   1512.2800   1582.8400
   1653.4000   1723.9600   1724.3200   1724.6800   1725.0400   1795.6000
   1866.1600   1866.5200   1866.8800   1937.4400   1991.0800   2044.7200
   2098.3600   2152.0000   2222.5600   2222.9200   2223.2800   2070.6400
   1918.0000   1918.3600   1901.8000   2025.6400   2149.4800   2290.2400
   2290.6000   2290.9600   2291.3200   2291.6800   2292.0400   2292.4000
   2292.7600   2293.1200   2293.4800   2293.8400   2294.2000   2294.5600
   2294.9200   2295.2800   2295.6400   2213.2000   2130.7600   2048.3200
   1965.8800   1883.4400   1801.0000   1648.3600   1495.7200   1566.2800
   1636.8400   1707.4000   1777.9600   1848.5200   1848.8800   1849.2400
   1832.6800   1816.1200   1799.5600   1783.0000   1783.3600   1630.7200
   1531.3600   1585.0000   1655.5600   1573.1200   1490.6800   1491.0400

  LAC N]10- COUESR     0.1000E+04      0.000        8975.0463
   8369.7200   8145.4400   7921.1600   7679.9600   7438.7600   7197.5600
   6956.3600   6715.1600   6473.9600   6232.7600   5991.5600   5750.3600
   5509.1600   5510.9600   5512.7600   5914.1600   6315.5600   6716.9600
   7118.3600   7519.7600   7921.1600   8475.5600   9029.9600   9584.3600
  10138.7600  10523.9600  10909.1600  11463.5600  12017.9600  12419.3600
  12820.7600  13222.1600  13522.7600  13823.3600  13825.1600  13826.9600
  13828.7600  13929.5600  14030.3600  14230.1600  14446.8800  14663.6000
  14682.3200  14701.0400  14801.8400  14902.6400  14823.4400  14735.2400
  14477.8400  14067.4400  13673.9600  13449.6800  13225.4000  12984.2000
  12743.0000  12501.8000  12260.6000  12019.4000  11778.2000  11537.0000
  11295.8000  11135.6000  11137.4000  11139.2000  11141.0000  11340.8000
  11540.6000  11942.0000  12174.2000  12514.8737  12900.0737  13285.2737
  13839.6737  14394.0737  14948.4737  15333.6737  15771.9263  16173.3263
  16574.7263  16806.9263  16738.5263  16740.3263  16742.1263  16842.9263
  16960.6463  17078.3663  17097.0863  17115.8063  17216.6063  17470.4063
  17642.1263  17660.8463  17662.6463  17817.4463  17810.2463  17569.0463

  LAC N]11- MTEZIR     0.1000E+04      5.380       -7409.6526
  23543.0000  23786.0000  24029.0000  24272.0000  24515.0000  24758.0000
  25001.0000  25244.0000  25487.0000  25730.0000  25973.0000  26216.0000
  26459.0000  26459.0000  26459.0000  26059.4000  25659.8000  25260.2000
  24860.6000  24461.0000  24061.4000  23661.8000  23262.2000  22862.6000
  22463.0000  22063.4000  21663.8000  21264.2000  20864.6000  20465.0000
  20065.4000  19665.8000  19367.0000  19068.2000  19068.2000  19068.2000
  19068.2000  18969.2000  18870.2000  18672.2000  18474.2000  18276.2000
  18276.2000  18276.2000  18177.2000  18078.2000  18159.2000  18402.2000
  18645.2000  18888.2000  19131.2000  19374.2000  19617.2000  19860.2000
  20103.2000  20346.2000  20589.2000  20832.2000  21075.2000  21318.2000
  21561.2000  21723.2000  21723.2000  21723.2000  21723.2000  21525.2000
  21327.2000  20927.6000  20528.0000  20128.4000  19728.8000  19329.2000
  18929.6000  18530.0000  18130.4000  17730.8000  17278.1474  16878.5474
  16478.9474  16079.3474  15980.3474  15980.3474  15980.3474  15881.3474
  15782.3474  15683.3474  15683.3474  15683.3474  15584.3474  15485.3474
  15485.3474  15485.3474  15485.3474  15485.3474  15647.3474  15890.3474

  LAC N]12- CAMBER     0.1000E+04      0.000          12.6664
   1251.3600   1239.1200   1226.8800   1214.6400   1202.4000   1190.1600
   1177.9200   1165.6800   1153.4400   1141.2000   1128.9600   1116.7200
   1104.4800   1092.2400   1080.0000   1067.7600   1067.9400   1053.7200
   1039.5000   1025.2800   1011.0600   1011.2400   1011.4200    970.2000
    928.9800    779.7600    799.7400    954.7200    940.5000    940.6800
    940.8600    941.0400    941.2200    941.4000    941.5800    842.9400
    744.3000    744.4800    744.6600    744.8400    745.0200    730.8000
    716.5800    704.3400    692.1000    692.2800    692.4600    692.6400
    678.4200    820.9800    963.5400   1120.5000   1108.2600   1096.0200
   1083.7800   1071.5400   1059.3000   1047.0600   1034.8200   1022.5800
   1010.3400   1010.5200   1010.7000    996.4800    982.2600    968.0400
    883.6200    799.2000    613.9800    597.9600    797.4664    952.4464
   1098.4264    967.2064    835.9864    704.7664    787.7464    942.7264
    942.9064    943.0864   1098.0664   1253.0464   1253.2264   1240.9864
   1214.3464   1200.1264   1200.3064   1200.4864   1200.6664   1186.4464
   1172.2264   1159.9864   1147.7464   1135.3264   1122.9064   1110.6664

  USINE N] 9- SARR8H    8   9           0.0000
      0.0000      0.0000      0.0000      0.0000      0.0000      0.0000
      0.0000      0.0000      0.0000      0.0000      0.0000      0.0000
      0.0000      0.0000      0.0000      0.0000      0.0000      0.0000
      0.0000      0.0000      0.0000      0.0000      0.0000      0.0000
      0.0000      0.0000      0.0000      0.0000      0.0000      0.0000
      0.0000      0.0000      0.0000      0.0000      0.0000      0.0000
      0.0000      0.0000      0.0000      0.0000      0.0000      0.0000
      0.0000      0.0000      0.0000      0.0000      0.0000      0.0000
      0.0000      0.0000      0.0000      0.0000      0.0000      0.0000
      0.0000      0.0000      0.0000      0.0000      0.0000      0.0000
      0.0000      0.0000      0.0000      0.0000      0.0000      0.0000
      0.0000      0.0000      0.0000      0.0000      0.0000      0.0000
      0.0000      0.0000      0.0000      0.0000      0.0000      0.0000
      0.0000      0.0000      0.0000      0.0000      0.0000      0.0000
      0.0000      0.0000      0.0000      0.0000      0.0000      0.0000
      0.0000      0.0000      0.0000      0.0000      0.0000      0.0000

      0.0000      0.0000      0.0000      0.0000      0.0000      0.0000
      0.0000      0.0000      0.0000      0.0000      0.0000      0.0000
      0.0000      0.0000      0.0000      0.0000      0.0000      0.0000
      0.0000      0.0000      0.0000      0.0000      0.0000      0.0000
      0.0000      0.0000      0.0000      0.0000      0.0000      0.0000
      0.0000      0.0000      0.0000      0.0000      0.0000      0.0000
      0.0000      0.0000      0.0000      0.0000      0.0000      0.0000
      0.0000      0.0000      0.0000      0.0000      0.0000      0.0000
      0.0000      0.0000      0.0000      0.0000      0.0000      0.0000
      0.0000      0.0000      0.0000      0.0000      0.0000      0.0000
      0.0000      0.0000      0.0000      0.0000      0.0000      0.0000
      0.0000      0.0000      0.0000      0.0000      0.0000      0.0000
      0.0000      0.0000      0.0000      0.0000      0.0000      0.0000
      0.0000      0.0000      0.0000      0.0000      0.0000      0.0000
      0.0000      0.0000      0.0000      0.0000      0.0000      0.0000
      0.0000      0.0000      0.0000      0.0000      0.0000      0.0000

  USINE N]10- SARRAH    8   9        3580.2000
     70.2000     70.2000     70.2000      0.0000      0.0000      0.0000
      0.0000      0.0000      0.0000      0.0000      0.0000      0.0000
      0.0000     70.2000     70.2000     70.2000     70.2000     70.2000
     70.2000     70.2000     70.2000     70.2000     70.2000     70.2000
     70.2000     70.2000     70.2000     70.2000     70.2000     70.2000
     70.2000      0.0000      0.0000      0.0000     70.2000     70.2000
      0.0000      0.0000     70.2000     70.2000     70.2000     70.2000
     70.2000     70.2000      0.0000      0.0000      0.0000      0.0000
      0.0000      0.0000    140.4000    140.4000    140.4000      0.0000
      0.0000      0.0000      0.0000      0.0000      0.0000      0.0000
      0.0000      0.0000      0.0000      0.0000      0.0000      0.0000
      0.0000      0.0000     70.2000     70.2000     70.2000     70.2000
     70.2000     70.2000      0.0000      0.0000     70.2000     70.2000
     70.2000     70.2000     70.2000      0.0000      0.0000      0.0000
      0.0000      0.0000      0.0000      0.0000      0.0000     70.2000
     70.2000     70.2000     70.2000     70.2000      0.0000      0.0000

     12.5000     12.5000     12.5000      0.0000      0.0000      0.0000
      0.0000      0.0000      0.0000      0.0000      0.0000      0.0000
      0.0000     12.5000     12.5000     12.5000     12.5000     12.5000
     12.5000     12.5000     12.5000     12.5000     12.5000     12.5000
     12.5000     12.5000     12.5000     12.5000     12.5000     12.5000
     12.5000      0.0000      0.0000      0.0000     12.5000     12.5000
      0.0000      0.0000     12.5000     12.5000     12.5000     12.5000
     12.5000     12.5000      0.0000      0.0000      0.0000      0.0000
      0.0000      0.0000     25.0000     25.0000     25.0000      0.0000
      0.0000      0.0000      0.0000      0.0000      0.0000      0.0000
      0.0000      0.0000      0.0000      0.0000      0.0000      0.0000
      0.0000      0.0000     12.5000     12.5000     12.5000     12.5000
     12.5000     12.5000      0.0000      0.0000     12.5000     12.5000
     12.5000     12.5000     12.5000      0.0000      0.0000      0.0000
      0.0000      0.0000      0.0000      0.0000      0.0000     12.5000
     12.5000     12.5000     12.5000     12.5000      0.0000      0.0000

  USINE N]11- BROM8H    9  10        3366.0000
      0.0000      0.0000      0.0000      0.0000      0.0000      0.0000
      0.0000      0.0000      0.0000      0.0000      0.0000      0.0000
      0.0000      0.0000      0.0000      0.0000      0.0000      0.0000
      0.0000      0.0000      0.0000    153.0000    153.0000    153.0000
    153.0000    153.0000    153.0000    153.0000    153.0000      0.0000
      0.0000      0.0000      0.0000      0.0000      0.0000      0.0000
      0.0000      0.0000      0.0000      0.0000      0.0000      0.0000
      0.0000      0.0000      0.0000      0.0000      0.0000    153.0000
    153.0000      0.0000      0.0000      0.0000      0.0000      0.0000
      0.0000      0.0000      0.0000      0.0000      0.0000      0.0000
      0.0000      0.0000      0.0000      0.0000      0.0000      0.0000
      0.0000      0.0000      0.0000    153.0000    153.0000    153.0000
    153.0000    153.0000    153.0000    153.0000    153.0000      0.0000
      0.0000      0.0000      0.0000      0.0000      0.0000      0.0000
      0.0000      0.0000      0.0000      0.0000      0.0000    153.0000
    153.0000      0.0000      0.0000    153.0000    153.0000      0.0000

      0.0000      0.0000      0.0000      0.0000      0.0000      0.0000
      0.0000      0.0000      0.0000      0.0000      0.0000      0.0000
      0.0000      0.0000      0.0000      0.0000      0.0000      0.0000
      0.0000      0.0000      0.0000     95.0000     95.0000     95.0000
     95.0000     95.0000     95.0000     95.0000     95.0000      0.0000
      0.0000      0.0000      0.0000      0.0000      0.0000      0.0000
      0.0000      0.0000      0.0000      0.0000      0.0000      0.0000
      0.0000      0.0000      0.0000      0.0000      0.0000     95.0000
     95.0000      0.0000      0.0000      0.0000      0.0000      0.0000
      0.0000      0.0000      0.0000      0.0000      0.0000      0.0000
      0.0000      0.0000      0.0000      0.0000      0.0000      0.0000
      0.0000      0.0000      0.0000     95.0000     95.0000     95.0000
     95.0000     95.0000     95.0000     95.0000     95.0000      0.0000
      0.0000      0.0000      0.0000      0.0000      0.0000      0.0000
      0.0000      0.0000      0.0000      0.0000      0.0000     95.0000
     95.0000      0.0000      0.0000     95.0000     95.0000      0.0000

  USINE N]12- BROMMH    9  10         270.7200
     16.9200     16.9200     16.9200      0.0000      0.0000      0.0000
      0.0000      0.0000      0.0000      0.0000      0.0000      0.0000
      0.0000      0.0000      0.0000      0.0000      0.0000      0.0000
      0.0000      0.0000      0.0000      0.0000      0.0000      0.0000
      0.0000      0.0000      0.0000      0.0000      0.0000      0.0000
      0.0000      0.0000      0.0000      0.0000      0.0000      0.0000
      0.0000      0.0000      0.0000      0.0000     16.9200     16.9200
     16.9200     16.9200      0.0000      0.0000      0.0000      0.0000
      0.0000      0.0000     16.9200     16.9200     16.9200      0.0000
      0.0000      0.0000      0.0000      0.0000      0.0000      0.0000
      0.0000      0.0000      0.0000      0.0000      0.0000      0.0000
      0.0000      0.0000      0.0000      0.0000      0.0000      0.0000
      0.0000      0.0000      0.0000      0.0000      0.0000      0.0000
      0.0000      0.0000      0.0000      0.0000      0.0000      0.0000
     16.9200     16.9200     16.9200     16.9200      0.0000      0.0000
     16.9200     16.9200      0.0000      0.0000      0.0000      0.0000

     10.0000     10.0000     10.0000      0.0000      0.0000      0.0000
      0.0000      0.0000      0.0000      0.0000      0.0000      0.0000
      0.0000      0.0000      0.0000      0.0000      0.0000      0.0000
      0.0000      0.0000      0.0000      0.0000      0.0000      0.0000
      0.0000      0.0000      0.0000      0.0000      0.0000      0.0000
      0.0000      0.0000      0.0000      0.0000      0.0000      0.0000
      0.0000      0.0000      0.0000      0.0000     10.0000     10.0000
     10.0000     10.0000      0.0000      0.0000      0.0000      0.0000
      0.0000      0.0000     10.0000     10.0000     10.0000      0.0000
      0.0000      0.0000      0.0000      0.0000      0.0000      0.0000
      0.0000      0.0000      0.0000      0.0000      0.0000      0.0000
      0.0000      0.0000      0.0000      0.0000      0.0000      0.0000
      0.0000      0.0000      0.0000      0.0000      0.0000      0.0000
      0.0000      0.0000      0.0000      0.0000      0.0000      0.0000
     10.0000     10.0000     10.0000     10.0000      0.0000      0.0000
     10.0000     10.0000      0.0000      0.0000      0.0000      0.0000

  USINE N]13- MTEZIH   11  10       14618.6526
      0.0000      0.0000      0.0000      0.0000      0.0000      0.0000
      0.0000      0.0000      0.0000      0.0000      0.0000      0.0000
      0.0000      0.0000      0.0000    399.6000    399.6000    399.6000
    399.6000    399.6000    399.6000    399.6000    399.6000    399.6000
    399.6000    399.6000    399.6000    399.6000    399.6000    399.6000
    399.6000    399.6000    298.8000    298.8000      0.0000      0.0000
      0.0000     99.0000     99.0000    198.0000    198.0000    198.0000
      0.0000      0.0000     99.0000     99.0000      0.0000      0.0000
      0.0000      0.0000      0.0000      0.0000      0.0000      0.0000
      0.0000      0.0000      0.0000      0.0000      0.0000      0.0000
      0.0000      0.0000      0.0000      0.0000      0.0000    198.0000
    198.0000    399.6000    399.6000    399.6000    399.6000    399.6000
    399.6000    399.6000    399.6000    399.6000    452.6526    399.6000
    399.6000    399.6000     99.0000      0.0000      0.0000     99.0000
     99.0000     99.0000      0.0000      0.0000     99.0000     99.0000
      0.0000      0.0000      0.0000      0.0000      0.0000      0.0000

      0.0000      0.0000      0.0000      0.0000      0.0000      0.0000
      0.0000      0.0000      0.0000      0.0000      0.0000      0.0000
      0.0000      0.0000      0.0000    380.0000    380.0000    380.0000
    380.0000    380.0000    380.0000    380.0000    380.0000    380.0000
    380.0000    380.0000    380.0000    380.0000    380.0000    380.0000
    380.0000    380.0000    285.0000    285.0000      0.0000      0.0000
      0.0000     95.0000     95.0000    190.0000    190.0000    190.0000
      0.0000      0.0000     95.0000     95.0000      0.0000      0.0000
      0.0000      0.0000      0.0000      0.0000      0.0000      0.0000
      0.0000      0.0000      0.0000      0.0000      0.0000      0.0000
      0.0000      0.0000      0.0000      0.0000      0.0000    190.0000
    190.0000    380.0000    380.0000    380.0000    380.0000    380.0000
    380.0000    380.0000    380.0000    380.0000    430.0000    380.0000
    380.0000    380.0000     95.0000      0.0000      0.0000     95.0000
     95.0000     95.0000      0.0000      0.0000     95.0000     95.0000
      0.0000      0.0000      0.0000      0.0000      0.0000      0.0000

  USINE N]14- MTEZIP   10  11        7209.0000
    243.0000    243.0000    243.0000    243.0000    243.0000    243.0000
    243.0000    243.0000    243.0000    243.0000    243.0000    243.0000
    243.0000      0.0000      0.0000      0.0000      0.0000      0.0000
      0.0000      0.0000      0.0000      0.0000      0.0000      0.0000
      0.0000      0.0000      0.0000      0.0000      0.0000      0.0000
      0.0000      0.0000      0.0000      0.0000      0.0000      0.0000
      0.0000      0.0000      0.0000      0.0000      0.0000      0.0000
      0.0000      0.0000      0.0000      0.0000     81.0000    243.0000
    243.0000    243.0000    243.0000    243.0000    243.0000    243.0000
    243.0000    243.0000    243.0000    243.0000    243.0000    243.0000
    243.0000    162.0000      0.0000      0.0000      0.0000      0.0000
      0.0000      0.0000      0.0000      0.0000      0.0000      0.0000
      0.0000      0.0000      0.0000      0.0000      0.0000      0.0000
      0.0000      0.0000      0.0000      0.0000      0.0000      0.0000
      0.0000      0.0000      0.0000      0.0000      0.0000      0.0000
      0.0000      0.0000      0.0000      0.0000    162.0000    243.0000

   -307.5000   -307.5000   -307.5000   -307.5000   -307.5000   -307.5000
   -307.5000   -307.5000   -307.5000   -307.5000   -307.5000   -307.5000
   -307.5000      0.0000      0.0000      0.0000      0.0000      0.0000
      0.0000      0.0000      0.0000      0.0000      0.0000      0.0000
      0.0000      0.0000      0.0000      0.0000      0.0000      0.0000
      0.0000      0.0000      0.0000      0.0000      0.0000      0.0000
      0.0000      0.0000      0.0000      0.0000      0.0000      0.0000
      0.0000      0.0000      0.0000      0.0000   -102.5000   -307.5000
   -307.5000   -307.5000   -307.5000   -307.5000   -307.5000   -307.5000
   -307.5000   -307.5000   -307.5000   -307.5000   -307.5000   -307.5000
   -307.5000   -205.0000      0.0000      0.0000      0.0000      0.0000
      0.0000      0.0000      0.0000      0.0000      0.0000      0.0000
      0.0000      0.0000      0.0000      0.0000      0.0000      0.0000
      0.0000      0.0000      0.0000      0.0000      0.0000      0.0000
      0.0000      0.0000      0.0000      0.0000      0.0000      0.0000
      0.0000      0.0000      0.0000      0.0000   -205.0000   -307.5000

  USINE N]15- COUE8H   10  12        2244.1263
      0.0000      0.0000      0.0000      0.0000      0.0000      0.0000
      0.0000      0.0000      0.0000      0.0000      0.0000      0.0000
      0.0000      0.0000      0.0000      0.0000      0.0000      0.0000
      0.0000      0.0000      0.0000      0.0000      0.0000      0.0000
      0.0000    169.2000    169.2000      0.0000      0.0000      0.0000
      0.0000      0.0000      0.0000      0.0000      0.0000      0.0000
      0.0000      0.0000      0.0000      0.0000      0.0000      0.0000
      0.0000      0.0000      0.0000      0.0000      0.0000      0.0000
    169.2000    169.2000    169.2000      0.0000      0.0000      0.0000
      0.0000      0.0000      0.0000      0.0000      0.0000      0.0000
      0.0000      0.0000      0.0000      0.0000      0.0000      0.0000
      0.0000      0.0000    169.2000    213.7263    169.2000    169.2000
      0.0000      0.0000      0.0000    169.2000    169.2000      0.0000
      0.0000    169.2000    169.2000      0.0000      0.0000      0.0000
      0.0000      0.0000      0.0000      0.0000      0.0000      0.0000
      0.0000      0.0000      0.0000      0.0000      0.0000      0.0000

      0.0000      0.0000      0.0000      0.0000      0.0000      0.0000
      0.0000      0.0000      0.0000      0.0000      0.0000      0.0000
      0.0000      0.0000      0.0000      0.0000      0.0000      0.0000
      0.0000      0.0000      0.0000      0.0000      0.0000      0.0000
      0.0000     19.0000     19.0000      0.0000      0.0000      0.0000
      0.0000      0.0000      0.0000      0.0000      0.0000      0.0000
      0.0000      0.0000      0.0000      0.0000      0.0000      0.0000
      0.0000      0.0000      0.0000      0.0000      0.0000      0.0000
     19.0000     19.0000     19.0000      0.0000      0.0000      0.0000
      0.0000      0.0000      0.0000      0.0000      0.0000      0.0000
      0.0000      0.0000      0.0000      0.0000      0.0000      0.0000
      0.0000      0.0000     19.0000     24.0000     19.0000     19.0000
      0.0000      0.0000      0.0000     19.0000     19.0000      0.0000
      0.0000     19.0000     19.0000      0.0000      0.0000      0.0000
      0.0000      0.0000      0.0000      0.0000      0.0000      0.0000
      0.0000      0.0000      0.0000      0.0000      0.0000      0.0000

  USINE N]16- COUESH   10  12           0.0000
      0.0000      0.0000      0.0000      0.0000      0.0000      0.0000
      0.0000      0.0000      0.0000      0.0000      0.0000      0.0000
      0.0000      0.0000      0.0000      0.0000      0.0000      0.0000
      0.0000      0.0000      0.0000      0.0000      0.0000      0.0000
      0.0000      0.0000      0.0000      0.0000      0.0000      0.0000
      0.0000      0.0000      0.0000      0.0000      0.0000      0.0000
      0.0000      0.0000      0.0000      0.0000      0.0000      0.0000
      0.0000      0.0000      0.0000      0.0000      0.0000      0.0000
      0.0000      0.0000      0.0000      0.0000      0.0000      0.0000
      0.0000      0.0000      0.0000      0.0000      0.0000      0.0000
      0.0000      0.0000      0.0000      0.0000      0.0000      0.0000
      0.0000      0.0000      0.0000      0.0000      0.0000      0.0000
      0.0000      0.0000      0.0000      0.0000      0.0000      0.0000
      0.0000      0.0000      0.0000      0.0000      0.0000      0.0000
      0.0000      0.0000      0.0000      0.0000      0.0000      0.0000
      0.0000      0.0000      0.0000      0.0000      0.0000      0.0000

      0.0000      0.0000      0.0000      0.0000      0.0000      0.0000
      0.0000      0.0000      0.0000      0.0000      0.0000      0.0000
      0.0000      0.0000      0.0000      0.0000      0.0000      0.0000
      0.0000      0.0000      0.0000      0.0000      0.0000      0.0000
      0.0000      0.0000      0.0000      0.0000      0.0000      0.0000
      0.0000      0.0000      0.0000      0.0000      0.0000      0.0000
      0.0000      0.0000      0.0000      0.0000      0.0000      0.0000
      0.0000      0.0000      0.0000      0.0000      0.0000      0.0000
      0.0000      0.0000      0.0000      0.0000      0.0000      0.0000
      0.0000      0.0000      0.0000      0.0000      0.0000      0.0000
      0.0000      0.0000      0.0000      0.0000      0.0000      0.0000
      0.0000      0.0000      0.0000      0.0000      0.0000      0.0000
      0.0000      0.0000      0.0000      0.0000      0.0000      0.0000
      0.0000      0.0000      0.0000      0.0000      0.0000      0.0000
      0.0000      0.0000      0.0000      0.0000      0.0000      0.0000
      0.0000      0.0000      0.0000      0.0000      0.0000      0.0000

  USINE N]17- CAMBEH   12   0        3171.6000
     12.6000     12.6000     12.6000     12.6000     12.6000     12.6000
     12.6000     12.6000     12.6000     12.6000     12.6000     12.6000
     12.6000     12.6000     12.6000     12.6000     12.6000     27.0000
     27.0000     27.0000     27.0000     12.6000     12.6000     54.0000
     54.0000    162.0000    162.0000     27.0000     27.0000     12.6000
     12.6000     12.6000     12.6000     12.6000     12.6000     99.0000
     99.0000     12.6000     12.6000     12.6000     12.6000     27.0000
     27.0000     12.6000     12.6000     12.6000     12.6000     12.6000
     27.0000     27.0000     27.0000     12.6000     12.6000     12.6000
     12.6000     12.6000     12.6000     12.6000     12.6000     12.6000
     12.6000     12.6000     12.6000     27.0000     27.0000     27.0000
     99.0000     99.0000    198.0000    198.0000     27.0000     27.0000
     36.0000    144.0000    144.0000    144.0000     99.0000     27.0000
     12.6000     12.6000     27.0000     27.0000     12.6000     12.6000
     27.0000     27.0000     12.6000     12.6000     12.6000     27.0000
     27.0000     12.6000     12.6000     27.0000     27.0000     12.6000

      0.2273      0.2273      0.2273      0.2273      0.2273      0.2273
      0.2273      0.2273      0.2273      0.2273      0.2273      0.2273
      0.2273      0.2273      0.2273      0.2273      0.2273      0.7000
      0.7000      0.7000      0.7000      0.2273      0.2273      1.3500
      1.3500      4.0500      4.0500      0.7000      0.7000      0.2273
      0.2273      0.2273      0.2273      0.2273      0.2273      2.5000
      2.5000      0.2273      0.2273      0.2273      0.2273      0.7000
      0.7000      0.2273      0.2273      0.2273      0.2273      0.2273
      0.7000      0.7000      0.7000      0.2273      0.2273      0.2273
      0.2273      0.2273      0.2273      0.2273      0.2273      0.2273
      0.2273      0.2273      0.2273      0.7000      0.7000      0.7000
      2.5000      2.5000      4.9500      4.9500      0.7000      0.7000
      0.9000      3.6000      3.6000      3.6000      2.5000      0.7000
      0.2273      0.2273      0.7000      0.7000      0.2273      0.2273
      0.7000      0.7000      0.2273      0.2273      0.2273      0.7000
      0.7000      0.2273      0.2273      0.7000      0.7000      0.2273

   DONNEES POUR LA VALLEE N]13-ORLU     DATE: 07/09/09     1 USINE(S)     1 RESERVOIR(S)
  LAC N]70- NAGUIR     0.1000E+04     17.160           0.0000
  33770.0000  33770.0000  33770.0000  33770.0000  33770.0000  33770.0000
  33770.0000  33770.0000  33770.0000  33770.0000  33770.0000  33770.0000
  33770.0000  33770.0000  33770.0000  33770.0000  33770.0000  33770.0000
  33770.0000  33770.0000  33770.0000  33770.0000  33770.0000  33770.0000
  33770.0000  33770.0000  33770.0000  33770.0000  33770.0000  33770.0000
  33770.0000  33770.0000  33770.0000  33770.0000  33770.0000  33770.0000
  33770.0000  33770.0000  33770.0000  33770.0000  33770.0000  33770.0000
  33770.0000  33770.0000  33770.0000  33770.0000  33770.0000  33770.0000
  33770.0000  33770.0000  33770.0000  33770.0000  33770.0000  33770.0000
  33770.0000  33770.0000  33770.0000  33770.0000  33770.0000  33770.0000
  33770.0000  33770.0000  33770.0000  33770.0000  33770.0000  33770.0000
  33770.0000  33770.0000  33770.0000  33770.0000  33770.0000  33770.0000
  33770.0000  33770.0000  33770.0000  33770.0000  33770.0000  33770.0000
  33770.0000  33770.0000  33770.0000  33770.0000  33770.0000  33770.0000
  33770.0000  33770.0000  33770.0000  33770.0000  33770.0000  33770.0000
  33770.0000  33770.0000  33770.0000  33770.0000  33770.0000  33770.0000

  USINE N]86- ORLU H   70   0           0.0000
      0.0000      0.0000      0.0000      0.0000      0.0000      0.0000
      0.0000      0.0000      0.0000      0.0000      0.0000      0.0000
      0.0000      0.0000      0.0000      0.0000      0.0000      0.0000
      0.0000      0.0000      0.0000      0.0000      0.0000      0.0000
      0.0000      0.0000      0.0000      0.0000      0.0000      0.0000
      0.0000      0.0000      0.0000      0.0000      0.0000      0.0000
      0.0000      0.0000      0.0000      0.0000      0.0000      0.0000
      0.0000      0.0000      0.0000      0.0000      0.0000      0.0000
      0.0000      0.0000      0.0000      0.0000      0.0000      0.0000
      0.0000      0.0000      0.0000      0.0000      0.0000      0.0000
      0.0000      0.0000      0.0000      0.0000      0.0000      0.0000
      0.0000      0.0000      0.0000      0.0000      0.0000      0.0000
      0.0000      0.0000      0.0000      0.0000      0.0000      0.0000
      0.0000      0.0000      0.0000      0.0000      0.0000      0.0000
      0.0000      0.0000      0.0000      0.0000      0.0000      0.0000
      0.0000      0.0000      0.0000      0.0000      0.0000      0.0000

      0.0000      0.0000      0.0000      0.0000      0.0000      0.0000
      0.0000      0.0000      0.0000      0.0000      0.0000      0.0000
      0.0000      0.0000      0.0000      0.0000      0.0000      0.0000
      0.0000      0.0000      0.0000      0.0000      0.0000      0.0000
      0.0000      0.0000      0.0000      0.0000      0.0000      0.0000
      0.0000      0.0000      0.0000      0.0000      0.0000      0.0000
      0.0000      0.0000      0.0000      0.0000      0.0000      0.0000
      0.0000      0.0000      0.0000      0.0000      0.0000      0.0000
      0.0000      0.0000      0.0000      0.0000      0.0000      0.0000
      0.0000      0.0000      0.0000      0.0000      0.0000      0.0000
      0.0000      0.0000      0.0000      0.0000      0.0000      0.0000
      0.0000      0.0000      0.0000      0.0000      0.0000      0.0000
      0.0000      0.0000      0.0000      0.0000      0.0000      0.0000
      0.0000      0.0000      0.0000      0.0000      0.0000      0.0000
      0.0000      0.0000      0.0000      0.0000      0.0000      0.0000
      0.0000      0.0000      0.0000      0.0000      0.0000      0.0000

   DONNEES POUR LA VALLEE N]22-DORDREG  DATE: 07/09/09     2 USINE(S)     2 RESERVOIR(S)
  LAC N]**- AUZERR     0.1000E+04      0.070           0.0000
   6872.0000   6872.0000   6872.0000   6872.0000   6872.0000   6872.0000
   6872.0000   6872.0000   6872.0000   6872.0000   6872.0000   6872.0000
   6872.0000   6872.0000   6872.0000   6872.0000   6872.0000   6872.0000
   6872.0000   6872.0000   6872.0000   6872.0000   6872.0000   6872.0000
   6872.0000   6872.0000   6872.0000   6872.0000   6872.0000   6872.0000
   6872.0000   6872.0000   6872.0000   6872.0000   6872.0000   6872.0000
   6872.0000   6872.0000   6872.0000   6872.0000   6872.0000   6872.0000
   6872.0000   6872.0000   6872.0000   6872.0000   6872.0000   6872.0000
   6872.0000   6872.0000   6872.0000   6872.0000   6872.0000   6872.0000
   6872.0000   6872.0000   6872.0000   6872.0000   6872.0000   6872.0000
   6872.0000   6872.0000   6872.0000   6872.0000   6872.0000   6872.0000
   6872.0000   6872.0000   6872.0000   6872.0000   6872.0000   6872.0000
   6872.0000   6872.0000   6872.0000   6872.0000   6872.0000   6872.0000
   6872.0000   6872.0000   6872.0000   6872.0000   6872.0000   6872.0000
   6872.0000   6872.0000   6872.0000   6872.0000   6872.0000   6872.0000
   6872.0000   6872.0000   6872.0000   6872.0000   6872.0000   6872.0000

  LAC N]**- VAUSSR     0.1000E+04      0.000           0.0000
      0.0000      0.0000      0.0000      0.0000      0.0000      0.0000
      0.0000      0.0000      0.0000      0.0000      0.0000      0.0000
      0.0000      0.0000      0.0000      0.0000      0.0000      0.0000
      0.0000      0.0000      0.0000      0.0000      0.0000      0.0000
      0.0000      0.0000      0.0000      0.0000      0.0000      0.0000
      0.0000      0.0000      0.0000      0.0000      0.0000      0.0000
      0.0000      0.0000      0.0000      0.0000      0.0000      0.0000
      0.0000      0.0000      0.0000      0.0000      0.0000      0.0000
      0.0000      0.0000      0.0000      0.0000      0.0000      0.0000
      0.0000      0.0000      0.0000      0.0000      0.0000      0.0000
      0.0000      0.0000      0.0000      0.0000      0.0000      0.0000
      0.0000      0.0000      0.0000      0.0000      0.0000      0.0000
      0.0000      0.0000      0.0000      0.0000      0.0000      0.0000
      0.0000      0.0000      0.0000      0.0000      0.0000      0.0000
      0.0000      0.0000      0.0000      0.0000      0.0000      0.0000
      0.0000      0.0000      0.0000      0.0000      0.0000      0.0000

  USINE N]**- AUZERH   **  **           0.0000
      0.0000      0.0000      0.0000      0.0000      0.0000      0.0000
      0.0000      0.0000      0.0000      0.0000      0.0000      0.0000
      0.0000      0.0000      0.0000      0.0000      0.0000      0.0000
      0.0000      0.0000      0.0000      0.0000      0.0000      0.0000
      0.0000      0.0000      0.0000      0.0000      0.0000      0.0000
      0.0000      0.0000      0.0000      0.0000      0.0000      0.0000
      0.0000      0.0000      0.0000      0.0000      0.0000      0.0000
      0.0000      0.0000      0.0000      0.0000      0.0000      0.0000
      0.0000      0.0000      0.0000      0.0000      0.0000      0.0000
      0.0000      0.0000      0.0000      0.0000      0.0000      0.0000
      0.0000      0.0000      0.0000      0.0000      0.0000      0.0000
      0.0000      0.0000      0.0000      0.0000      0.0000      0.0000
      0.0000      0.0000      0.0000      0.0000      0.0000      0.0000
      0.0000      0.0000      0.0000      0.0000      0.0000      0.0000
      0.0000      0.0000      0.0000      0.0000      0.0000      0.0000
      0.0000      0.0000      0.0000      0.0000      0.0000      0.0000

      0.0000      0.0000      0.0000      0.0000      0.0000      0.0000
      0.0000      0.0000      0.0000      0.0000      0.0000      0.0000
      0.0000      0.0000      0.0000      0.0000      0.0000      0.0000
      0.0000      0.0000      0.0000      0.0000      0.0000      0.0000
      0.0000      0.0000      0.0000      0.0000      0.0000      0.0000
      0.0000      0.0000      0.0000      0.0000      0.0000      0.0000
      0.0000      0.0000      0.0000      0.0000      0.0000      0.0000
      0.0000      0.0000      0.0000      0.0000      0.0000      0.0000
      0.0000      0.0000      0.0000      0.0000      0.0000      0.0000
      0.0000      0.0000      0.0000      0.0000      0.0000      0.0000
      0.0000      0.0000      0.0000      0.0000      0.0000      0.0000
      0.0000      0.0000      0.0000      0.0000      0.0000      0.0000
      0.0000      0.0000      0.0000      0.0000      0.0000      0.0000
      0.0000      0.0000      0.0000      0.0000      0.0000      0.0000
      0.0000      0.0000      0.0000      0.0000      0.0000      0.0000
      0.0000      0.0000      0.0000      0.0000      0.0000      0.0000

  USINE N]**- B.RHUH   **   0           0.0000
      0.0000      0.0000      0.0000      0.0000      0.0000      0.0000
      0.0000      0.0000      0.0000      0.0000      0.0000      0.0000
      0.0000      0.0000      0.0000      0.0000      0.0000      0.0000
      0.0000      0.0000      0.0000      0.0000      0.0000      0.0000
      0.0000      0.0000      0.0000      0.0000      0.0000      0.0000
      0.0000      0.0000      0.0000      0.0000      0.0000      0.0000
      0.0000      0.0000      0.0000      0.0000      0.0000      0.0000
      0.0000      0.0000      0.0000      0.0000      0.0000      0.0000
      0.0000      0.0000      0.0000      0.0000      0.0000      0.0000
      0.0000      0.0000      0.0000      0.0000      0.0000      0.0000
      0.0000      0.0000      0.0000      0.0000      0.0000      0.0000
      0.0000      0.0000      0.0000      0.0000      0.0000      0.0000
      0.0000      0.0000      0.0000      0.0000      0.0000      0.0000
      0.0000      0.0000      0.0000      0.0000      0.0000      0.0000
      0.0000      0.0000      0.0000      0.0000      0.0000      0.0000
      0.0000      0.0000      0.0000      0.0000      0.0000      0.0000

      0.0000      0.0000      0.0000      0.0000      0.0000      0.0000
      0.0000      0.0000      0.0000      0.0000      0.0000      0.0000
      0.0000      0.0000      0.0000      0.0000      0.0000      0.0000
      0.0000      0.0000      0.0000      0.0000      0.0000      0.0000
      0.0000      0.0000      0.0000      0.0000      0.0000      0.0000
      0.0000      0.0000      0.0000      0.0000      0.0000      0.0000
      0.0000      0.0000      0.0000      0.0000      0.0000      0.0000
      0.0000      0.0000      0.0000      0.0000      0.0000      0.0000
      0.0000      0.0000      0.0000      0.0000      0.0000      0.0000
      0.0000      0.0000      0.0000      0.0000      0.0000      0.0000
      0.0000      0.0000      0.0000      0.0000      0.0000      0.0000
      0.0000      0.0000      0.0000      0.0000      0.0000      0.0000
      0.0000      0.0000      0.0000      0.0000      0.0000      0.0000
      0.0000      0.0000      0.0000      0.0000      0.0000      0.0000
      0.0000      0.0000      0.0000      0.0000      0.0000      0.0000
      0.0000      0.0000      0.0000      0.0000      0.0000      0.0000

   DONNEES POUR LA VALLEE N]31-VICDESSO DATE: 07/09/09     5 USINE(S)     5 RESERVOIR(S)
  LAC N]**- GNIOUR     0.1000E+04     17.450           0.0000
   7321.0000   7321.0000   7321.0000   7321.0000   7321.0000   7321.0000
   7321.0000   7321.0000   7321.0000   7321.0000   7321.0000   7321.0000
   7321.0000   7321.0000   7321.0000   7321.0000   7321.0000   7321.0000
   7321.0000   7321.0000   7321.0000   7321.0000   7321.0000   7321.0000
   7321.0000   7321.0000   7321.0000   7321.0000   7321.0000   7321.0000
   7321.0000   7321.0000   7321.0000   7321.0000   7321.0000   7321.0000
   7321.0000   7321.0000   7321.0000   7321.0000   7321.0000   7321.0000
   7321.0000   7321.0000   7321.0000   7321.0000   7321.0000   7321.0000
   7321.0000   7321.0000   7321.0000   7321.0000   7321.0000   7321.0000
   7321.0000   7321.0000   7321.0000   7321.0000   7321.0000   7321.0000
   7321.0000   7321.0000   7321.0000   7321.0000   7321.0000   7321.0000
   7321.0000   7321.0000   7321.0000   7321.0000   7321.0000   7321.0000
   7321.0000   7321.0000   7321.0000   7321.0000   7321.0000   7321.0000
   7321.0000   7321.0000   7321.0000   7321.0000   7321.0000   7321.0000
   7321.0000   7321.0000   7321.0000   7321.0000   7321.0000   7321.0000
   7321.0000   7321.0000   7321.0000   7321.0000   7321.0000   7321.0000

  LAC N]**- AUZATR     0.1000E+04      0.000           0.0000
      0.0000      0.0000      0.0000      0.0000      0.0000      0.0000
      0.0000      0.0000      0.0000      0.0000      0.0000      0.0000
      0.0000      0.0000      0.0000      0.0000      0.0000      0.0000
      0.0000      0.0000      0.0000      0.0000      0.0000      0.0000
      0.0000      0.0000      0.0000      0.0000      0.0000      0.0000
      0.0000      0.0000      0.0000      0.0000      0.0000      0.0000
      0.0000      0.0000      0.0000      0.0000      0.0000      0.0000
      0.0000      0.0000      0.0000      0.0000      0.0000      0.0000
      0.0000      0.0000      0.0000      0.0000      0.0000      0.0000
      0.0000      0.0000      0.0000      0.0000      0.0000      0.0000
      0.0000      0.0000      0.0000      0.0000      0.0000      0.0000
      0.0000      0.0000      0.0000      0.0000      0.0000      0.0000
      0.0000      0.0000      0.0000      0.0000      0.0000      0.0000
      0.0000      0.0000      0.0000      0.0000      0.0000      0.0000
      0.0000      0.0000      0.0000      0.0000      0.0000      0.0000
      0.0000      0.0000      0.0000      0.0000      0.0000      0.0000

  LAC N]**- IZOURR     0.1000E+04     14.860           0.0000
   3817.0000   3817.0000   3817.0000   3817.0000   3817.0000   3817.0000
   3817.0000   3817.0000   3817.0000   3817.0000   3817.0000   3817.0000
   3817.0000   3817.0000   3817.0000   3817.0000   3817.0000   3817.0000
   3817.0000   3817.0000   3817.0000   3817.0000   3817.0000   3817.0000
   3817.0000   3817.0000   3817.0000   3817.0000   3817.0000   3817.0000
   3817.0000   3817.0000   3817.0000   3817.0000   3817.0000   3817.0000
   3817.0000   3817.0000   3817.0000   3817.0000   3817.0000   3817.0000
   3817.0000   3817.0000   3817.0000   3817.0000   3817.0000   3817.0000
   3817.0000   3817.0000   3817.0000   3817.0000   3817.0000   3817.0000
   3817.0000   3817.0000   3817.0000   3817.0000   3817.0000   3817.0000
   3817.0000   3817.0000   3817.0000   3817.0000   3817.0000   3817.0000
   3817.0000   3817.0000   3817.0000   3817.0000   3817.0000   3817.0000
   3817.0000   3817.0000   3817.0000   3817.0000   3817.0000   3817.0000
   3817.0000   3817.0000   3817.0000   3817.0000   3817.0000   3817.0000
   3817.0000   3817.0000   3817.0000   3817.0000   3817.0000   3817.0000
   3817.0000   3817.0000   3817.0000   3817.0000   3817.0000   3817.0000

  LAC N]**- SOULCR     0.1000E+04     14.810           0.0000
   9584.0000   9584.0000   9584.0000   9584.0000   9584.0000   9584.0000
   9584.0000   9584.0000   9584.0000   9584.0000   9584.0000   9584.0000
   9584.0000   9584.0000   9584.0000   9584.0000   9584.0000   9584.0000
   9584.0000   9584.0000   9584.0000   9584.0000   9584.0000   9584.0000
   9584.0000   9584.0000   9584.0000   9584.0000   9584.0000   9584.0000
   9584.0000   9584.0000   9584.0000   9584.0000   9584.0000   9584.0000
   9584.0000   9584.0000   9584.0000   9584.0000   9584.0000   9584.0000
   9584.0000   9584.0000   9584.0000   9584.0000   9584.0000   9584.0000
   9584.0000   9584.0000   9584.0000   9584.0000   9584.0000   9584.0000
   9584.0000   9584.0000   9584.0000   9584.0000   9584.0000   9584.0000
   9584.0000   9584.0000   9584.0000   9584.0000   9584.0000   9584.0000
   9584.0000   9584.0000   9584.0000   9584.0000   9584.0000   9584.0000
   9584.0000   9584.0000   9584.0000   9584.0000   9584.0000   9584.0000
   9584.0000   9584.0000   9584.0000   9584.0000   9584.0000   9584.0000
   9584.0000   9584.0000   9584.0000   9584.0000   9584.0000   9584.0000
   9584.0000   9584.0000   9584.0000   9584.0000   9584.0000   9584.0000

  LAC N]**- SABARR     0.1000E+04      0.000           0.0000
      0.0000      0.0000      0.0000      0.0000      0.0000      0.0000
      0.0000      0.0000      0.0000      0.0000      0.0000      0.0000
      0.0000      0.0000      0.0000      0.0000      0.0000      0.0000
      0.0000      0.0000      0.0000      0.0000      0.0000      0.0000
      0.0000      0.0000      0.0000      0.0000      0.0000      0.0000
      0.0000      0.0000      0.0000      0.0000      0.0000      0.0000
      0.0000      0.0000      0.0000      0.0000      0.0000      0.0000
      0.0000      0.0000      0.0000      0.0000      0.0000      0.0000
      0.0000      0.0000      0.0000      0.0000      0.0000      0.0000
      0.0000      0.0000      0.0000      0.0000      0.0000      0.0000
      0.0000      0.0000      0.0000      0.0000      0.0000      0.0000
      0.0000      0.0000      0.0000      0.0000      0.0000      0.0000
      0.0000      0.0000      0.0000      0.0000      0.0000      0.0000
      0.0000      0.0000      0.0000      0.0000      0.0000      0.0000
      0.0000      0.0000      0.0000      0.0000      0.0000      0.0000
      0.0000      0.0000      0.0000      0.0000      0.0000      0.0000

  USINE N]**- PRADIH   **  **           0.0000
      0.0000      0.0000      0.0000      0.0000      0.0000      0.0000
      0.0000      0.0000      0.0000      0.0000      0.0000      0.0000
      0.0000      0.0000      0.0000      0.0000      0.0000      0.0000
      0.0000      0.0000      0.0000      0.0000      0.0000      0.0000
      0.0000      0.0000      0.0000      0.0000      0.0000      0.0000
      0.0000      0.0000      0.0000      0.0000      0.0000      0.0000
      0.0000      0.0000      0.0000      0.0000      0.0000      0.0000
      0.0000      0.0000      0.0000      0.0000      0.0000      0.0000
      0.0000      0.0000      0.0000      0.0000      0.0000      0.0000
      0.0000      0.0000      0.0000      0.0000      0.0000      0.0000
      0.0000      0.0000      0.0000      0.0000      0.0000      0.0000
      0.0000      0.0000      0.0000      0.0000      0.0000      0.0000
      0.0000      0.0000      0.0000      0.0000      0.0000      0.0000
      0.0000      0.0000      0.0000      0.0000      0.0000      0.0000
      0.0000      0.0000      0.0000      0.0000      0.0000      0.0000
      0.0000      0.0000      0.0000      0.0000      0.0000      0.0000

      0.0000      0.0000      0.0000      0.0000      0.0000      0.0000
      0.0000      0.0000      0.0000      0.0000      0.0000      0.0000
      0.0000      0.0000      0.0000      0.0000      0.0000      0.0000
      0.0000      0.0000      0.0000      0.0000      0.0000      0.0000
      0.0000      0.0000      0.0000      0.0000      0.0000      0.0000
      0.0000      0.0000      0.0000      0.0000      0.0000      0.0000
      0.0000      0.0000      0.0000      0.0000      0.0000      0.0000
      0.0000      0.0000      0.0000      0.0000      0.0000      0.0000
      0.0000      0.0000      0.0000      0.0000      0.0000      0.0000
      0.0000      0.0000      0.0000      0.0000      0.0000      0.0000
      0.0000      0.0000      0.0000      0.0000      0.0000      0.0000
      0.0000      0.0000      0.0000      0.0000      0.0000      0.0000
      0.0000      0.0000      0.0000      0.0000      0.0000      0.0000
      0.0000      0.0000      0.0000      0.0000      0.0000      0.0000
      0.0000      0.0000      0.0000      0.0000      0.0000      0.0000
      0.0000      0.0000      0.0000      0.0000      0.0000      0.0000

  USINE N]**- PRAD8H   **  **           0.0000
      0.0000      0.0000      0.0000      0.0000      0.0000      0.0000
      0.0000      0.0000      0.0000      0.0000      0.0000      0.0000
      0.0000      0.0000      0.0000      0.0000      0.0000      0.0000
      0.0000      0.0000      0.0000      0.0000      0.0000      0.0000
      0.0000      0.0000      0.0000      0.0000      0.0000      0.0000
      0.0000      0.0000      0.0000      0.0000      0.0000      0.0000
      0.0000      0.0000      0.0000      0.0000      0.0000      0.0000
      0.0000      0.0000      0.0000      0.0000      0.0000      0.0000
      0.0000      0.0000      0.0000      0.0000      0.0000      0.0000
      0.0000      0.0000      0.0000      0.0000      0.0000      0.0000
      0.0000      0.0000      0.0000      0.0000      0.0000      0.0000
      0.0000      0.0000      0.0000      0.0000      0.0000      0.0000
      0.0000      0.0000      0.0000      0.0000      0.0000      0.0000
      0.0000      0.0000      0.0000      0.0000      0.0000      0.0000
      0.0000      0.0000      0.0000      0.0000      0.0000      0.0000
      0.0000      0.0000      0.0000      0.0000      0.0000      0.0000

      0.0000      0.0000      0.0000      0.0000      0.0000      0.0000
      0.0000      0.0000      0.0000      0.0000      0.0000      0.0000
      0.0000      0.0000      0.0000      0.0000      0.0000      0.0000
      0.0000      0.0000      0.0000      0.0000      0.0000      0.0000
      0.0000      0.0000      0.0000      0.0000      0.0000      0.0000
      0.0000      0.0000      0.0000      0.0000      0.0000      0.0000
      0.0000      0.0000      0.0000      0.0000      0.0000      0.0000
      0.0000      0.0000      0.0000      0.0000      0.0000      0.0000
      0.0000      0.0000      0.0000      0.0000      0.0000      0.0000
      0.0000      0.0000      0.0000      0.0000      0.0000      0.0000
      0.0000      0.0000      0.0000      0.0000      0.0000      0.0000
      0.0000      0.0000      0.0000      0.0000      0.0000      0.0000
      0.0000      0.0000      0.0000      0.0000      0.0000      0.0000
      0.0000      0.0000      0.0000      0.0000      0.0000      0.0000
      0.0000      0.0000      0.0000      0.0000      0.0000      0.0000
      0.0000      0.0000      0.0000      0.0000      0.0000      0.0000

  USINE N]**- SOULCH   **  **           0.0000
      0.0000      0.0000      0.0000      0.0000      0.0000      0.0000
      0.0000      0.0000      0.0000      0.0000      0.0000      0.0000
      0.0000      0.0000      0.0000      0.0000      0.0000      0.0000
      0.0000      0.0000      0.0000      0.0000      0.0000      0.0000
      0.0000      0.0000      0.0000      0.0000      0.0000      0.0000
      0.0000      0.0000      0.0000      0.0000      0.0000      0.0000
      0.0000      0.0000      0.0000      0.0000      0.0000      0.0000
      0.0000      0.0000      0.0000      0.0000      0.0000      0.0000
      0.0000      0.0000      0.0000      0.0000      0.0000      0.0000
      0.0000      0.0000      0.0000      0.0000      0.0000      0.0000
      0.0000      0.0000      0.0000      0.0000      0.0000      0.0000
      0.0000      0.0000      0.0000      0.0000      0.0000      0.0000
      0.0000      0.0000      0.0000      0.0000      0.0000      0.0000
      0.0000      0.0000      0.0000      0.0000      0.0000      0.0000
      0.0000      0.0000      0.0000      0.0000      0.0000      0.0000
      0.0000      0.0000      0.0000      0.0000      0.0000      0.0000

      0.0000      0.0000      0.0000      0.0000      0.0000      0.0000
      0.0000      0.0000      0.0000      0.0000      0.0000      0.0000
      0.0000      0.0000      0.0000      0.0000      0.0000      0.0000
      0.0000      0.0000      0.0000      0.0000      0.0000      0.0000
      0.0000      0.0000      0.0000      0.0000      0.0000      0.0000
      0.0000      0.0000      0.0000      0.0000      0.0000      0.0000
      0.0000      0.0000      0.0000      0.0000      0.0000      0.0000
      0.0000      0.0000      0.0000      0.0000      0.0000      0.0000
      0.0000      0.0000      0.0000      0.0000      0.0000      0.0000
      0.0000      0.0000      0.0000      0.0000      0.0000      0.0000
      0.0000      0.0000      0.0000      0.0000      0.0000      0.0000
      0.0000      0.0000      0.0000      0.0000      0.0000      0.0000
      0.0000      0.0000      0.0000      0.0000      0.0000      0.0000
      0.0000      0.0000      0.0000      0.0000      0.0000      0.0000
      0.0000      0.0000      0.0000      0.0000      0.0000      0.0000
      0.0000      0.0000      0.0000      0.0000      0.0000      0.0000

  USINE N]**- AUZATH   **  **           0.0000
      0.0000      0.0000      0.0000      0.0000      0.0000      0.0000
      0.0000      0.0000      0.0000      0.0000      0.0000      0.0000
      0.0000      0.0000      0.0000      0.0000      0.0000      0.0000
      0.0000      0.0000      0.0000      0.0000      0.0000      0.0000
      0.0000      0.0000      0.0000      0.0000      0.0000      0.0000
      0.0000      0.0000      0.0000      0.0000      0.0000      0.0000
      0.0000      0.0000      0.0000      0.0000      0.0000      0.0000
      0.0000      0.0000      0.0000      0.0000      0.0000      0.0000
      0.0000      0.0000      0.0000      0.0000      0.0000      0.0000
      0.0000      0.0000      0.0000      0.0000      0.0000      0.0000
      0.0000      0.0000      0.0000      0.0000      0.0000      0.0000
      0.0000      0.0000      0.0000      0.0000      0.0000      0.0000
      0.0000      0.0000      0.0000      0.0000      0.0000      0.0000
      0.0000      0.0000      0.0000      0.0000      0.0000      0.0000
      0.0000      0.0000      0.0000      0.0000      0.0000      0.0000
      0.0000      0.0000      0.0000      0.0000      0.0000      0.0000

      0.0000      0.0000      0.0000      0.0000      0.0000      0.0000
      0.0000      0.0000      0.0000      0.0000      0.0000      0.0000
      0.0000      0.0000      0.0000      0.0000      0.0000      0.0000
      0.0000      0.0000      0.0000      0.0000      0.0000      0.0000
      0.0000      0.0000      0.0000      0.0000      0.0000      0.0000
      0.0000      0.0000      0.0000      0.0000      0.0000      0.0000
      0.0000      0.0000      0.0000      0.0000      0.0000      0.0000
      0.0000      0.0000      0.0000      0.0000      0.0000      0.0000
      0.0000      0.0000      0.0000      0.0000      0.0000      0.0000
      0.0000      0.0000      0.0000      0.0000      0.0000      0.0000
      0.0000      0.0000      0.0000      0.0000      0.0000      0.0000
      0.0000      0.0000      0.0000      0.0000      0.0000      0.0000
      0.0000      0.0000      0.0000      0.0000      0.0000      0.0000
      0.0000      0.0000      0.0000      0.0000      0.0000      0.0000
      0.0000      0.0000      0.0000      0.0000      0.0000      0.0000
      0.0000      0.0000      0.0000      0.0000      0.0000      0.0000

  USINE N]**- SABARH   **   0          34.5600
      0.3600      0.3600      0.3600      0.3600      0.3600      0.3600
      0.3600      0.3600      0.3600      0.3600      0.3600      0.3600
      0.3600      0.3600      0.3600      0.3600      0.3600      0.3600
      0.3600      0.3600      0.3600      0.3600      0.3600      0.3600
      0.3600      0.3600      0.3600      0.3600      0.3600      0.3600
      0.3600      0.3600      0.3600      0.3600      0.3600      0.3600
      0.3600      0.3600      0.3600      0.3600      0.3600      0.3600
      0.3600      0.3600      0.3600      0.3600      0.3600      0.3600
      0.3600      0.3600      0.3600      0.3600      0.3600      0.3600
      0.3600      0.3600      0.3600      0.3600      0.3600      0.3600
      0.3600      0.3600      0.3600      0.3600      0.3600      0.3600
      0.3600      0.3600      0.3600      0.3600      0.3600      0.3600
      0.3600      0.3600      0.3600      0.3600      0.3600      0.3600
      0.3600      0.3600      0.3600      0.3600      0.3600      0.3600
      0.3600      0.3600      0.3600      0.3600      0.3600      0.3600
      0.3600      0.3600      0.3600      0.3600      0.3600      0.3600

      0.2000      0.0000      0.2000      0.2000      0.2000      0.0000
      0.2000      0.0000      0.0000      0.2000      0.2000      0.2000
      0.2000      0.2000      0.2000      0.2000      0.2000      0.2000
      0.2000      0.2000      0.2000      0.2000      0.2000      0.2000
      0.0000      0.2000      0.2000      0.2000      0.2000      0.2000
      0.2000      0.2000      0.2000      0.2000      0.2000      0.2000
      0.2000      0.2000      0.2000      0.2000      0.2000      0.2000
      0.2000      0.2000      0.0000      0.2000      0.2000      0.0000
      0.2000      0.0000      0.2000      0.0000      0.2000      0.0000
      0.2000      0.0000      0.2000      0.2000      0.2000      0.2000
      0.2000      0.2000      0.2000      0.2000      0.2000      0.2000
      0.2000      0.2000      0.2000      0.2000      0.2000      0.2000
      0.2000      0.2000      0.2000      0.2000      0.2000      0.2000
      0.2000      0.2000      0.2000      0.2000      0.2000      0.2000
      0.2000      0.2000      0.2000      0.2000      0.2000      0.2000
      0.2000      0.2000      0.2000      0.2000      0.2000      0.2000

   DONNEES POUR LA VALLEE N]33-HTVERDON DATE: 07/09/09     2 USINE(S)     2 RESERVOIR(S)
  LAC N]**- CASTIR     0.1000E+04      0.970       -2620.8000
 101210.0000 101210.0000 101181.2000 101152.4000 101123.6000 101123.6000
 101123.6000 101123.6000 101123.6000 101123.6000 101123.6000 101123.6000
 101094.8000 101037.2000 100979.6000 100922.0000 100922.0000 100922.0000
 100922.0000 100922.0000 100922.0000 100922.0000 100922.0000 100922.0000
 100922.0000 100922.0000 100922.0000 100922.0000 100806.8000 100691.6000
 100605.2000 100576.4000 100576.4000 100576.4000 100490.0000 100403.6000
 100374.8000 100346.0000 100288.4000 100230.8000 100173.2000 100058.0000
  99942.8000  99856.4000  99856.4000  99856.4000  99856.4000  99856.4000
  99798.8000  99741.2000  99683.6000  99683.6000  99683.6000  99683.6000
  99683.6000  99683.6000  99683.6000  99683.6000  99683.6000  99683.6000
  99683.6000  99683.6000  99683.6000  99683.6000  99683.6000  99683.6000
  99683.6000  99683.6000  99683.6000  99683.6000  99683.6000  99683.6000
  99683.6000  99683.6000  99683.6000  99683.6000  99654.8000  99626.0000
  99597.2000  99568.4000  99453.2000  99338.0000  99251.6000  99222.8000
  99194.0000  99078.8000  98963.6000  98934.8000  98906.0000  98819.6000
  98733.2000  98646.8000  98618.0000  98589.2000  98589.2000  98589.2000

  LAC N]**- CXDANR     0.1000E+04      0.000        1497.6000
    657.6000    634.2000    639.6000    645.0000    650.4000    627.0000
    603.6000    580.2000    556.8000    533.4000    510.0000    486.6000
    492.0000    526.2000    560.4000    594.6000    571.2000    547.8000
    524.4000    501.0000    477.6000    454.2000    430.8000    407.4000
    384.0000    360.6000    337.2000    313.8000    405.6000    497.4000
    560.4000    565.8000    542.4000    519.0000    582.0000    645.0000
    650.4000    655.8000    690.0000    724.2000    758.4000    850.2000
    942.0000   1005.0000    981.6000    958.2000    934.8000    911.4000
    969.0000   1026.6000   1084.2000   1084.2000   1084.2000   1084.2000
   1084.2000   1084.2000   1084.2000   1084.2000   1084.2000   1084.2000
   1084.2000   1084.2000   1084.2000   1084.2000   1084.2000   1084.2000
   1084.2000   1084.2000   1084.2000   1084.2000   1084.2000   1084.2000
   1084.2000   1084.2000   1084.2000   1084.2000   1113.0000   1141.8000
   1170.6000   1199.4000   1314.6000   1429.8000   1516.2000   1545.0000
   1573.8000   1689.0000   1804.2000   1833.0000   1861.8000   1948.2000
   2034.6000   2121.0000   2149.8000   2178.6000   2178.6000   2178.6000

  USINE N]**- CASTIH   **  **        2620.8000
      0.0000      0.0000     28.8000     28.8000     28.8000      0.0000
      0.0000      0.0000      0.0000      0.0000      0.0000      0.0000
     28.8000     57.6000     57.6000     57.6000      0.0000      0.0000
      0.0000      0.0000      0.0000      0.0000      0.0000      0.0000
      0.0000      0.0000      0.0000      0.0000    115.2000    115.2000
     86.4000     28.8000      0.0000      0.0000     86.4000     86.4000
     28.8000     28.8000     57.6000     57.6000     57.6000    115.2000
    115.2000     86.4000      0.0000      0.0000      0.0000      0.0000
     57.6000     57.6000     57.6000      0.0000      0.0000      0.0000
      0.0000      0.0000      0.0000      0.0000      0.0000      0.0000
      0.0000      0.0000      0.0000      0.0000      0.0000      0.0000
      0.0000      0.0000      0.0000      0.0000      0.0000      0.0000
      0.0000      0.0000      0.0000      0.0000     28.8000     28.8000
     28.8000     28.8000    115.2000    115.2000     86.4000     28.8000
     28.8000    115.2000    115.2000     28.8000     28.8000     86.4000
     86.4000     86.4000     28.8000     28.8000      0.0000      0.0000

      0.0000      0.0000      5.5000      5.5000      5.5000      0.0000
      0.0000      0.0000      0.0000      0.0000      0.0000      0.0000
      5.5000     11.0000     11.0000     11.0000      0.0000      0.0000
      0.0000      0.0000      0.0000      0.0000      0.0000      0.0000
      0.0000      0.0000      0.0000      0.0000     22.0000     22.0000
     16.5000      5.5000      0.0000      0.0000     16.5000     16.5000
      5.5000      5.5000     11.0000     11.0000     11.0000     22.0000
     22.0000     16.5000      0.0000      0.0000      0.0000      0.0000
     11.0000     11.0000     11.0000      0.0000      0.0000      0.0000
      0.0000      0.0000      0.0000      0.0000      0.0000      0.0000
      0.0000      0.0000      0.0000      0.0000      0.0000      0.0000
      0.0000      0.0000      0.0000      0.0000      0.0000      0.0000
      0.0000      0.0000      0.0000      0.0000      5.5000      5.5000
      5.5000      5.5000     22.0000     22.0000     16.5000      5.5000
      5.5000     22.0000     22.0000      5.5000      5.5000     16.5000
     16.5000     16.5000      5.5000      5.5000      0.0000      0.0000

  USINE N]**- CXDANH   **   0        1123.2000
     23.4000     23.4000     23.4000     23.4000     23.4000     23.4000
     23.4000     23.4000     23.4000     23.4000     23.4000     23.4000
     23.4000     23.4000     23.4000     23.4000     23.4000     23.4000
     23.4000     23.4000     23.4000     23.4000     23.4000     23.4000
     23.4000     23.4000     23.4000     23.4000     23.4000     23.4000
     23.4000     23.4000     23.4000     23.4000     23.4000     23.4000
     23.4000     23.4000     23.4000     23.4000     23.4000     23.4000
     23.4000     23.4000     23.4000     23.4000     23.4000     23.4000
      0.0000      0.0000      0.0000      0.0000      0.0000      0.0000
      0.0000      0.0000      0.0000      0.0000      0.0000      0.0000
      0.0000      0.0000      0.0000      0.0000      0.0000      0.0000
      0.0000      0.0000      0.0000      0.0000      0.0000      0.0000
      0.0000      0.0000      0.0000      0.0000      0.0000      0.0000
      0.0000      0.0000      0.0000      0.0000      0.0000      0.0000
      0.0000      0.0000      0.0000      0.0000      0.0000      0.0000
      0.0000      0.0000      0.0000      0.0000      0.0000      0.0000

      3.7500      3.7500      3.7500      3.7500      3.7500      3.7500
      3.7500      3.7500      3.7500      3.7500      3.7500      3.7500
      3.7500      3.7500      3.7500      3.7500      3.7500      3.7500
      3.7500      3.7500      3.7500      3.7500      3.7500      3.7500
      3.7500      3.7500      3.7500      3.7500      3.7500      3.7500
      3.7500      3.7500      3.7500      3.7500      3.7500      3.7500
      3.7500      3.7500      3.7500      3.7500      3.7500      3.7500
      3.7500      3.7500      3.7500      3.7500      3.7500      3.7500
      0.0000      0.0000      0.0000      0.0000      0.0000      0.0000
      0.0000      0.0000      0.0000      0.0000      0.0000      0.0000
      0.0000      0.0000      0.0000      0.0000      0.0000      0.0000
      0.0000      0.0000      0.0000      0.0000      0.0000      0.0000
      0.0000      0.0000      0.0000      0.0000      0.0000      0.0000
      0.0000      0.0000      0.0000      0.0000      0.0000      0.0000
      0.0000      0.0000      0.0000      0.0000      0.0000      0.0000
      0.0000      0.0000      0.0000      0.0000      0.0000      0.0000

