   DONNEES POUR LA VALLEE N]10-H-ISERE  DATE: 07/09/09    12 USINE(S)    11 RESERVOIR(S)
  LAC N]43- TIGNER     0.1000E+04     16.470       -2024.8200
 209661.1000 209624.2000 209608.1800 209608.1800 209608.1800 209608.1800
 209608.1800 209608.1800 209608.1800 209608.1800 209608.1800 209608.1800
 209608.1800 209592.1600 209576.1400 209560.1200 209530.2400 209500.3600
 209470.4800 209440.6000 209403.7000 209366.8000 209329.9000 209300.0200
 209270.1400 209224.2400 209178.3400 209141.4400 209104.5400 209067.6400
 209037.7600 209021.7400 209005.7200 208989.7000 208959.8200 208929.9400
 208900.0600 208870.1800 208840.3000 208810.4200 208780.5400 208764.5200
 208748.5000 208732.4800 208716.4600 208700.4400 208700.4400 208700.4400
 208670.5600 208640.6800 208624.6600 208624.6600 208624.6600 208624.6600
 208624.6600 208624.6600 208624.6600 208624.6600 208624.6600 208608.6400
 208592.6200 208592.6200 208592.6200 208562.7400 208532.8600 208495.9600
 208459.0600 208429.1800 208399.3000 208353.4000 208307.5000 208261.6000
 208224.7000 208187.8000 208150.9000 208114.0000 208084.1200 208054.2400
 208024.3600 207994.4800 207964.6000 207934.7200 207904.8400 207888.8200
 207872.8000 207856.7800 207826.9000 207797.0200 207767.1400 207737.2600
 207721.2400 207705.2200 207689.2000 207673.1800 207673.1800 207673.1800

  LAC N]44- MTRIGR     0.1000E+04      0.000         -67.5823
    479.2977    485.9577    471.7377    441.4977    411.2577    381.0177
    359.7777    338.5377    317.2977    296.0577    274.8177    253.5777
    232.3377    227.1177    221.8977    216.6777    225.3177    233.9577
    242.5977    251.2377    266.8977    282.5577    298.2177    306.8577
    315.4977    340.1577    364.8177    380.4777    396.1377    411.7977
    420.4377    415.2177    409.9977    404.7777    413.4177    422.0577
    430.6977    439.3377    447.9777    456.6177    465.2577    460.0377
    454.8177    449.5977    444.3777    439.1577    417.9177    396.6777
    405.3177    413.9577    408.7377    387.4977    366.2577    345.0177
    323.7777    302.5377    281.2977    260.0577    238.8177    233.5977
    228.3777    207.1377    185.8977    194.5377    203.1777    218.8377
    234.4977    243.1377    251.7777    276.4377    301.0977    325.7577
    341.4177    357.0777    372.7377    388.3977    397.0377    405.6777
    414.3177    422.9577    431.5977    440.2377    448.8777    443.6577
    438.4377    433.2177    441.8577    450.4977    459.1377    467.7777
    462.5577    457.3377    452.1177    446.8977    425.6577    404.4177

  LAC N]45- POMMOR     0.1000E+04      0.000           0.0000
      0.0000      0.0000      0.0000      0.0000      0.0000      0.0000
      0.0000      0.0000      0.0000      0.0000      0.0000      0.0000
      0.0000      0.0000      0.0000      0.0000      0.0000      0.0000
      0.0000      0.0000      0.0000      0.0000      0.0000      0.0000
      0.0000      0.0000      0.0000      0.0000      0.0000      0.0000
      0.0000      0.0000      0.0000      0.0000      0.0000      0.0000
      0.0000      0.0000      0.0000      0.0000      0.0000      0.0000
      0.0000      0.0000      0.0000      0.0000      0.0000      0.0000
      0.0000      0.0000      0.0000      0.0000      0.0000      0.0000
      0.0000      0.0000      0.0000      0.0000      0.0000      0.0000
      0.0000      0.0000      0.0000      0.0000      0.0000      0.0000
      0.0000      0.0000      0.0000      0.0000      0.0000      0.0000
      0.0000      0.0000      0.0000      0.0000      0.0000      0.0000
      0.0000      0.0000      0.0000      0.0000      0.0000      0.0000
      0.0000      0.0000      0.0000      0.0000      0.0000      0.0000
      0.0000      0.0000      0.0000      0.0000      0.0000      0.0000

  LAC N]46- AIGUER     0.1000E+04      0.000           0.0001
    140.3457    109.9995    109.9995    147.7995    194.5995    183.7075
    175.1077    224.2000    280.0000    278.1080    218.5240    135.4158
    109.9995    109.9995    109.9995    109.9995    109.9995    109.9995
    156.7995    167.6915    120.8915    109.9995    156.7995    162.2455
    109.9995    109.9995    156.7995    203.5995    250.3995    280.0000
    261.2800    241.7940    280.0000    280.0000    280.0000    280.0000
    280.0000    270.6400    203.5880    127.9478    109.9995    109.9995
    109.9995    109.9995    109.9995    130.3395    175.0255    162.0195
    109.9995    109.9995    109.9995    146.8872    126.0829    109.9995
    151.6081    198.4081    245.2081    273.2001    243.5001    213.8001
    221.7201    229.6401    237.5601    237.5601    237.5601    194.5401
    151.5201    151.5201    151.5201    151.5201    151.5201    151.5201
    151.5201    151.5201    151.5201    151.5201    159.4401    167.3601
    167.3601    167.3601    167.3601    167.3601    175.2801    183.2001
    183.2001    183.2001    183.2001    191.1201    199.0401    156.0201
    113.0001    113.0001    113.0001    113.0001    113.0001    113.0001

  LAC N]47- COCHER     0.1000E+04      0.260           0.0000
    300.0000    300.0000    300.0000    300.0000    300.0000    300.0000
    300.0000    300.0000    300.0000    300.0000    300.0000    300.0000
    300.0000    300.0000    300.0000    300.0000    300.0000    300.0000
    300.0000    300.0000    300.0000    300.0000    300.0000    300.0000
    300.0000    300.0000    300.0000    300.0000    300.0000    300.0000
    300.0000    300.0000    300.0000    300.0000    300.0000    300.0000
    300.0000    300.0000    300.0000    300.0000    300.0000    300.0000
    300.0000    300.0000    300.0000    300.0000    300.0000    300.0000
    300.0000    300.0000    300.0000    300.0000    300.0000    300.0000
    300.0000    300.0000    300.0000    300.0000    300.0000    300.0000
    300.0000    300.0000    300.0000    300.0000    300.0000    300.0000
    300.0000    300.0000    300.0000    300.0000    300.0000    300.0000
    300.0000    300.0000    300.0000    300.0000    300.0000    300.0000
    300.0000    300.0000    300.0000    300.0000    300.0000    300.0000
    300.0000    300.0000    300.0000    300.0000    300.0000    300.0000
    300.0000    300.0000    300.0000    300.0000    300.0000    300.0000

  LAC N]48- SSEG5R     0.1000E+04      0.000           0.0000
      0.0000      0.0000      0.0000    302.5800     31.6800    298.9800
     19.0800    277.3800    535.6800    793.9800   1000.0000    884.2600
   1000.0000    760.6000    993.7000    868.6000   1000.0000    753.4000
    947.8000    784.0000    706.1995    506.3995    617.9995    279.5995
    391.1995     61.7995    200.3995    346.1995    144.2537      0.0000
    197.4600     34.9200    266.5800    506.0720    406.4834    282.6911
    510.3911    402.4831    358.4803    331.7886    247.4048    137.6048
     27.8048     23.4000    280.8000      0.0000    210.6000    464.3080
    233.9572    517.1892    197.8692    458.1032    245.0292    517.9092
    293.9892    511.0692    728.1492    702.8200   1000.0000    759.7460
   1000.0000    828.4600   1000.0000   1000.0000   1000.0000   1000.0000
    937.4520    791.6923    584.1005    429.6600    225.5400      0.0000
    224.4600      0.0000    213.7940      0.0000      0.0000    237.0600
    123.1200    328.6923    230.6966    153.2086      0.0000    218.7393
    464.4393    335.6473    264.5473    217.4400    108.7200      0.0000
    109.8000      0.0000    248.4000      1.6200    289.8000      0.0000

  LAC N]49- BXVOIR     0.1000E+04      0.000           0.0000
      0.0000      0.0000      0.0000      0.0000      0.0000      0.0000
      0.0000      0.0000      0.0000      0.0000      0.0000      0.0000
      0.0000      0.0000      0.0000      0.0000      0.0000      0.0000
      0.0000      0.0000      0.0000      0.0000      0.0000      0.0000
      0.0000      0.0000      0.0000      0.0000      0.0000      0.0000
      0.0000      0.0000      0.0000      0.0000      0.0000      0.0000
      0.0000      0.0000      0.0000      0.0000      0.0000      0.0000
      0.0000      0.0000      0.0000      0.0000      0.0000      0.0000
      0.0000      0.0000      0.0000      0.0000      0.0000      0.0000
      0.0000      0.0000      0.0000      0.0000      0.0000      0.0000
      0.0000      0.0000      0.0000      0.0000      0.0000      0.0000
      0.0000      0.0000      0.0000      0.0000      0.0000      0.0000
      0.0000      0.0000      0.0000      0.0000      0.0000      0.0000
      0.0000      0.0000      0.0000      0.0000      0.0000      0.0000
      0.0000      0.0000      0.0000      0.0000      0.0000      0.0000
      0.0000      0.0000      0.0000      0.0000      0.0000      0.0000

  LAC N]50- SSHILR     0.1000E+04      0.000           0.0000
      0.0000      0.0000      0.0000      0.0000      0.0000      0.0000
      0.0000      0.0000      0.0000      0.0000      0.0000      0.0000
      0.0000      0.0000      0.0000      0.0000      0.0000      0.0000
      0.0000      0.0000      0.0000      0.0000      0.0000      0.0000
      0.0000      0.0000      0.0000      0.0000      0.0000      0.0000
      0.0000      0.0000      0.0000      0.0000      0.0000      0.0000
      0.0000      0.0000      0.0000      0.0000      0.0000      0.0000
      0.0000      0.0000      0.0000      0.0000      0.0000      0.0000
      0.0000      0.0000      0.0000      0.0000      0.0000      0.0000
      0.0000      0.0000      0.0000      0.0000      0.0000      0.0000
      0.0000      0.0000      0.0000      0.0000      0.0000      0.0000
      0.0000      0.0000      0.0000      0.0000      0.0000      0.0000
      0.0000      0.0000      0.0000      0.0000      0.0000      0.0000
      0.0000      0.0000      0.0000      0.0000      0.0000      0.0000
      0.0000      0.0000      0.0000      0.0000      0.0000      0.0000
      0.0000      0.0000      0.0000      0.0000      0.0000      0.0000

  LAC N]51- PIZANR     0.1000E+04      0.000           0.0000
      0.0000      0.0000      0.0000      0.0000      0.0000      0.0000
      0.0000      0.0000      0.0000      0.0000      0.0000      0.0000
      0.0000      0.0000      0.0000      0.0000      0.0000      0.0000
      0.0000      0.0000      0.0000      0.0000      0.0000      0.0000
      0.0000      0.0000      0.0000      0.0000      0.0000      0.0000
      0.0000      0.0000      0.0000      0.0000      0.0000      0.0000
      0.0000      0.0000      0.0000      0.0000      0.0000      0.0000
      0.0000      0.0000      0.0000      0.0000      0.0000      0.0000
      0.0000      0.0000      0.0000      0.0000      0.0000      0.0000
      0.0000      0.0000      0.0000      0.0000      0.0000      0.0000
      0.0000      0.0000      0.0000      0.0000      0.0000      0.0000
      0.0000      0.0000      0.0000      0.0000      0.0000      0.0000
      0.0000      0.0000      0.0000      0.0000      0.0000      0.0000
      0.0000      0.0000      0.0000      0.0000      0.0000      0.0000
      0.0000      0.0000      0.0000      0.0000      0.0000      0.0000
      0.0000      0.0000      0.0000      0.0000      0.0000      0.0000

  LAC N]52- VANELR     0.1000E+04      0.000           0.0000
      0.0000      0.0000      0.0000      0.0000      0.0000      0.0000
      0.0000      0.0000      0.0000      0.0000      0.0000      0.0000
      0.0000      0.0000      0.0000      0.0000      0.0000      0.0000
      0.0000      0.0000      0.0000      0.0000      0.0000      0.0000
      0.0000      0.0000      0.0000      0.0000      0.0000      0.0000
      0.0000      0.0000      0.0000      0.0000      0.0000      0.0000
      0.0000      0.0000      0.0000      0.0000      0.0000      0.0000
      0.0000      0.0000      0.0000      0.0000      0.0000      0.0000
      0.0000      0.0000      0.0000      0.0000      0.0000      0.0000
      0.0000      0.0000      0.0000      0.0000      0.0000      0.0000
      0.0000      0.0000      0.0000      0.0000      0.0000      0.0000
      0.0000      0.0000      0.0000      0.0000      0.0000      0.0000
      0.0000      0.0000      0.0000      0.0000      0.0000      0.0000
      0.0000      0.0000      0.0000      0.0000      0.0000      0.0000
      0.0000      0.0000      0.0000      0.0000      0.0000      0.0000
      0.0000      0.0000      0.0000      0.0000      0.0000      0.0000

  LAC N]53- B.MONR     0.1000E+04      0.000           0.0000
      0.0000      0.0000      0.0000      0.0000      0.0000      0.0000
      0.0000      0.0000      0.0000      0.0000      0.0000      0.0000
      0.0000      0.0000      0.0000      0.0000      0.0000      0.0000
      0.0000      0.0000      0.0000      0.0000      0.0000      0.0000
      0.0000      0.0000      0.0000      0.0000      0.0000      0.0000
      0.0000      0.0000      0.0000      0.0000      0.0000      0.0000
      0.0000      0.0000      0.0000      0.0000      0.0000      0.0000
      0.0000      0.0000      0.0000      0.0000      0.0000      0.0000
      0.0000      0.0000      0.0000      0.0000      0.0000      0.0000
      0.0000      0.0000      0.0000      0.0000      0.0000      0.0000
      0.0000      0.0000      0.0000      0.0000      0.0000      0.0000
      0.0000      0.0000      0.0000      0.0000      0.0000      0.0000
      0.0000      0.0000      0.0000      0.0000      0.0000      0.0000
      0.0000      0.0000      0.0000      0.0000      0.0000      0.0000
      0.0000      0.0000      0.0000      0.0000      0.0000      0.0000
      0.0000      0.0000      0.0000      0.0000      0.0000      0.0000

  USINE N]56- TIGNEH   43  44        2024.8200
     36.9000     36.9000     16.0200      0.0000      0.0000      0.0000
      0.0000      0.0000      0.0000      0.0000      0.0000      0.0000
      0.0000     16.0200     16.0200     16.0200     29.8800     29.8800
     29.8800     29.8800     36.9000     36.9000     36.9000     29.8800
     29.8800     45.9000     45.9000     36.9000     36.9000     36.9000
     29.8800     16.0200     16.0200     16.0200     29.8800     29.8800
     29.8800     29.8800     29.8800     29.8800     29.8800     16.0200
     16.0200     16.0200     16.0200     16.0200      0.0000      0.0000
     29.8800     29.8800     16.0200      0.0000      0.0000      0.0000
      0.0000      0.0000      0.0000      0.0000      0.0000     16.0200
     16.0200      0.0000      0.0000     29.8800     29.8800     36.9000
     36.9000     29.8800     29.8800     45.9000     45.9000     45.9000
     36.9000     36.9000     36.9000     36.9000     29.8800     29.8800
     29.8800     29.8800     29.8800     29.8800     29.8800     16.0200
     16.0200     16.0200     29.8800     29.8800     29.8800     29.8800
     16.0200     16.0200     16.0200     16.0200      0.0000      0.0000

     80.0000     80.0000     35.0000      0.0000      0.0000      0.0000
      0.0000      0.0000      0.0000      0.0000      0.0000      0.0000
      0.0000     35.0000     35.0000     35.0000     65.0000     65.0000
     65.0000     65.0000     80.0000     80.0000     80.0000     65.0000
     65.0000    100.0000    100.0000     80.0000     80.0000     80.0000
     65.0000     35.0000     35.0000     35.0000     65.0000     65.0000
     65.0000     65.0000     65.0000     65.0000     65.0000     35.0000
     35.0000     35.0000     35.0000     35.0000      0.0000      0.0000
     65.0000     65.0000     35.0000      0.0000      0.0000      0.0000
      0.0000      0.0000      0.0000      0.0000      0.0000     35.0000
     35.0000      0.0000      0.0000     65.0000     65.0000     80.0000
     80.0000     65.0000     65.0000    100.0000    100.0000    100.0000
     80.0000     80.0000     80.0000     80.0000     65.0000     65.0000
     65.0000     65.0000     65.0000     65.0000     65.0000     35.0000
     35.0000     35.0000     65.0000     65.0000     65.0000     65.0000
     35.0000     35.0000     35.0000     35.0000      0.0000      0.0000

  USINE N]57- MTRIGH   44  45        2646.0000
     36.0000     36.0000     36.0000     36.0000     36.0000     36.0000
     27.0000     27.0000     27.0000     27.0000     27.0000     27.0000
     27.0000     27.0000     27.0000     27.0000     27.0000     27.0000
     27.0000     27.0000     27.0000     27.0000     27.0000     27.0000
     27.0000     27.0000     27.0000     27.0000     27.0000     27.0000
     27.0000     27.0000     27.0000     27.0000     27.0000     27.0000
     27.0000     27.0000     27.0000     27.0000     27.0000     27.0000
     27.0000     27.0000     27.0000     27.0000     27.0000     27.0000
     27.0000     27.0000     27.0000     27.0000     27.0000     27.0000
     27.0000     27.0000     27.0000     27.0000     27.0000     27.0000
     27.0000     27.0000     27.0000     27.0000     27.0000     27.0000
     27.0000     27.0000     27.0000     27.0000     27.0000     27.0000
     27.0000     27.0000     27.0000     27.0000     27.0000     27.0000
     27.0000     27.0000     27.0000     27.0000     27.0000     27.0000
     27.0000     27.0000     27.0000     27.0000     27.0000     27.0000
     27.0000     27.0000     27.0000     27.0000     27.0000     27.0000

      0.0000      0.0000      0.0000      0.0000      0.0000      0.0000
      0.0000      0.0000      0.0000      0.0000      0.0000      0.0000
      0.0000      0.0000      0.0000      0.0000      0.0000      0.0000
      0.0000      0.0000      0.0000      0.0000      0.0000      0.0000
      0.0000      0.0000      0.0000      0.0000      0.0000      0.0000
      0.0000      0.0000      0.0000      0.0000      0.0000      0.0000
      0.0000      0.0000      0.0000      0.0000      0.0000      0.0000
      0.0000      0.0000      0.0000      0.0000      0.0000      0.0000
      0.0000      0.0000      0.0000      0.0000      0.0000      0.0000
      0.0000      0.0000      0.0000      0.0000      0.0000      0.0000
      0.0000      0.0000      0.0000      0.0000      0.0000      0.0000
      0.0000      0.0000      0.0000      0.0000      0.0000      0.0000
      0.0000      0.0000      0.0000      0.0000      0.0000      0.0000
      0.0000      0.0000      0.0000      0.0000      0.0000      0.0000
      0.0000      0.0000      0.0000      0.0000      0.0000      0.0000
      0.0000      0.0000      0.0000      0.0000      0.0000      0.0000

  USINE N]58- POMMOH   45  46        2827.8000
     19.8000     19.8000     28.8000     28.8000     37.8000     37.8000
     37.8000     37.8000     37.8000     37.8000     37.8000     37.8000
     37.8000     28.8000     28.8000     28.8000     28.8000     28.8000
     28.8000     28.8000     28.8000     28.8000     28.8000     28.8000
     28.8000     28.8000     28.8000     28.8000     28.8000     28.8000
     28.8000     28.8000     28.8000     28.8000     28.8000     28.8000
     28.8000     28.8000     28.8000     28.8000     28.8000     28.8000
     28.8000     28.8000     28.8000     28.8000     28.8000     28.8000
     28.8000     28.8000     28.8000     28.8000     28.8000     28.8000
     28.8000     28.8000     28.8000     28.8000     28.8000     28.8000
     28.8000     28.8000     28.8000     28.8000     28.8000     28.8000
     28.8000     28.8000     28.8000     28.8000     28.8000     28.8000
     28.8000     28.8000     28.8000     28.8000     28.8000     28.8000
     28.8000     28.8000     28.8000     28.8000     28.8000     28.8000
     28.8000     28.8000     28.8000     28.8000     28.8000     28.8000
     28.8000     28.8000     28.8000     28.8000     28.8000     28.8000

      4.1250      0.0000      6.0000      6.0000      7.8750      7.8750
      7.8750      0.0000      0.0000      7.8750      7.8750      7.8750
      7.8750      6.0000      6.0000      6.0000      6.0000      6.0000
      6.0000      6.0000      6.0000      6.0000      6.0000      6.0000
      6.0000      6.0000      6.0000      6.0000      6.0000      6.0000
      6.0000      6.0000      6.0000      6.0000      6.0000      6.0000
      6.0000      6.0000      6.0000      6.0000      6.0000      6.0000
      6.0000      6.0000      0.0000      6.0000      6.0000      0.0000
      6.0000      0.0000      6.0000      0.0000      6.0000      0.0000
      6.0000      6.0000      6.0000      6.0000      6.0000      6.0000
      6.0000      6.0000      6.0000      6.0000      6.0000      6.0000
      6.0000      6.0000      6.0000      6.0000      6.0000      6.0000
      6.0000      6.0000      6.0000      6.0000      6.0000      6.0000
      6.0000      6.0000      6.0000      6.0000      6.0000      6.0000
      6.0000      6.0000      6.0000      6.0000      6.0000      6.0000
      6.0000      6.0000      6.0000      6.0000      6.0000      6.0000

  USINE N]59- COCHEH   47  46           0.0000
      0.0000      0.0000      0.0000      0.0000      0.0000      0.0000
      0.0000      0.0000      0.0000      0.0000      0.0000      0.0000
      0.0000      0.0000      0.0000      0.0000      0.0000      0.0000
      0.0000      0.0000      0.0000      0.0000      0.0000      0.0000
      0.0000      0.0000      0.0000      0.0000      0.0000      0.0000
      0.0000      0.0000      0.0000      0.0000      0.0000      0.0000
      0.0000      0.0000      0.0000      0.0000      0.0000      0.0000
      0.0000      0.0000      0.0000      0.0000      0.0000      0.0000
      0.0000      0.0000      0.0000      0.0000      0.0000      0.0000
      0.0000      0.0000      0.0000      0.0000      0.0000      0.0000
      0.0000      0.0000      0.0000      0.0000      0.0000      0.0000
      0.0000      0.0000      0.0000      0.0000      0.0000      0.0000
      0.0000      0.0000      0.0000      0.0000      0.0000      0.0000
      0.0000      0.0000      0.0000      0.0000      0.0000      0.0000
      0.0000      0.0000      0.0000      0.0000      0.0000      0.0000
      0.0000      0.0000      0.0000      0.0000      0.0000      0.0000

      0.0000      0.0000      0.0000      0.0000      0.0000      0.0000
      0.0000      0.0000      0.0000      0.0000      0.0000      0.0000
      0.0000      0.0000      0.0000      0.0000      0.0000      0.0000
      0.0000      0.0000      0.0000      0.0000      0.0000      0.0000
      0.0000      0.0000      0.0000      0.0000      0.0000      0.0000
      0.0000      0.0000      0.0000      0.0000      0.0000      0.0000
      0.0000      0.0000      0.0000      0.0000      0.0000      0.0000
      0.0000      0.0000      0.0000      0.0000      0.0000      0.0000
      0.0000      0.0000      0.0000      0.0000      0.0000      0.0000
      0.0000      0.0000      0.0000      0.0000      0.0000      0.0000
      0.0000      0.0000      0.0000      0.0000      0.0000      0.0000
      0.0000      0.0000      0.0000      0.0000      0.0000      0.0000
      0.0000      0.0000      0.0000      0.0000      0.0000      0.0000
      0.0000      0.0000      0.0000      0.0000      0.0000      0.0000
      0.0000      0.0000      0.0000      0.0000      0.0000      0.0000
      0.0000      0.0000      0.0000      0.0000      0.0000      0.0000

  USINE N]60- COCHEP   46  47           0.0000
      0.0000      0.0000      0.0000      0.0000      0.0000      0.0000
      0.0000      0.0000      0.0000      0.0000      0.0000      0.0000
      0.0000      0.0000      0.0000      0.0000      0.0000      0.0000
      0.0000      0.0000      0.0000      0.0000      0.0000      0.0000
      0.0000      0.0000      0.0000      0.0000      0.0000      0.0000
      0.0000      0.0000      0.0000      0.0000      0.0000      0.0000
      0.0000      0.0000      0.0000      0.0000      0.0000      0.0000
      0.0000      0.0000      0.0000      0.0000      0.0000      0.0000
      0.0000      0.0000      0.0000      0.0000      0.0000      0.0000
      0.0000      0.0000      0.0000      0.0000      0.0000      0.0000
      0.0000      0.0000      0.0000      0.0000      0.0000      0.0000
      0.0000      0.0000      0.0000      0.0000      0.0000      0.0000
      0.0000      0.0000      0.0000      0.0000      0.0000      0.0000
      0.0000      0.0000      0.0000      0.0000      0.0000      0.0000
      0.0000      0.0000      0.0000      0.0000      0.0000      0.0000
      0.0000      0.0000      0.0000      0.0000      0.0000      0.0000

      0.0000      0.0000      0.0000      0.0000      0.0000      0.0000
      0.0000      0.0000      0.0000      0.0000      0.0000      0.0000
      0.0000      0.0000      0.0000      0.0000      0.0000      0.0000
      0.0000      0.0000      0.0000      0.0000      0.0000      0.0000
      0.0000      0.0000      0.0000      0.0000      0.0000      0.0000
      0.0000      0.0000      0.0000      0.0000      0.0000      0.0000
      0.0000      0.0000      0.0000      0.0000      0.0000      0.0000
      0.0000      0.0000      0.0000      0.0000      0.0000      0.0000
      0.0000      0.0000      0.0000      0.0000      0.0000      0.0000
      0.0000      0.0000      0.0000      0.0000      0.0000      0.0000
      0.0000      0.0000      0.0000      0.0000      0.0000      0.0000
      0.0000      0.0000      0.0000      0.0000      0.0000      0.0000
      0.0000      0.0000      0.0000      0.0000      0.0000      0.0000
      0.0000      0.0000      0.0000      0.0000      0.0000      0.0000
      0.0000      0.0000      0.0000      0.0000      0.0000      0.0000
      0.0000      0.0000      0.0000      0.0000      0.0000      0.0000

  USINE N]61- RANDEH   46  48        4537.7999
     10.4543     68.1463     37.8000      0.0000      0.0000     57.6920
     64.3997      6.7077      0.0000     57.6920    115.3840    138.9083
     81.2163     55.8000     55.8000     46.8000     46.8000     46.8000
      0.0000     35.9080     93.6000     57.6920      0.0000     41.3540
     99.0460     46.8000      0.0000      0.0000      0.0000     17.1995
     65.5200     66.2860      8.5940     46.8000     46.8000     46.8000
     46.8000     56.1600    113.8520    122.4403     64.7483     46.8000
     46.8000     46.8000     46.8000     26.4600      2.1140     59.8060
     98.8200     46.8000     46.8000      9.9123     67.6043     62.8834
      5.1914      0.0000      0.0000     18.8080     76.5000     76.5000
     38.8800     38.8800     38.8800     46.8000     46.8000     89.8200
     89.8200     46.8000     46.8000     46.8000     46.8000     46.8000
     46.8000     46.8000     46.8000     46.8000     38.8800     38.8800
     46.8000     46.8000     46.8000     46.8000     38.8800     38.8800
     46.8000     46.8000     46.8000     38.8800     38.8800     89.8200
     89.8200     46.8000     46.8000     46.8000     46.8000     46.8000

      0.0000      0.0000      0.0000      0.0000      0.0000      0.0000
      0.0000      0.0000      0.0000      0.0000      0.0000      0.0000
      0.0000      0.0000      0.0000      0.0000      0.0000      0.0000
      0.0000      0.0000      0.0000      0.0000      0.0000      0.0000
      0.0000      0.0000      0.0000      0.0000      0.0000      0.0000
      0.0000      0.0000      0.0000      0.0000      0.0000      0.0000
      0.0000      0.0000      0.0000      0.0000      0.0000      0.0000
      0.0000      0.0000      0.0000      0.0000      0.0000      0.0000
      0.0000      0.0000      0.0000      0.0000      0.0000      0.0000
      0.0000      0.0000      0.0000      0.0000     25.0000     25.0000
     13.0000     13.0000     13.0000     16.0000     16.0000     29.5000
     29.5000     16.0000     16.0000     16.0000     16.0000     16.0000
     16.0000     16.0000     16.0000     16.0000     13.0000     13.0000
     16.0000     16.0000     16.0000     16.0000     13.0000     13.0000
     16.0000     16.0000     16.0000     13.0000     13.0000     29.5000
     29.5000     16.0000     16.0000     16.0000     16.0000     16.0000

  USINE N]62- SSEG5H   48  49       23075.0931
    294.6600    302.5800    302.5800      0.0000    538.2000      0.0000
    538.2000      0.0000      0.0000      0.0000     36.4400    358.2000
    108.7200    450.0000      0.0000    358.2000     72.0000    450.0000
      0.0000    358.2000    236.2005    358.2000      0.0000    450.0000
      0.0000    450.0000      0.0000      0.0000    358.2000    358.2000
      0.0000    358.2000      0.0000      0.0000    358.2000    358.2000
      0.0000    358.2000    358.2000    358.2000    358.2000    358.2000
    358.2000    243.8048      0.0000    538.2000      0.0000      0.0000
    538.2000      0.0000    538.2000      0.0000    538.2000      0.0000
    450.0000      0.0000      0.0000    274.1887      0.0000    538.2000
      0.0000    450.0000    106.9200    263.8800    256.6800    259.2000
    358.2000    450.0000    450.0000    400.3205    450.0000    450.0000
      0.0000    450.0000      0.0000    450.0000    275.2200      0.0000
    358.2000      0.0000    358.2000    332.9714    358.2000      0.0000
      0.0000    358.2000    358.2000    334.2073    358.2000    358.2000
    130.6800    358.2000      0.0000    538.2000      3.2400    538.2000

      7.5302     -2.2743      7.7326      0.0000     11.5000      0.0000
     11.5000      0.0000      0.0000      0.0000      0.9312      9.1540
      2.7784     11.5000      0.0000      9.1540      1.8400     11.5000
      0.0000      9.1540      6.0362      9.1540      0.0000     11.5000
      0.0000     11.5000      0.0000      0.0000      9.1540      9.1540
      0.0000      9.1540      0.0000      0.0000      9.1540      9.1540
      0.0000      9.1540      9.1540      9.1540      9.1540      9.1540
      9.1540      6.2306      0.0000     11.5000      0.0000      0.0000
     11.5000      0.0000     11.5000      0.0000     11.5000      0.0000
     11.5000      0.0000      0.0000      7.0070      0.0000     11.5000
      0.0000     11.5000      2.7324      6.7436      6.5596      6.6240
      9.1540     11.5000     11.5000     10.2304     11.5000     11.5000
      0.0000     11.5000      0.0000     11.5000      7.0334      0.0000
      9.1540      0.0000      9.1540      8.5093      9.1540      0.0000
      0.0000      9.1540      9.1540      8.5409      9.1540      9.1540
      3.3396      9.1540      0.0000     11.5000      0.0828     11.5000

  USINE N]63- BXVOIH   49  50       23075.0931
    294.6600    302.5800    302.5800      0.0000    538.2000      0.0000
    538.2000      0.0000      0.0000      0.0000     36.4400    358.2000
    108.7200    450.0000      0.0000    358.2000     72.0000    450.0000
      0.0000    358.2000    236.2005    358.2000      0.0000    450.0000
      0.0000    450.0000      0.0000      0.0000    358.2000    358.2000
      0.0000    358.2000      0.0000      0.0000    358.2000    358.2000
      0.0000    358.2000    358.2000    358.2000    358.2000    358.2000
    358.2000    243.8048      0.0000    538.2000      0.0000      0.0000
    538.2000      0.0000    538.2000      0.0000    538.2000      0.0000
    450.0000      0.0000      0.0000    274.1887      0.0000    538.2000
      0.0000    450.0000    106.9200    263.8800    256.6800    259.2000
    358.2000    450.0000    450.0000    400.3205    450.0000    450.0000
      0.0000    450.0000      0.0000    450.0000    275.2200      0.0000
    358.2000      0.0000    358.2000    332.9714    358.2000      0.0000
      0.0000    358.2000    358.2000    334.2073    358.2000    358.2000
    130.6800    358.2000      0.0000    538.2000      3.2400    538.2000

      7.8576     -4.0576      8.0688      0.0000     14.3520      0.0000
     14.3520      0.0000      0.0000      0.0000      0.9717      9.5520
      2.8992     12.0000      0.0000      9.5520      1.9200     12.0000
      0.0000      9.5520      6.2987      9.5520      0.0000     12.0000
      0.0000     12.0000      0.0000      0.0000      9.5520      9.5520
      0.0000      9.5520      0.0000      0.0000      9.5520      9.5520
      0.0000      9.5520      9.5520      9.5520      9.5520      9.5520
      9.5520      6.5015      0.0000     14.3520      0.0000      0.0000
     14.3520      0.0000     14.3520      0.0000     14.3520      0.0000
     12.0000      0.0000      0.0000      7.3117      0.0000     14.3520
      0.0000     12.0000      2.8512      7.0368      6.8448      6.9120
      9.5520     12.0000     12.0000     10.6752     12.0000     12.0000
      0.0000     12.0000      0.0000     12.0000      7.3392      0.0000
      9.5520      0.0000      9.5520      8.8792      9.5520      0.0000
      0.0000      9.5520      9.5520      8.9122      9.5520      9.5520
      3.4848      9.5520      0.0000     14.3520      0.0864     14.3520

  USINE N]64- SSHILH   50  51       23247.8931
    296.4600    304.3800    304.3800      1.8000    540.0000      1.8000
    540.0000      1.8000      1.8000      1.8000     38.2400    360.0000
    110.5200    451.8000      1.8000    360.0000     73.8000    451.8000
      1.8000    360.0000    238.0005    360.0000      1.8000    451.8000
      1.8000    451.8000      1.8000      1.8000    360.0000    360.0000
      1.8000    360.0000      1.8000      1.8000    360.0000    360.0000
      1.8000    360.0000    360.0000    360.0000    360.0000    360.0000
    360.0000    245.6048      1.8000    540.0000      1.8000      1.8000
    540.0000      1.8000    540.0000      1.8000    540.0000      1.8000
    451.8000      1.8000      1.8000    275.9887      1.8000    540.0000
      1.8000    451.8000    108.7200    265.6800    258.4800    261.0000
    360.0000    451.8000    451.8000    402.1205    451.8000    451.8000
      1.8000    451.8000      1.8000    451.8000    277.0200      1.8000
    360.0000      1.8000    360.0000    334.7714    360.0000      1.8000
      1.8000    360.0000    360.0000    336.0073    360.0000    360.0000
    132.4800    360.0000      1.8000    540.0000      5.0400    540.0000

      6.5880     -4.0584      6.7640      0.0400     12.0000     -0.0240
     12.0000     -0.0240     -0.0240      0.0400      0.8498      8.0000
      2.4560     10.0400      0.0400      8.0000      1.6400     10.0400
      0.0400      8.0000      5.2889      8.0000      0.0400     10.0400
     -0.0240     10.0400      0.0400      0.0400      8.0000      8.0000
      0.0400      8.0000      0.0400      0.0400      8.0000      8.0000
      0.0400      8.0000      8.0000      8.0000      8.0000      8.0000
      8.0000      5.4579     -0.0240     12.0000      0.0400     -0.0240
     12.0000     -0.0240     12.0000     -0.0240     12.0000     -0.0240
     10.0400      0.0400      0.0400      6.1331      0.0400     12.0000
      0.0400     10.0400      2.4160      5.9040      5.7440      5.8000
      8.0000     10.0400     10.0400      8.9360     10.0400     10.0400
      0.0400     10.0400      0.0400     10.0400      6.1560      0.0400
      8.0000      0.0400      8.0000      7.4394      8.0000      0.0400
      0.0400      8.0000      8.0000      7.4668      8.0000      8.0000
      2.9440      8.0000     -0.0240     12.0000      0.1120     12.0000

  USINE N]65- PIZANH   51  52       23247.8931
    296.4600    304.3800    304.3800      1.8000    540.0000      1.8000
    540.0000      1.8000      1.8000      1.8000     38.2400    360.0000
    110.5200    451.8000      1.8000    360.0000     73.8000    451.8000
      1.8000    360.0000    238.0005    360.0000      1.8000    451.8000
      1.8000    451.8000      1.8000      1.8000    360.0000    360.0000
      1.8000    360.0000      1.8000      1.8000    360.0000    360.0000
      1.8000    360.0000    360.0000    360.0000    360.0000    360.0000
    360.0000    245.6048      1.8000    540.0000      1.8000      1.8000
    540.0000      1.8000    540.0000      1.8000    540.0000      1.8000
    451.8000      1.8000      1.8000    275.9887      1.8000    540.0000
      1.8000    451.8000    108.7200    265.6800    258.4800    261.0000
    360.0000    451.8000    451.8000    402.1205    451.8000    451.8000
      1.8000    451.8000      1.8000    451.8000    277.0200      1.8000
    360.0000      1.8000    360.0000    334.7714    360.0000      1.8000
      1.8000    360.0000    360.0000    336.0073    360.0000    360.0000
    132.4800    360.0000      1.8000    540.0000      5.0400    540.0000

      8.2350     -1.8789      8.4550      0.0500     10.0000     -0.0111
     10.0000     -0.0111     -0.0111      0.0500      1.0622     10.0000
      3.0700     10.0000      0.0500     10.0000      2.0500     10.0000
      0.0500     10.0000      6.6111     10.0000      0.0500     10.0000
     -0.0111     10.0000      0.0500      0.0500     10.0000     10.0000
      0.0500     10.0000      0.0500      0.0500     10.0000     10.0000
      0.0500     10.0000     10.0000     10.0000     10.0000     10.0000
     10.0000      6.8224     -0.0111     10.0000      0.0500     -0.0111
     10.0000     -0.0111     10.0000     -0.0111     10.0000     -0.0111
     10.0000      0.0500      0.0500      7.6664      0.0500     10.0000
      0.0500     10.0000      3.0200      7.3800      7.1800      7.2500
     10.0000     10.0000     10.0000     10.0000     10.0000     10.0000
      0.0500     10.0000      0.0500     10.0000      7.6950      0.0500
     10.0000      0.0500     10.0000      9.2992     10.0000      0.0500
      0.0500     10.0000     10.0000      9.3335     10.0000     10.0000
      3.6800     10.0000      0.0500     10.0000      0.1400     10.0000

  USINE N]66- VANELH   52  53       23247.8931
    296.4600    304.3800    304.3800      1.8000    540.0000      1.8000
    540.0000      1.8000      1.8000      1.8000     38.2400    360.0000
    110.5200    451.8000      1.8000    360.0000     73.8000    451.8000
      1.8000    360.0000    238.0005    360.0000      1.8000    451.8000
      1.8000    451.8000      1.8000      1.8000    360.0000    360.0000
      1.8000    360.0000      1.8000      1.8000    360.0000    360.0000
      1.8000    360.0000    360.0000    360.0000    360.0000    360.0000
    360.0000    245.6048      1.8000    540.0000      1.8000      1.8000
    540.0000      1.8000    540.0000      1.8000    540.0000      1.8000
    451.8000      1.8000      1.8000    275.9887      1.8000    540.0000
      1.8000    451.8000    108.7200    265.6800    258.4800    261.0000
    360.0000    451.8000    451.8000    402.1205    451.8000    451.8000
      1.8000    451.8000      1.8000    451.8000    277.0200      1.8000
    360.0000      1.8000    360.0000    334.7714    360.0000      1.8000
      1.8000    360.0000    360.0000    336.0073    360.0000    360.0000
    132.4800    360.0000      1.8000    540.0000      5.0400    540.0000

      5.6156     -1.8894      5.7531      0.0345      9.8438     -0.0112
      9.8438     -0.0112     -0.0112      0.0345      0.7326      6.7188
      2.1172      8.3125      0.0345      6.7188      1.4138      8.3125
      0.0345      6.7188      4.5594      6.7188      0.0345      8.3125
     -0.0112      8.3125      0.0345      0.0345      6.7188      6.7188
      0.0345      6.7188      0.0345      0.0345      6.7188      6.7188
      0.0345      6.7188      6.7188      6.7188      6.7188      6.7188
      6.7188      4.7051     -0.0112      9.8438      0.0345     -0.0112
      9.8438     -0.0112      9.8438     -0.0112      9.8438     -0.0112
      8.3125      0.0345      0.0345      5.2602      0.0345      9.8438
      0.0345      8.3125      2.0828      5.0812      4.9517      5.0000
      6.7188      8.3125      8.3125      7.4500      8.3125      8.3125
      0.0345      8.3125      0.0345      8.3125      5.2781      0.0345
      6.7188      0.0345      6.7188      6.2808      6.7188      0.0345
      0.0345      6.7188      6.7188      6.3022      6.7188      6.7188
      2.5379      6.7188      0.0345      9.8438      0.0966      9.8438

  USINE N]67- B.MONH   53   0       23247.8931
    296.4600    304.3800    304.3800      1.8000    540.0000      1.8000
    540.0000      1.8000      1.8000      1.8000     38.2400    360.0000
    110.5200    451.8000      1.8000    360.0000     73.8000    451.8000
      1.8000    360.0000    238.0005    360.0000      1.8000    451.8000
      1.8000    451.8000      1.8000      1.8000    360.0000    360.0000
      1.8000    360.0000      1.8000      1.8000    360.0000    360.0000
      1.8000    360.0000    360.0000    360.0000    360.0000    360.0000
    360.0000    245.6048      1.8000    540.0000      1.8000      1.8000
    540.0000      1.8000    540.0000      1.8000    540.0000      1.8000
    451.8000      1.8000      1.8000    275.9887      1.8000    540.0000
      1.8000    451.8000    108.7200    265.6800    258.4800    261.0000
    360.0000    451.8000    451.8000    402.1205    451.8000    451.8000
      1.8000    451.8000      1.8000    451.8000    277.0200      1.8000
    360.0000      1.8000    360.0000    334.7714    360.0000      1.8000
      1.8000    360.0000    360.0000    336.0073    360.0000    360.0000
    132.4800    360.0000      1.8000    540.0000      5.0400    540.0000

      0.0000      0.0000      0.0000      0.0000      0.0000      0.0000
      0.0000      0.0000      0.0000      0.0000      0.0000      0.0000
      0.0000      0.0000      0.0000      0.0000      0.0000      0.0000
      0.0000      0.0000      0.0000      0.0000      0.0000      0.0000
      0.0000      0.0000      0.0000      0.0000      0.0000      0.0000
      0.0000      0.0000      0.0000      0.0000      0.0000      0.0000
      0.0000      0.0000      0.0000      0.0000      0.0000      0.0000
      0.0000      0.0000      0.0000      0.0000      0.0000      0.0000
      0.0000      0.0000      0.0000      0.0000      0.0000      0.0000
      0.0000      0.0000      0.0000      0.0000      0.0000      0.0000
      0.0000      0.0000      0.0000      0.0000      0.0000      0.0000
      0.0000      0.0000      0.0000      0.0000      0.0000      0.0000
      0.0000      0.0000      0.0000      0.0000      0.0000      0.0000
      0.0000      0.0000      0.0000      0.0000      0.0000      0.0000
      0.0000      0.0000      0.0000      0.0000      0.0000      0.0000
      0.0000      0.0000      0.0000      0.0000      0.0000      0.0000

   DONNEES POUR LA VALLEE N]18-TAURION  DATE: 07/09/09     4 USINE(S)     4 RESERVOIR(S)
  LAC N]**- CTLUSR     0.1000E+04      0.030          -3.6000
     18.1600      2.3200      4.1200      5.9200      7.7200      9.5200
     11.3200     13.1200     14.9200     16.7200     18.5200     20.3200
     22.1200     23.9200     25.7200     27.5200     29.3200     31.1200
     32.9200     34.7200     36.5200     38.3200     40.1200     41.9200
     43.7200     45.5200     47.3200     49.1200     33.2800     17.4400
      1.6000      3.4000      5.2000      7.0000      8.8000     10.6000
     12.4000     14.2000     16.0000     17.8000     19.6000     21.4000
     23.2000     25.0000     26.8000     28.6000     30.4000     32.2000
     34.0000     35.8000     37.6000     39.4000     41.2000     43.0000
     44.8000     46.6000     48.4000     50.2000     52.0000     53.8000
     55.6000     57.4000     59.2000     61.0000     62.8000     64.6000
     66.4000     68.2000     70.0000     71.8000     73.6000     75.4000
     77.2000     61.3600     45.5200     29.6800     31.4800     33.2800
     35.0800     36.8800     38.6800     40.4800     42.2800     44.0800
     45.8800     47.6800     49.4800     51.2800     35.4400     19.6000
     21.4000     23.2000     25.0000     26.8000     28.6000     30.4000

  LAC N]**- CHATRR     0.1000E+04      0.000           0.0000
      0.0000      0.0000      0.0000      0.0000      0.0000      0.0000
      0.0000      0.0000      0.0000      0.0000      0.0000      0.0000
      0.0000      0.0000      0.0000      0.0000      0.0000      0.0000
      0.0000      0.0000      0.0000      0.0000      0.0000      0.0000
      0.0000      0.0000      0.0000      0.0000      0.0000      0.0000
      0.0000      0.0000      0.0000      0.0000      0.0000      0.0000
      0.0000      0.0000      0.0000      0.0000      0.0000      0.0000
      0.0000      0.0000      0.0000      0.0000      0.0000      0.0000
      0.0000      0.0000      0.0000      0.0000      0.0000      0.0000
      0.0000      0.0000      0.0000      0.0000      0.0000      0.0000
      0.0000      0.0000      0.0000      0.0000      0.0000      0.0000
      0.0000      0.0000      0.0000      0.0000      0.0000      0.0000
      0.0000      0.0000      0.0000      0.0000      0.0000      0.0000
      0.0000      0.0000      0.0000      0.0000      0.0000      0.0000
      0.0000      0.0000      0.0000      0.0000      0.0000      0.0000
      0.0000      0.0000      0.0000      0.0000      0.0000      0.0000

  LAC N]**- SSMC R     0.1000E+04      0.000        -368.4600
   7088.3000   7103.6000   7101.2600   7098.9200   7096.5800   7094.2400
   7091.9000   7089.5600   7087.2200   7084.8800   7082.5400   7080.2000
   7077.8600   7075.5200   7073.1800   7070.8400   7068.5000   7066.1600
   7063.8200   7061.4800   7059.1400   7056.8000   7054.4600   7052.1200
   7049.7800   7028.5400   7007.3000   7004.9600   7020.2600   7035.5600
   7050.8600   7048.5200   7046.1800   7043.8400   7041.5000   7039.1600
   7036.8200   7034.4800   7032.1400   7029.8000   7027.4600   7025.1200
   7022.7800   7020.4400   7018.1000   7015.7600   7013.4200   7011.0800
   7008.5600   7006.0400   7003.5200   7001.0000   6998.4800   6995.9600
   6993.4400   6990.9200   6988.4000   6985.8800   6983.3600   6980.8400
   6978.3200   6975.8000   6973.2800   6970.7600   6968.2400   6965.7200
   6944.3000   6922.8800   6878.9600   6835.0400   6832.5200   6830.0000
   6827.4800   6775.4600   6723.4400   6719.6600   6717.1400   6714.6200
   6712.1000   6709.5800   6707.0600   6704.5400   6702.0200   6699.5000
   6696.9800   6694.4600   6691.9400   6689.4200   6704.5400   6719.6600
   6717.1400   6714.6200   6712.1000   6709.5800   6707.0600   6704.5400

  LAC N]**- CXVANR     0.1000E+04      0.000         -50.2800
    461.6800    462.7600    463.8400    464.9200    466.0000    467.0800
    468.1600    469.2400    470.3200    471.4000    472.4800    473.5600
    474.6400    475.7200    476.8000    477.8800    478.9600    474.6400
    470.3200    466.0000    461.6800    457.3600    453.0400    448.7200
    444.4000    451.7800    459.1600    454.8400    450.5200    446.2000
    441.8800    442.9600    444.0400    445.1200    440.8000    436.4800
    437.5600    438.6400    434.3200    430.0000    425.6800    421.3600
    417.0400    412.7200    413.8000    414.8800    415.9600    417.0400
    405.5200    394.0000    382.4800    378.1600    373.8400    374.9200
    376.0000    377.0800    372.7600    368.4400    364.1200    359.8000
    355.4800    334.9600    313.3000    292.7800    272.2600    251.7400
    250.1200    248.5000    294.5800    340.6600    345.3400    350.0200
    354.7000    426.5200    498.3400    521.9200    526.6000    531.2800
    535.9600    540.6400    545.3200    550.0000    545.6800    541.3600
    529.8400    518.3200    506.8000    495.2800    483.7600    463.2400
    442.7200    422.2000    417.8800    413.5600    414.6400    415.7200

  USINE N]**- CTLUSH   **  **         176.4000
     17.6400     17.6400      0.0000      0.0000      0.0000      0.0000
      0.0000      0.0000      0.0000      0.0000      0.0000      0.0000
      0.0000      0.0000      0.0000      0.0000      0.0000      0.0000
      0.0000      0.0000      0.0000      0.0000      0.0000      0.0000
      0.0000      0.0000      0.0000      0.0000     17.6400     17.6400
     17.6400      0.0000      0.0000      0.0000      0.0000      0.0000
      0.0000      0.0000      0.0000      0.0000      0.0000      0.0000
      0.0000      0.0000      0.0000      0.0000      0.0000      0.0000
      0.0000      0.0000      0.0000      0.0000      0.0000      0.0000
      0.0000      0.0000      0.0000      0.0000      0.0000      0.0000
      0.0000      0.0000      0.0000      0.0000      0.0000      0.0000
      0.0000      0.0000      0.0000      0.0000      0.0000      0.0000
      0.0000     17.6400     17.6400     17.6400      0.0000      0.0000
      0.0000      0.0000      0.0000      0.0000      0.0000      0.0000
      0.0000      0.0000      0.0000      0.0000     17.6400     17.6400
      0.0000      0.0000      0.0000      0.0000      0.0000      0.0000

      1.7500      1.7500      0.0000      0.0000      0.0000      0.0000
      0.0000      0.0000      0.0000      0.0000      0.0000      0.0000
      0.0000      0.0000      0.0000      0.0000      0.0000      0.0000
      0.0000      0.0000      0.0000      0.0000      0.0000      0.0000
      0.0000      0.0000      0.0000      0.0000      1.7500      1.7500
      1.7500      0.0000      0.0000      0.0000      0.0000      0.0000
      0.0000      0.0000      0.0000      0.0000      0.0000      0.0000
      0.0000      0.0000      0.0000      0.0000      0.0000      0.0000
      0.0000      0.0000      0.0000      0.0000      0.0000      0.0000
      0.0000      0.0000      0.0000      0.0000      0.0000      0.0000
      0.0000      0.0000      0.0000      0.0000      0.0000      0.0000
      0.0000      0.0000      0.0000      0.0000      0.0000      0.0000
      0.0000      1.7500      1.7500      1.7500      0.0000      0.0000
      0.0000      0.0000      0.0000      0.0000      0.0000      0.0000
      0.0000      0.0000      0.0000      0.0000      1.7500      1.7500
      0.0000      0.0000      0.0000      0.0000      0.0000      0.0000

  USINE N]**- CHATRH   **  **         176.4000
     17.6400     17.6400      0.0000      0.0000      0.0000      0.0000
      0.0000      0.0000      0.0000      0.0000      0.0000      0.0000
      0.0000      0.0000      0.0000      0.0000      0.0000      0.0000
      0.0000      0.0000      0.0000      0.0000      0.0000      0.0000
      0.0000      0.0000      0.0000      0.0000     17.6400     17.6400
     17.6400      0.0000      0.0000      0.0000      0.0000      0.0000
      0.0000      0.0000      0.0000      0.0000      0.0000      0.0000
      0.0000      0.0000      0.0000      0.0000      0.0000      0.0000
      0.0000      0.0000      0.0000      0.0000      0.0000      0.0000
      0.0000      0.0000      0.0000      0.0000      0.0000      0.0000
      0.0000      0.0000      0.0000      0.0000      0.0000      0.0000
      0.0000      0.0000      0.0000      0.0000      0.0000      0.0000
      0.0000     17.6400     17.6400     17.6400      0.0000      0.0000
      0.0000      0.0000      0.0000      0.0000      0.0000      0.0000
      0.0000      0.0000      0.0000      0.0000     17.6400     17.6400
      0.0000      0.0000      0.0000      0.0000      0.0000      0.0000

      1.2544      0.0000      0.0000      0.0000      0.0000      0.0000
      0.0000      0.0000      0.0000      0.0000      0.0000      0.0000
      0.0000      0.0000      0.0000      0.0000      0.0000      0.0000
      0.0000      0.0000      0.0000      0.0000      0.0000      0.0000
      0.0000      0.0000      0.0000      0.0000      1.2544      1.2544
      1.2544      0.0000      0.0000      0.0000      0.0000      0.0000
      0.0000      0.0000      0.0000      0.0000      0.0000      0.0000
      0.0000      0.0000      0.0000      0.0000      0.0000      0.0000
      0.0000      0.0000      0.0000      0.0000      0.0000      0.0000
      0.0000      0.0000      0.0000      0.0000      0.0000      0.0000
      0.0000      0.0000      0.0000      0.0000      0.0000      0.0000
      0.0000      0.0000      0.0000      0.0000      0.0000      0.0000
      0.0000      1.2544      1.2544      1.2544      0.0000      0.0000
      0.0000      0.0000      0.0000      0.0000      0.0000      0.0000
      0.0000      0.0000      0.0000      0.0000      1.2544      1.2544
      0.0000      0.0000      0.0000      0.0000      0.0000      0.0000

  USINE N]**- SSMC H   **  **         657.1800
      3.6000      3.6000      3.6000      3.6000      3.6000      3.6000
      3.6000      3.6000      3.6000      3.6000      3.6000      3.6000
      3.6000      3.6000      3.6000      3.6000      3.6000      3.6000
      3.6000      3.6000      3.6000      3.6000      3.6000      3.6000
      3.6000     22.5000     22.5000      3.6000      3.6000      3.6000
      3.6000      3.6000      3.6000      3.6000      3.6000      3.6000
      3.6000      3.6000      3.6000      3.6000      3.6000      3.6000
      3.6000      3.6000      3.6000      3.6000      3.6000      3.6000
      3.6000      3.6000      3.6000      3.6000      3.6000      3.6000
      3.6000      3.6000      3.6000      3.6000      3.6000      3.6000
      3.6000      3.6000      3.6000      3.6000      3.6000      3.6000
     22.5000     22.5000     45.0000     45.0000      3.6000      3.6000
      3.6000     70.7400     70.7400     22.5000      3.6000      3.6000
      3.6000      3.6000      3.6000      3.6000      3.6000      3.6000
      3.6000      3.6000      3.6000      3.6000      3.6000      3.6000
      3.6000      3.6000      3.6000      3.6000      3.6000      3.6000

      0.2800      0.2800      0.2800      0.2800      0.2800      0.2800
      0.2800      0.2800      0.2800      0.2800      0.2800      0.2800
      0.2800      0.2800      0.2800      0.2800      0.2800      0.2800
      0.2800      0.2800      0.2800      0.2800      0.2800      0.2800
      0.2800      1.7500      1.7500      0.2800      0.2800      0.2800
      0.2800      0.2800      0.2800      0.2800      0.2800      0.2800
      0.2800      0.2800      0.2800      0.2800      0.2800      0.2800
      0.2800      0.2800      0.2800      0.2800      0.2800      0.2800
      0.2800      0.2800      0.2800      0.2800      0.2800      0.2800
      0.2800      0.2800      0.2800      0.2800      0.2800      0.2800
      0.2800      0.2800      0.2800      0.2800      0.2800      0.2800
      1.7500      1.7500      3.5000      3.5000      0.2800      0.2800
      0.2800      5.5000      5.5000      1.7500      0.2800      0.2800
      0.2800      0.2800      0.2800      0.2800      0.2800      0.2800
      0.2800      0.2800      0.2800      0.2800      0.2800      0.2800
      0.2800      0.2800      0.2800      0.2800      0.2800      0.2800

  USINE N]**- CXVANH   **   0         811.1400
      9.0000      3.6000      3.6000      3.6000      3.6000      3.6000
      3.6000      3.6000      3.6000      3.6000      3.6000      3.6000
      3.6000      3.6000      3.6000      3.6000      3.6000      9.0000
      9.0000      9.0000      9.0000      9.0000      9.0000      9.0000
      9.0000     16.2000     16.2000      9.0000      9.0000      9.0000
      9.0000      3.6000      3.6000      3.6000      9.0000      9.0000
      3.6000      3.6000      9.0000      9.0000      9.0000      9.0000
      9.0000      9.0000      3.6000      3.6000      3.6000      3.6000
     16.2000     16.2000     16.2000      9.0000      9.0000      3.6000
      3.6000      3.6000      9.0000      9.0000      9.0000      9.0000
      9.0000     25.2000     26.3400     25.2000     25.2000     25.2000
     25.2000     25.2000      0.0000      0.0000      0.0000      0.0000
      0.0000      0.0000      0.0000      0.0000      0.0000      0.0000
      0.0000      0.0000      0.0000      0.0000      9.0000      9.0000
     16.2000     16.2000     16.2000     16.2000     16.2000     25.2000
     25.2000     25.2000      9.0000      9.0000      3.6000      3.6000

      0.1500      0.0500      0.0500      0.0500      0.0500      0.0500
      0.0500      0.0500      0.0500      0.0500      0.0500      0.0500
      0.0500      0.0500      0.0500      0.0500      0.0500      0.1500
      0.1500      0.1500      0.1500      0.1500      0.1500      0.1500
      0.1500      0.2500      0.2500      0.1500      0.1500      0.1500
      0.1500      0.0500      0.0500      0.0500      0.1500      0.1500
      0.0500      0.0500      0.1500      0.1500      0.1500      0.1500
      0.1500      0.1500      0.0500      0.0500      0.0500      0.0500
      0.2500      0.2500      0.2500      0.1500      0.1500      0.0500
      0.0500      0.0500      0.1500      0.1500      0.1500      0.1500
      0.1500      0.3500      0.3500      0.3500      0.3500      0.3500
      0.3500      0.3500      0.0000      0.0000      0.0000      0.0000
      0.0000      0.0000      0.0000      0.0000      0.0000      0.0000
      0.0000      0.0000      0.0000      0.0000      0.1500      0.1500
      0.2500      0.2500      0.2500      0.2500      0.2500      0.3500
      0.3500      0.3500      0.1500      0.1500      0.0500      0.0500

   DONNEES POUR LA VALLEE N]29-PIQUES   DATE: 07/09/09     7 USINE(S)     7 RESERVOIR(S)
  LAC N]**- PORTIR     0.1000E+04     25.180           0.0000
  12979.0000  12979.0000  12979.0000  12979.0000  12979.0000  12979.0000
  12979.0000  12979.0000  12979.0000  12979.0000  12979.0000  12979.0000
  12979.0000  12979.0000  12979.0000  12979.0000  12979.0000  12979.0000
  12979.0000  12979.0000  12979.0000  12979.0000  12979.0000  12979.0000
  12979.0000  12979.0000  12979.0000  12979.0000  12979.0000  12979.0000
  12979.0000  12979.0000  12979.0000  12979.0000  12979.0000  12979.0000
  12979.0000  12979.0000  12979.0000  12979.0000  12979.0000  12979.0000
  12979.0000  12979.0000  12979.0000  12979.0000  12979.0000  12979.0000
  12979.0000  12979.0000  12979.0000  12979.0000  12979.0000  12979.0000
  12979.0000  12979.0000  12979.0000  12979.0000  12979.0000  12979.0000
  12979.0000  12979.0000  12979.0000  12979.0000  12979.0000  12979.0000
  12979.0000  12979.0000  12979.0000  12979.0000  12979.0000  12979.0000
  12979.0000  12979.0000  12979.0000  12979.0000  12979.0000  12979.0000
  12979.0000  12979.0000  12979.0000  12979.0000  12979.0000  12979.0000
  12979.0000  12979.0000  12979.0000  12979.0000  12979.0000  12979.0000
  12979.0000  12979.0000  12979.0000  12979.0000  12979.0000  12979.0000

  LAC N]**- PORTFR     0.1000E+04      0.000           0.0000
      0.0000      0.0000      0.0000      0.0000      0.0000      0.0000
      0.0000      0.0000      0.0000      0.0000      0.0000      0.0000
      0.0000      0.0000      0.0000      0.0000      0.0000      0.0000
      0.0000      0.0000      0.0000      0.0000      0.0000      0.0000
      0.0000      0.0000      0.0000      0.0000      0.0000      0.0000
      0.0000      0.0000      0.0000      0.0000      0.0000      0.0000
      0.0000      0.0000      0.0000      0.0000      0.0000      0.0000
      0.0000      0.0000      0.0000      0.0000      0.0000      0.0000
      0.0000      0.0000      0.0000      0.0000      0.0000      0.0000
      0.0000      0.0000      0.0000      0.0000      0.0000      0.0000
      0.0000      0.0000      0.0000      0.0000      0.0000      0.0000
      0.0000      0.0000      0.0000      0.0000      0.0000      0.0000
      0.0000      0.0000      0.0000      0.0000      0.0000      0.0000
      0.0000      0.0000      0.0000      0.0000      0.0000      0.0000
      0.0000      0.0000      0.0000      0.0000      0.0000      0.0000
      0.0000      0.0000      0.0000      0.0000      0.0000      0.0000

  LAC N]**- BLEU R     0.1000E+04     25.180           0.0000
      0.0000      0.0000      0.0000      0.0000      0.0000      0.0000
      0.0000      0.0000      0.0000      0.0000      0.0000      0.0000
      0.0000      0.0000      0.0000      0.0000      0.0000      0.0000
      0.0000      0.0000      0.0000      0.0000      0.0000      0.0000
      0.0000      0.0000      0.0000      0.0000      0.0000      0.0000
      0.0000      0.0000      0.0000      0.0000      0.0000      0.0000
      0.0000      0.0000      0.0000      0.0000      0.0000      0.0000
      0.0000      0.0000      0.0000      0.0000      0.0000      0.0000
      0.0000      0.0000      0.0000      0.0000      0.0000      0.0000
      0.0000      0.0000      0.0000      0.0000      0.0000      0.0000
      0.0000      0.0000      0.0000      0.0000      0.0000      0.0000
      0.0000      0.0000      0.0000      0.0000      0.0000      0.0000
      0.0000      0.0000      0.0000      0.0000      0.0000      0.0000
      0.0000      0.0000      0.0000      0.0000      0.0000      0.0000
      0.0000      0.0000      0.0000      0.0000      0.0000      0.0000
      0.0000      0.0000      0.0000      0.0000      0.0000      0.0000

  LAC N]**- P.SUPR     0.1000E+04      0.000           0.0000
      0.0000      0.0000      0.0000      0.0000      0.0000      0.0000
      0.0000      0.0000      0.0000      0.0000      0.0000      0.0000
      0.0000      0.0000      0.0000      0.0000      0.0000      0.0000
      0.0000      0.0000      0.0000      0.0000      0.0000      0.0000
      0.0000      0.0000      0.0000      0.0000      0.0000      0.0000
      0.0000      0.0000      0.0000      0.0000      0.0000      0.0000
      0.0000      0.0000      0.0000      0.0000      0.0000      0.0000
      0.0000      0.0000      0.0000      0.0000      0.0000      0.0000
      0.0000      0.0000      0.0000      0.0000      0.0000      0.0000
      0.0000      0.0000      0.0000      0.0000      0.0000      0.0000
      0.0000      0.0000      0.0000      0.0000      0.0000      0.0000
      0.0000      0.0000      0.0000      0.0000      0.0000      0.0000
      0.0000      0.0000      0.0000      0.0000      0.0000      0.0000
      0.0000      0.0000      0.0000      0.0000      0.0000      0.0000
      0.0000      0.0000      0.0000      0.0000      0.0000      0.0000
      0.0000      0.0000      0.0000      0.0000      0.0000      0.0000

  LAC N]**- P.INFR     0.1000E+04      0.000           0.0000
      0.0000      0.0000      0.0000      0.0000      0.0000      0.0000
      0.0000      0.0000      0.0000      0.0000      0.0000      0.0000
      0.0000      0.0000      0.0000      0.0000      0.0000      0.0000
      0.0000      0.0000      0.0000      0.0000      0.0000      0.0000
      0.0000      0.0000      0.0000      0.0000      0.0000      0.0000
      0.0000      0.0000      0.0000      0.0000      0.0000      0.0000
      0.0000      0.0000      0.0000      0.0000      0.0000      0.0000
      0.0000      0.0000      0.0000      0.0000      0.0000      0.0000
      0.0000      0.0000      0.0000      0.0000      0.0000      0.0000
      0.0000      0.0000      0.0000      0.0000      0.0000      0.0000
      0.0000      0.0000      0.0000      0.0000      0.0000      0.0000
      0.0000      0.0000      0.0000      0.0000      0.0000      0.0000
      0.0000      0.0000      0.0000      0.0000      0.0000      0.0000
      0.0000      0.0000      0.0000      0.0000      0.0000      0.0000
      0.0000      0.0000      0.0000      0.0000      0.0000      0.0000
      0.0000      0.0000      0.0000      0.0000      0.0000      0.0000

  LAC N]**- CIERPR     0.1000E+04      0.000           0.0000
      0.0000      0.0000      0.0000      0.0000      0.0000      0.0000
      0.0000      0.0000      0.0000      0.0000      0.0000      0.0000
      0.0000      0.0000      0.0000      0.0000      0.0000      0.0000
      0.0000      0.0000      0.0000      0.0000      0.0000      0.0000
      0.0000      0.0000      0.0000      0.0000      0.0000      0.0000
      0.0000      0.0000      0.0000      0.0000      0.0000      0.0000
      0.0000      0.0000      0.0000      0.0000      0.0000      0.0000
      0.0000      0.0000      0.0000      0.0000      0.0000      0.0000
      0.0000      0.0000      0.0000      0.0000      0.0000      0.0000
      0.0000      0.0000      0.0000      0.0000      0.0000      0.0000
      0.0000      0.0000      0.0000      0.0000      0.0000      0.0000
      0.0000      0.0000      0.0000      0.0000      0.0000      0.0000
      0.0000      0.0000      0.0000      0.0000      0.0000      0.0000
      0.0000      0.0000      0.0000      0.0000      0.0000      0.0000
      0.0000      0.0000      0.0000      0.0000      0.0000      0.0000
      0.0000      0.0000      0.0000      0.0000      0.0000      0.0000

  LAC N]**- L.OO R     0.1000E+04     10.920         -59.7600
  12477.0000  12477.0000  12477.0000  12477.0000  12477.0000  12477.0000
  12477.0000  12477.0000  12477.0000  12477.0000  12477.0000  12477.0000
  12477.0000  12477.0000  12477.0000  12477.0000  12477.0000  12477.0000
  12477.0000  12477.0000  12477.0000  12477.0000  12477.0000  12473.2200
  12469.4400  12465.6600  12465.6600  12465.6600  12465.6600  12465.6600
  12465.6600  12465.6600  12465.6600  12465.6600  12465.6600  12465.6600
  12465.6600  12465.6600  12465.6600  12465.6600  12465.6600  12465.6600
  12465.6600  12465.6600  12465.6600  12465.6600  12465.6600  12465.6600
  12465.6600  12465.6600  12465.6600  12465.6600  12465.6600  12465.6600
  12465.6600  12465.6600  12465.6600  12465.6600  12465.6600  12465.6600
  12465.6600  12465.6600  12465.6600  12465.6600  12465.6600  12461.8800
  12458.1000  12454.3200  12450.5400  12446.7600  12442.9800  12439.2000
  12435.4200  12431.6400  12428.7600  12425.8800  12423.0000  12420.1200
  12417.2400  12417.2400  12417.2400  12417.2400  12417.2400  12417.2400
  12417.2400  12417.2400  12417.2400  12417.2400  12417.2400  12417.2400
  12417.2400  12417.2400  12417.2400  12417.2400  12417.2400  12417.2400

  USINE N]**- PORTIH   **  **           0.0000
      0.0000      0.0000      0.0000      0.0000      0.0000      0.0000
      0.0000      0.0000      0.0000      0.0000      0.0000      0.0000
      0.0000      0.0000      0.0000      0.0000      0.0000      0.0000
      0.0000      0.0000      0.0000      0.0000      0.0000      0.0000
      0.0000      0.0000      0.0000      0.0000      0.0000      0.0000
      0.0000      0.0000      0.0000      0.0000      0.0000      0.0000
      0.0000      0.0000      0.0000      0.0000      0.0000      0.0000
      0.0000      0.0000      0.0000      0.0000      0.0000      0.0000
      0.0000      0.0000      0.0000      0.0000      0.0000      0.0000
      0.0000      0.0000      0.0000      0.0000      0.0000      0.0000
      0.0000      0.0000      0.0000      0.0000      0.0000      0.0000
      0.0000      0.0000      0.0000      0.0000      0.0000      0.0000
      0.0000      0.0000      0.0000      0.0000      0.0000      0.0000
      0.0000      0.0000      0.0000      0.0000      0.0000      0.0000
      0.0000      0.0000      0.0000      0.0000      0.0000      0.0000
      0.0000      0.0000      0.0000      0.0000      0.0000      0.0000

      0.0000      0.0000      0.0000      0.0000      0.0000      0.0000
      0.0000      0.0000      0.0000      0.0000      0.0000      0.0000
      0.0000      0.0000      0.0000      0.0000      0.0000      0.0000
      0.0000      0.0000      0.0000      0.0000      0.0000      0.0000
      0.0000      0.0000      0.0000      0.0000      0.0000      0.0000
      0.0000      0.0000      0.0000      0.0000      0.0000      0.0000
      0.0000      0.0000      0.0000      0.0000      0.0000      0.0000
      0.0000      0.0000      0.0000      0.0000      0.0000      0.0000
      0.0000      0.0000      0.0000      0.0000      0.0000      0.0000
      0.0000      0.0000      0.0000      0.0000      0.0000      0.0000
      0.0000      0.0000      0.0000      0.0000      0.0000      0.0000
      0.0000      0.0000      0.0000      0.0000      0.0000      0.0000
      0.0000      0.0000      0.0000      0.0000      0.0000      0.0000
      0.0000      0.0000      0.0000      0.0000      0.0000      0.0000
      0.0000      0.0000      0.0000      0.0000      0.0000      0.0000
      0.0000      0.0000      0.0000      0.0000      0.0000      0.0000

  USINE N]**- L.BL8H   **  **           0.0000
      0.0000      0.0000      0.0000      0.0000      0.0000      0.0000
      0.0000      0.0000      0.0000      0.0000      0.0000      0.0000
      0.0000      0.0000      0.0000      0.0000      0.0000      0.0000
      0.0000      0.0000      0.0000      0.0000      0.0000      0.0000
      0.0000      0.0000      0.0000      0.0000      0.0000      0.0000
      0.0000      0.0000      0.0000      0.0000      0.0000      0.0000
      0.0000      0.0000      0.0000      0.0000      0.0000      0.0000
      0.0000      0.0000      0.0000      0.0000      0.0000      0.0000
      0.0000      0.0000      0.0000      0.0000      0.0000      0.0000
      0.0000      0.0000      0.0000      0.0000      0.0000      0.0000
      0.0000      0.0000      0.0000      0.0000      0.0000      0.0000
      0.0000      0.0000      0.0000      0.0000      0.0000      0.0000
      0.0000      0.0000      0.0000      0.0000      0.0000      0.0000
      0.0000      0.0000      0.0000      0.0000      0.0000      0.0000
      0.0000      0.0000      0.0000      0.0000      0.0000      0.0000
      0.0000      0.0000      0.0000      0.0000      0.0000      0.0000

      0.0000      0.0000      0.0000      0.0000      0.0000      0.0000
      0.0000      0.0000      0.0000      0.0000      0.0000      0.0000
      0.0000      0.0000      0.0000      0.0000      0.0000      0.0000
      0.0000      0.0000      0.0000      0.0000      0.0000      0.0000
      0.0000      0.0000      0.0000      0.0000      0.0000      0.0000
      0.0000      0.0000      0.0000      0.0000      0.0000      0.0000
      0.0000      0.0000      0.0000      0.0000      0.0000      0.0000
      0.0000      0.0000      0.0000      0.0000      0.0000      0.0000
      0.0000      0.0000      0.0000      0.0000      0.0000      0.0000
      0.0000      0.0000      0.0000      0.0000      0.0000      0.0000
      0.0000      0.0000      0.0000      0.0000      0.0000      0.0000
      0.0000      0.0000      0.0000      0.0000      0.0000      0.0000
      0.0000      0.0000      0.0000      0.0000      0.0000      0.0000
      0.0000      0.0000      0.0000      0.0000      0.0000      0.0000
      0.0000      0.0000      0.0000      0.0000      0.0000      0.0000
      0.0000      0.0000      0.0000      0.0000      0.0000      0.0000

  USINE N]**- PORTFH   **  **           0.0000
      0.0000      0.0000      0.0000      0.0000      0.0000      0.0000
      0.0000      0.0000      0.0000      0.0000      0.0000      0.0000
      0.0000      0.0000      0.0000      0.0000      0.0000      0.0000
      0.0000      0.0000      0.0000      0.0000      0.0000      0.0000
      0.0000      0.0000      0.0000      0.0000      0.0000      0.0000
      0.0000      0.0000      0.0000      0.0000      0.0000      0.0000
      0.0000      0.0000      0.0000      0.0000      0.0000      0.0000
      0.0000      0.0000      0.0000      0.0000      0.0000      0.0000
      0.0000      0.0000      0.0000      0.0000      0.0000      0.0000
      0.0000      0.0000      0.0000      0.0000      0.0000      0.0000
      0.0000      0.0000      0.0000      0.0000      0.0000      0.0000
      0.0000      0.0000      0.0000      0.0000      0.0000      0.0000
      0.0000      0.0000      0.0000      0.0000      0.0000      0.0000
      0.0000      0.0000      0.0000      0.0000      0.0000      0.0000
      0.0000      0.0000      0.0000      0.0000      0.0000      0.0000
      0.0000      0.0000      0.0000      0.0000      0.0000      0.0000

      0.0000      0.0000      0.0000      0.0000      0.0000      0.0000
      0.0000      0.0000      0.0000      0.0000      0.0000      0.0000
      0.0000      0.0000      0.0000      0.0000      0.0000      0.0000
      0.0000      0.0000      0.0000      0.0000      0.0000      0.0000
      0.0000      0.0000      0.0000      0.0000      0.0000      0.0000
      0.0000      0.0000      0.0000      0.0000      0.0000      0.0000
      0.0000      0.0000      0.0000      0.0000      0.0000      0.0000
      0.0000      0.0000      0.0000      0.0000      0.0000      0.0000
      0.0000      0.0000      0.0000      0.0000      0.0000      0.0000
      0.0000      0.0000      0.0000      0.0000      0.0000      0.0000
      0.0000      0.0000      0.0000      0.0000      0.0000      0.0000
      0.0000      0.0000      0.0000      0.0000      0.0000      0.0000
      0.0000      0.0000      0.0000      0.0000      0.0000      0.0000
      0.0000      0.0000      0.0000      0.0000      0.0000      0.0000
      0.0000      0.0000      0.0000      0.0000      0.0000      0.0000
      0.0000      0.0000      0.0000      0.0000      0.0000      0.0000

  USINE N]**- P.SUPH   **  **         172.8000
      1.8000      1.8000      1.8000      1.8000      1.8000      1.8000
      1.8000      1.8000      1.8000      1.8000      1.8000      1.8000
      1.8000      1.8000      1.8000      1.8000      1.8000      1.8000
      1.8000      1.8000      1.8000      1.8000      1.8000      1.8000
      1.8000      1.8000      1.8000      1.8000      1.8000      1.8000
      1.8000      1.8000      1.8000      1.8000      1.8000      1.8000
      1.8000      1.8000      1.8000      1.8000      1.8000      1.8000
      1.8000      1.8000      1.8000      1.8000      1.8000      1.8000
      1.8000      1.8000      1.8000      1.8000      1.8000      1.8000
      1.8000      1.8000      1.8000      1.8000      1.8000      1.8000
      1.8000      1.8000      1.8000      1.8000      1.8000      1.8000
      1.8000      1.8000      1.8000      1.8000      1.8000      1.8000
      1.8000      1.8000      1.8000      1.8000      1.8000      1.8000
      1.8000      1.8000      1.8000      1.8000      1.8000      1.8000
      1.8000      1.8000      1.8000      1.8000      1.8000      1.8000
      1.8000      1.8000      1.8000      1.8000      1.8000      1.8000

      0.7941      0.0000      0.7941      0.7941      0.7941      0.0000
      0.7941      0.0000      0.0000      0.7941      0.7941      0.7941
      0.7941      0.7941      0.7941      0.7941      0.7941      0.7941
      0.7941      0.7941      0.7941      0.7941      0.7941      0.7941
      0.0000      0.7941      0.7941      0.7941      0.7941      0.7941
      0.7941      0.7941      0.7941      0.7941      0.7941      0.7941
      0.7941      0.7941      0.7941      0.7941      0.7941      0.7941
      0.7941      0.7941      0.0000      0.7941      0.7941      0.0000
      0.7941      0.0000      0.7941      0.0000      0.7941      0.0000
      0.7941      0.0000      0.7941      0.7941      0.7941      0.7941
      0.7941      0.7941      0.7941      0.7941      0.7941      0.7941
      0.7941      0.7941      0.7941      0.7941      0.7941      0.7941
      0.7941      0.7941      0.7941      0.7941      0.7941      0.7941
      0.7941      0.7941      0.7941      0.7941      0.7941      0.7941
      0.7941      0.7941      0.7941      0.7941      0.7941      0.7941
      0.7941      0.7941      0.0000      0.7941      0.7941      0.7941

  USINE N]**- P.INFH   **  **         345.6000
      3.6000      3.6000      3.6000      3.6000      3.6000      3.6000
      3.6000      3.6000      3.6000      3.6000      3.6000      3.6000
      3.6000      3.6000      3.6000      3.6000      3.6000      3.6000
      3.6000      3.6000      3.6000      3.6000      3.6000      3.6000
      3.6000      3.6000      3.6000      3.6000      3.6000      3.6000
      3.6000      3.6000      3.6000      3.6000      3.6000      3.6000
      3.6000      3.6000      3.6000      3.6000      3.6000      3.6000
      3.6000      3.6000      3.6000      3.6000      3.6000      3.6000
      3.6000      3.6000      3.6000      3.6000      3.6000      3.6000
      3.6000      3.6000      3.6000      3.6000      3.6000      3.6000
      3.6000      3.6000      3.6000      3.6000      3.6000      3.6000
      3.6000      3.6000      3.6000      3.6000      3.6000      3.6000
      3.6000      3.6000      3.6000      3.6000      3.6000      3.6000
      3.6000      3.6000      3.6000      3.6000      3.6000      3.6000
      3.6000      3.6000      3.6000      3.6000      3.6000      3.6000
      3.6000      3.6000      3.6000      3.6000      3.6000      3.6000

      1.1613      0.0000      1.1613      1.1613      1.1613      0.0000
      1.1613      0.0000      0.0000      1.1613      1.1613      1.1613
      1.1613      1.1613      1.1613      1.1613      1.1613      1.1613
      1.1613      1.1613      1.1613      1.1613      1.1613      1.1613
      0.0000      1.1613      1.1613      1.1613      1.1613      1.1613
      1.1613      1.1613      1.1613      1.1613      1.1613      1.1613
      1.1613      1.1613      1.1613      1.1613      1.1613      1.1613
      1.1613      1.1613      0.0000      1.1613      1.1613      0.0000
      1.1613      0.0000      1.1613      0.0000      1.1613      0.0000
      1.1613      0.0000      1.1613      1.1613      1.1613      1.1613
      1.1613      1.1613      1.1613      1.1613      1.1613      1.1613
      1.1613      1.1613      1.1613      1.1613      1.1613      1.1613
      1.1613      1.1613      1.1613      1.1613      1.1613      1.1613
      1.1613      1.1613      1.1613      1.1613      1.1613      1.1613
      1.1613      1.1613      1.1613      1.1613      1.1613      1.1613
      1.1613      1.1613      0.0000      1.1613      1.1613      1.1613

  USINE N]**- L.OO H   **  **          59.7600
      0.0000      0.0000      0.0000      0.0000      0.0000      0.0000
      0.0000      0.0000      0.0000      0.0000      0.0000      0.0000
      0.0000      0.0000      0.0000      0.0000      0.0000      0.0000
      0.0000      0.0000      0.0000      0.0000      0.0000      3.7800
      3.7800      3.7800      0.0000      0.0000      0.0000      0.0000
      0.0000      0.0000      0.0000      0.0000      0.0000      0.0000
      0.0000      0.0000      0.0000      0.0000      0.0000      0.0000
      0.0000      0.0000      0.0000      0.0000      0.0000      0.0000
      0.0000      0.0000      0.0000      0.0000      0.0000      0.0000
      0.0000      0.0000      0.0000      0.0000      0.0000      0.0000
      0.0000      0.0000      0.0000      0.0000      0.0000      3.7800
      3.7800      3.7800      3.7800      3.7800      3.7800      3.7800
      3.7800      3.7800      2.8800      2.8800      2.8800      2.8800
      2.8800      0.0000      0.0000      0.0000      0.0000      0.0000
      0.0000      0.0000      0.0000      0.0000      0.0000      0.0000
      0.0000      0.0000      0.0000      0.0000      0.0000      0.0000

      0.0000      0.0000      0.0000      0.0000      0.0000      0.0000
      0.0000      0.0000      0.0000      0.0000      0.0000      0.0000
      0.0000      0.0000      0.0000      0.0000      0.0000      0.0000
      0.0000      0.0000      0.0000      0.0000      0.0000      6.5000
      6.5000      6.5000      0.0000      0.0000      0.0000      0.0000
      0.0000      0.0000      0.0000      0.0000      0.0000      0.0000
      0.0000      0.0000      0.0000      0.0000      0.0000      0.0000
      0.0000      0.0000      0.0000      0.0000      0.0000      0.0000
      0.0000      0.0000      0.0000      0.0000      0.0000      0.0000
      0.0000      0.0000      0.0000      0.0000      0.0000      0.0000
      0.0000      0.0000      0.0000      0.0000      0.0000      6.5000
      6.5000      6.5000      6.5000      6.5000      6.5000      6.5000
      6.5000      6.5000      5.0000      5.0000      5.0000      5.0000
      5.0000      0.0000      0.0000      0.0000      0.0000      0.0000
      0.0000      0.0000      0.0000      0.0000      0.0000      0.0000
      0.0000      0.0000      0.0000      0.0000      0.0000      0.0000

  USINE N]**- CIERPH   **   0         578.1600
      5.4000      5.4000      5.4000      5.4000      5.4000      5.4000
      5.4000      5.4000      5.4000      5.4000      5.4000      5.4000
      5.4000      5.4000      5.4000      5.4000      5.4000      5.4000
      5.4000      5.4000      5.4000      5.4000      5.4000      5.4000
      5.4000      5.4000      5.4000      5.4000      9.1800      9.1800
      9.1800      5.4000      5.4000      5.4000      5.4000      5.4000
      5.4000      5.4000      5.4000      5.4000      5.4000      5.4000
      5.4000      5.4000      5.4000      5.4000      5.4000      5.4000
      5.4000      5.4000      5.4000      5.4000      5.4000      5.4000
      5.4000      5.4000      5.4000      5.4000      5.4000      5.4000
      5.4000      5.4000      5.4000      5.4000      5.4000      5.4000
      5.4000      5.4000      5.4000      5.4000      9.1800      9.1800
      9.1800      9.1800      9.1800      9.1800      9.1800      9.1800
      9.1800      8.2800      8.2800      8.2800      8.2800      8.2800
      5.4000      5.4000      5.4000      5.4000      5.4000      5.4000
      5.4000      5.4000      5.4000      5.4000      5.4000      5.4000

      0.0000      0.0000      0.0000      0.0000      0.0000      0.0000
      0.0000      0.0000      0.0000      0.0000      0.0000      0.0000
      0.0000      0.0000      0.0000      0.0000      0.0000      0.0000
      0.0000      0.0000      0.0000      0.0000      0.0000      0.0000
      0.0000      0.0000      0.0000      0.0000      0.0000      0.0000
      0.0000      0.0000      0.0000      0.0000      0.0000      0.0000
      0.0000      0.0000      0.0000      0.0000      0.0000      0.0000
      0.0000      0.0000      0.0000      0.0000      0.0000      0.0000
      0.0000      0.0000      0.0000      0.0000      0.0000      0.0000
      0.0000      0.0000      0.0000      0.0000      0.0000      0.0000
      0.0000      0.0000      0.0000      0.0000      0.0000      0.0000
      0.0000      0.0000      0.0000      0.0000      0.0000      0.0000
      0.0000      0.0000      0.0000      0.0000      0.0000      0.0000
      0.0000      0.0000      0.0000      0.0000      0.0000      0.0000
      0.0000      0.0000      0.0000      0.0000      0.0000      0.0000
      0.0000      0.0000      0.0000      0.0000      0.0000      0.0000

