   DONNEES POUR LA VALLEE N]28-TARN     DATE: 22/06/10    10 USINE(S)     7 RESERVOIR(S)
  LAC N]**- PINETR     0.1000E+04     10.830         183.6000
   3008.9900   3017.9900   3026.9900   3035.9900   3044.9900   3053.9900
   3062.9900   3071.9900   3080.9900   3089.9900   3098.9900   3107.9900
   3116.9900   3125.9900   3134.9900   3143.9900   3152.9900   3161.9900
   3170.9900   3179.9900   3188.9900   3197.9900   3206.9900   3167.3900
   3127.7900   3088.1900   3097.1900   3106.1900   3115.1900   3124.1900
   3133.1900   3142.1900   3151.1900   3160.1900   3169.1900   3178.1900
   3187.1900   3196.1900   3205.1900   3214.1900   3223.1900   3232.1900
   3241.1900   3250.1900   3259.1900   3268.1900   3277.1900   3286.1900
   3246.5900   3206.9900   3215.9900   3224.9900   3233.9900   3242.9900
   3251.9900   3260.9900   3269.9900   3278.9900   3287.9900   3296.9900
   3305.9900   3314.9900   3323.9900   3284.3900   3244.7900   3205.1900
   3214.1900   3223.1900   3232.1900   3241.1900   3250.1900   3161.9900
   3073.7900   3034.1900   3043.1900   3052.1900   3109.7900   3167.3900
   3224.9900   3282.5900   3291.5900   3300.5900   3309.5900   3318.5900
   3327.5900   3336.5900   3345.5900   3354.5900   3363.5900   3372.5900
   3381.5900   3390.5900   3399.5900   3311.3900   3223.1900   3183.5900

  LAC N]**- TRUELR     0.1000E+04      0.000        -167.2000
   1104.7876    996.7876    987.2476    977.7076   1000.7476   1023.7876
   1033.8676   1043.9476   1066.9876   1090.0276   1113.0676   1136.1076
   1159.1476   1194.9676   1230.7876   1084.6276    925.6876    913.6276
    949.4476    985.2676   1008.1276   1030.9876   1066.8076   1151.2276
   1235.6476   1099.0276    913.8076    914.5276    950.3476    986.1676
    970.1476    954.1276    938.1076    973.9276   1009.7476   1045.5676
   1081.3876   1034.2276    987.0676   1022.8876   1058.7076   1094.5276
   1130.3476   1166.1676   1163.1076   1160.0476   1195.8676   1231.6876
   1095.0676    945.6676    968.7076    991.7476   1014.7876   1037.8276
   1060.8676   1083.9076   1106.9476   1129.9876   1153.0276   1176.0676
   1199.1076   1222.1476   1245.1876   1134.8476   1024.5076    926.9476
    962.7676    998.5876   1034.4076   1070.2276   1106.0476   1057.0876
   1008.1276    910.5676    946.3876    982.2076    969.4276    956.6476
    943.8676    931.0876    966.9076   1002.7276   1038.5476   1074.3676
   1110.1876   1063.0276   1015.8676   1051.6876   1087.5076   1123.3276
   1159.1476   1194.9676   1230.7876   1088.7676    935.4276   1032.8076

  LAC N]**- PARELR     0.1000E+04     10.830           0.0000
 151428.0800 151428.0800 151428.0800 151428.0800 151428.0800 151428.0800
 151428.0800 151428.0800 151428.0800 151428.0800 151428.0800 151428.0800
 151428.0800 151428.0800 151428.0800 151428.0800 151428.0800 151428.0800
 151428.0800 151428.0800 151428.0800 151428.0800 151428.0800 151428.0800
 151428.0800 151428.0800 151428.0800 151428.0800 151428.0800 151428.0800
 151428.0800 151428.0800 151428.0800 151428.0800 151428.0800 151428.0800
 151428.0800 151428.0800 151428.0800 151428.0800 151428.0800 151428.0800
 151428.0800 151428.0800 151428.0800 151428.0800 151428.0800 151428.0800
 151428.0800 151428.0800 151428.0800 151428.0800 151428.0800 151428.0800
 151428.0800 151428.0800 151428.0800 151428.0800 151428.0800 151428.0800
 151428.0800 151428.0800 151428.0800 151428.0800 151428.0800 151428.0800
 151428.0800 151428.0800 151428.0800 151428.0800 151428.0800 151428.0800
 151428.0800 151428.0800 151428.0800 151428.0800 151428.0800 151428.0800
 151428.0800 151428.0800 151428.0800 151428.0800 151428.0800 151428.0800
 151428.0800 151428.0800 151428.0800 151428.0800 151428.0800 151428.0800
 151428.0800 151428.0800 151428.0800 151428.0800 151428.0800 151428.0800

  LAC N]**- VILLER     0.1000E+04      0.000        -455.7600
   7888.8470   7890.4670   7905.0470   7919.6270   7934.2070   7948.7870
   7963.3670   7977.9470   7992.5270   8007.1070   8021.6870   8036.2670
   8050.8470   8039.6870   8028.5270   8017.3670   8031.9470   8046.5270
   8022.2270   7997.9270   7973.6270   7949.3270   7938.1670   7927.0070
   7902.7070   7878.4070   7880.2070   7882.0070   7883.8070   7872.6470
   7861.4870   7850.3270   7839.1670   7828.0070   7829.8070   7831.6070
   7833.4070   7835.2070   7837.0070   7838.8070   7840.6070   7842.4070
   7844.2070   7846.0070   7847.8070   7849.6070   7851.4070   7853.2070
   7855.0070   7869.5870   7884.1670   7898.7470   7913.3270   7927.9070
   7942.4870   7957.0670   7971.6470   7986.2270   8000.8070   8015.3870
   8017.0070   8018.6270   8007.1070   7995.5870   7997.2070   7986.0470
   7974.8870   7963.7270   7952.5670   7928.2670   7903.9670   7879.6670
   7881.4670   7883.2670   7885.0670   7860.7670   7836.4670   7825.3070
   7814.1470   7802.9870   7791.8270   7780.6670   7769.5070   7771.3070
   7773.1070   7774.9070   7776.7070   7778.5070   7780.3070   7782.1070
   7783.9070   7785.7070   7787.5070   7668.7070   7549.9070   7444.2470

  LAC N]**- JOURDR     0.1000E+04      0.000         191.5000
   2806.0600   2928.8200   3051.5800   3062.9200   3074.2600   3053.0200
   3031.7800   3023.5000   3015.2200   2993.9800   2972.7400   2951.5000
   2930.2600   2909.0200   2889.9400   2839.7200   2971.4800   3090.2800
   3093.3400   3087.4000   3081.4600   3057.3400   3033.2200   2967.3400
   2901.4600   2837.5600   2994.7000   3136.9000   3124.3000   3103.0600
   3094.7800   3138.3400   3171.1000   3203.8600   3195.5800   3174.3400
   3153.1000   3131.8600   3193.6000   3255.3400   3234.1000   3212.8600
   3191.6200   3159.5800   3096.4000   3045.2800   2994.1600   2887.2400
   2780.3200   2922.5200   3080.3800   3048.3400   3016.3000   2995.0600
   2973.8200   2952.5800   2931.3400   2910.1000   2888.8600   2856.8200
   2793.6400   2727.7600   2633.8000   2522.9200   2594.0200   2623.7200
   2653.4200   2501.1400   2377.1200   2253.1000   2142.2200   2042.6800
   2160.7600   2252.7400   2371.5400   2323.8400   2325.6400   2330.5000
   2322.2200   2313.9400   2305.6600   2297.3800   2289.1000   2280.8200
   2259.5800   2238.3400   2300.0800   2361.8200   2340.5800   2319.3400
   2298.1000   2276.8600   2255.6200   2234.3800   2608.7800   2994.5000

  LAC N]**- CROUXR     0.1000E+04      0.000        -761.6129
    982.7944    970.5201    994.3216    982.0473    933.6972    849.2712
    718.3295    540.5120    398.7703    293.1044    223.5143    190.0000
    192.5615    231.1988    243.7230    292.3230    304.8472    353.4472
    402.0472    414.5714    473.9714    564.5114    655.0514    734.6648
    747.0624    795.5358    854.9358    945.4758    999.9400   1033.9884
   1104.1126   1184.0042   1227.8200   1260.4758   1225.9158   1164.8958
   1103.8758   1076.5158   1093.7958   1139.6958   1174.7958   1209.8958
   1238.1558   1236.1758   1200.3558   1130.8758   1044.4758    922.0000
    835.6000    723.9242    679.4642    678.7442    686.4842    744.8042
    836.9642    901.0442    949.4642    932.9042    916.3442    855.3242
    768.9242    682.5242    596.1242    509.7242    411.7316    336.1316
    255.5958    226.7958    190.0000    214.1484    202.2211    254.6295
    270.9622    323.3706    325.0948    290.7432    292.4674    246.7758
    201.5200    192.3400    190.0000    206.0200    230.6800    265.7800
    300.8800    335.9800    371.0800    399.3400    397.3600    361.5400
    325.7200    323.7400    321.7600    285.9400    250.1200    197.3800

  LAC N]**- S.SABR     0.1000E+04      0.000           0.0000
      0.0000      0.0000      0.0000      0.0000      0.0000      0.0000
      0.0000      0.0000      0.0000      0.0000      0.0000      0.0000
      0.0000      0.0000      0.0000      0.0000      0.0000      0.0000
      0.0000      0.0000      0.0000      0.0000      0.0000      0.0000
      0.0000      0.0000      0.0000      0.0000      0.0000      0.0000
      0.0000      0.0000      0.0000      0.0000      0.0000      0.0000
      0.0000      0.0000      0.0000      0.0000      0.0000      0.0000
      0.0000      0.0000      0.0000      0.0000      0.0000      0.0000
      0.0000      0.0000      0.0000      0.0000      0.0000      0.0000
      0.0000      0.0000      0.0000      0.0000      0.0000      0.0000
      0.0000      0.0000      0.0000      0.0000      0.0000      0.0000
      0.0000      0.0000      0.0000      0.0000      0.0000      0.0000
      0.0000      0.0000      0.0000      0.0000      0.0000      0.0000
      0.0000      0.0000      0.0000      0.0000      0.0000      0.0000
      0.0000      0.0000      0.0000      0.0000      0.0000      0.0000
      0.0000      0.0000      0.0000      0.0000      0.0000      0.0000

  USINE N]**- PINETH   **  **        5346.0000
     48.6000     48.6000     48.6000     48.6000     48.6000     48.6000
     48.6000     48.6000     48.6000     48.6000     48.6000     48.6000
     48.6000     48.6000     48.6000     48.6000     48.6000     48.6000
     48.6000     48.6000     48.6000     48.6000     48.6000     97.2000
     97.2000     97.2000     48.6000     48.6000     48.6000     48.6000
     48.6000     48.6000     48.6000     48.6000     48.6000     48.6000
     48.6000     48.6000     48.6000     48.6000     48.6000     48.6000
     48.6000     48.6000     48.6000     48.6000     48.6000     48.6000
     97.2000     97.2000     48.6000     48.6000     48.6000     48.6000
     48.6000     48.6000     48.6000     48.6000     48.6000     48.6000
     48.6000     48.6000     48.6000     97.2000     97.2000     97.2000
     48.6000     48.6000     48.6000     48.6000     48.6000    145.8000
    145.8000     97.2000     48.6000     48.6000      0.0000      0.0000
      0.0000      0.0000     48.6000     48.6000     48.6000     48.6000
     48.6000     48.6000     48.6000     48.6000     48.6000     48.6000
     48.6000     48.6000     48.6000    145.8000    145.8000     97.2000

      3.5000      3.5000      3.5000      3.5000      3.5000      3.5000
      3.5000      3.5000      3.5000      3.5000      3.5000      3.5000
      3.5000      3.5000      3.5000      3.5000      3.5000      3.5000
      3.5000      3.5000      3.5000      3.5000      3.5000      7.0000
      7.0000      7.0000      3.5000      3.5000      3.5000      3.5000
      3.5000      3.5000      3.5000      3.5000      3.5000      3.5000
      3.5000      3.5000      3.5000      3.5000      3.5000      3.5000
      3.5000      3.5000      3.5000      3.5000      3.5000      3.5000
      7.0000      7.0000      3.5000      3.5000      3.5000      3.5000
      3.5000      3.5000      3.5000      3.5000      3.5000      3.5000
      3.5000      3.5000      3.5000      7.0000      7.0000      7.0000
      3.5000      3.5000      3.5000      3.5000      3.5000     10.5000
     10.5000      7.0000      3.5000      3.5000      0.0000      0.0000
      0.0000      0.0000      3.5000      3.5000      3.5000      3.5000
      3.5000      3.5000      3.5000      3.5000      3.5000      3.5000
      3.5000      3.5000      3.5000     10.5000     10.5000      7.0000

  USINE N]**- ALRANH   **  **           0.0000
      0.0000      0.0000      0.0000      0.0000      0.0000      0.0000
      0.0000      0.0000      0.0000      0.0000      0.0000      0.0000
      0.0000      0.0000      0.0000      0.0000      0.0000      0.0000
      0.0000      0.0000      0.0000      0.0000      0.0000      0.0000
      0.0000      0.0000      0.0000      0.0000      0.0000      0.0000
      0.0000      0.0000      0.0000      0.0000      0.0000      0.0000
      0.0000      0.0000      0.0000      0.0000      0.0000      0.0000
      0.0000      0.0000      0.0000      0.0000      0.0000      0.0000
      0.0000      0.0000      0.0000      0.0000      0.0000      0.0000
      0.0000      0.0000      0.0000      0.0000      0.0000      0.0000
      0.0000      0.0000      0.0000      0.0000      0.0000      0.0000
      0.0000      0.0000      0.0000      0.0000      0.0000      0.0000
      0.0000      0.0000      0.0000      0.0000      0.0000      0.0000
      0.0000      0.0000      0.0000      0.0000      0.0000      0.0000
      0.0000      0.0000      0.0000      0.0000      0.0000      0.0000
      0.0000      0.0000      0.0000      0.0000      0.0000      0.0000

      0.0000      0.0000      0.0000      0.0000      0.0000      0.0000
      0.0000      0.0000      0.0000      0.0000      0.0000      0.0000
      0.0000      0.0000      0.0000      0.0000      0.0000      0.0000
      0.0000      0.0000      0.0000      0.0000      0.0000      0.0000
      0.0000      0.0000      0.0000      0.0000      0.0000      0.0000
      0.0000      0.0000      0.0000      0.0000      0.0000      0.0000
      0.0000      0.0000      0.0000      0.0000      0.0000      0.0000
      0.0000      0.0000      0.0000      0.0000      0.0000      0.0000
      0.0000      0.0000      0.0000      0.0000      0.0000      0.0000
      0.0000      0.0000      0.0000      0.0000      0.0000      0.0000
      0.0000      0.0000      0.0000      0.0000      0.0000      0.0000
      0.0000      0.0000      0.0000      0.0000      0.0000      0.0000
      0.0000      0.0000      0.0000      0.0000      0.0000      0.0000
      0.0000      0.0000      0.0000      0.0000      0.0000      0.0000
      0.0000      0.0000      0.0000      0.0000      0.0000      0.0000
      0.0000      0.0000      0.0000      0.0000      0.0000      0.0000

  USINE N]**- POUG9H   **  **           0.0000
      0.0000      0.0000      0.0000      0.0000      0.0000      0.0000
      0.0000      0.0000      0.0000      0.0000      0.0000      0.0000
      0.0000      0.0000      0.0000      0.0000      0.0000      0.0000
      0.0000      0.0000      0.0000      0.0000      0.0000      0.0000
      0.0000      0.0000      0.0000      0.0000      0.0000      0.0000
      0.0000      0.0000      0.0000      0.0000      0.0000      0.0000
      0.0000      0.0000      0.0000      0.0000      0.0000      0.0000
      0.0000      0.0000      0.0000      0.0000      0.0000      0.0000
      0.0000      0.0000      0.0000      0.0000      0.0000      0.0000
      0.0000      0.0000      0.0000      0.0000      0.0000      0.0000
      0.0000      0.0000      0.0000      0.0000      0.0000      0.0000
      0.0000      0.0000      0.0000      0.0000      0.0000      0.0000
      0.0000      0.0000      0.0000      0.0000      0.0000      0.0000
      0.0000      0.0000      0.0000      0.0000      0.0000      0.0000
      0.0000      0.0000      0.0000      0.0000      0.0000      0.0000
      0.0000      0.0000      0.0000      0.0000      0.0000      0.0000

      0.0000      0.0000      0.0000      0.0000      0.0000      0.0000
      0.0000      0.0000      0.0000      0.0000      0.0000      0.0000
      0.0000      0.0000      0.0000      0.0000      0.0000      0.0000
      0.0000      0.0000      0.0000      0.0000      0.0000      0.0000
      0.0000      0.0000      0.0000      0.0000      0.0000      0.0000
      0.0000      0.0000      0.0000      0.0000      0.0000      0.0000
      0.0000      0.0000      0.0000      0.0000      0.0000      0.0000
      0.0000      0.0000      0.0000      0.0000      0.0000      0.0000
      0.0000      0.0000      0.0000      0.0000      0.0000      0.0000
      0.0000      0.0000      0.0000      0.0000      0.0000      0.0000
      0.0000      0.0000      0.0000      0.0000      0.0000      0.0000
      0.0000      0.0000      0.0000      0.0000      0.0000      0.0000
      0.0000      0.0000      0.0000      0.0000      0.0000      0.0000
      0.0000      0.0000      0.0000      0.0000      0.0000      0.0000
      0.0000      0.0000      0.0000      0.0000      0.0000      0.0000
      0.0000      0.0000      0.0000      0.0000      0.0000      0.0000

  USINE N]**- POUG9P   **  **         383.4000
      0.0000     12.7800     12.7800     12.7800     12.7800     12.7800
     12.7800     12.7800     12.7800     12.7800     12.7800     12.7800
     12.7800      0.0000      0.0000      0.0000     12.7800     12.7800
      0.0000      0.0000      0.0000      0.0000      0.0000      0.0000
      0.0000      0.0000      0.0000      0.0000      0.0000      0.0000
      0.0000      0.0000      0.0000      0.0000      0.0000      0.0000
      0.0000      0.0000      0.0000      0.0000      0.0000      0.0000
      0.0000      0.0000      0.0000      0.0000      0.0000      0.0000
      0.0000     12.7800     12.7800     12.7800     12.7800     12.7800
     12.7800     12.7800     12.7800     12.7800     12.7800     12.7800
     12.7800     12.7800     12.7800     12.7800     12.7800      0.0000
      0.0000      0.0000      0.0000      0.0000      0.0000      0.0000
      0.0000      0.0000      0.0000      0.0000      0.0000      0.0000
      0.0000      0.0000      0.0000      0.0000      0.0000      0.0000
      0.0000      0.0000      0.0000      0.0000      0.0000      0.0000
      0.0000      0.0000      0.0000      0.0000      0.0000      0.0000

      0.0000    -18.0000    -18.0000    -18.0000    -18.0000    -18.0000
    -18.0000    -18.0000    -18.0000    -18.0000    -18.0000    -18.0000
    -18.0000      0.0000      0.0000      0.0000    -18.0000    -18.0000
      0.0000      0.0000      0.0000      0.0000      0.0000      0.0000
      0.0000      0.0000      0.0000      0.0000      0.0000      0.0000
      0.0000      0.0000      0.0000      0.0000      0.0000      0.0000
      0.0000      0.0000      0.0000      0.0000      0.0000      0.0000
      0.0000      0.0000      0.0000      0.0000      0.0000      0.0000
      0.0000    -18.0000    -18.0000    -18.0000    -18.0000    -18.0000
    -18.0000    -18.0000    -18.0000    -18.0000    -18.0000    -18.0000
    -18.0000    -18.0000    -18.0000    -18.0000    -18.0000      0.0000
      0.0000      0.0000      0.0000      0.0000      0.0000      0.0000
      0.0000      0.0000      0.0000      0.0000      0.0000      0.0000
      0.0000      0.0000      0.0000      0.0000      0.0000      0.0000
      0.0000      0.0000      0.0000      0.0000      0.0000      0.0000
      0.0000      0.0000      0.0000      0.0000      0.0000      0.0000

  USINE N]**- TRUELH   **  **        5147.0800
    144.0000    144.0000     45.5400     45.5400     12.9600     12.9600
     25.9200     25.9200     12.9600     12.9600     12.9600     12.9600
     12.9600     12.9600     12.9600    194.9400    194.9400     48.0600
     12.9600     12.9600     25.9200     25.9200     12.9600     12.9600
     12.9600    234.0000    234.0000     48.0600     12.9600     12.9600
     64.8000     64.8000     64.8000     12.9600     12.9600     12.9600
     12.9600     95.9400     95.9400     12.9600     12.9600     12.9600
     12.9600     12.9600     51.8400     51.8400     12.9600     12.9600
    234.0000    234.0000     12.9600     12.9600     12.9600     12.9600
     12.9600     12.9600     12.9600     12.9600     12.9600     12.9600
     12.9600     12.9600     12.9600    194.9400    194.9400    194.9400
     12.9600     12.9600     12.9600     12.9600     12.9600    194.9400
    194.9400    194.9400     12.9600     12.9600     12.9600     12.9600
     12.9600     12.9600     12.9600     12.9600     12.9600     12.9600
     12.9600     95.9400     95.9400     12.9600     12.9600     12.9600
     12.9600     12.9600     12.9600    288.0000    299.3200      0.0000

      5.5000      5.5000      1.7500      1.7500      0.5000      0.5000
      1.0000      1.0000      0.5000      0.5000      0.5000      0.5000
      0.5000      0.5000      0.5000      7.5000      7.5000      1.9000
      0.5000      0.5000      1.0000      1.0000      0.5000      0.5000
      0.5000      9.0000      9.0000      1.9000      0.5000      0.5000
      2.5000      2.5000      2.5000      0.5000      0.5000      0.5000
      0.5000      3.8000      3.8000      0.5000      0.5000      0.5000
      0.5000      0.5000      2.0000      2.0000      0.5000      0.5000
      9.0000      9.0000      0.5000      0.5000      0.5000      0.5000
      0.5000      0.5000      0.5000      0.5000      0.5000      0.5000
      0.5000      0.5000      0.5000      7.5000      7.5000      7.5000
      0.5000      0.5000      0.5000      0.5000      0.5000      7.5000
      7.5000      7.5000      0.5000      0.5000      0.5000      0.5000
      0.5000      0.5000      0.5000      0.5000      0.5000      0.5000
      0.5000      3.8000      3.8000      0.5000      0.5000      0.5000
      0.5000      0.5000      0.5000     11.0000     11.0000      0.0000

  USINE N]**- POUG8H   **  **         283.5000
      0.0000      0.0000      0.0000      0.0000      0.0000      0.0000
      0.0000      0.0000      0.0000      0.0000      0.0000      0.0000
      0.0000      0.0000      0.0000      0.0000      0.0000      0.0000
      0.0000      0.0000      0.0000      0.0000      0.0000      0.0000
      0.0000      0.0000      0.0000      0.0000      0.0000      0.0000
      0.0000      0.0000      0.0000      0.0000      0.0000      0.0000
      0.0000      0.0000      0.0000      0.0000      0.0000      0.0000
      0.0000      0.0000      0.0000      0.0000      0.0000      0.0000
      0.0000      0.0000      0.0000      0.0000      0.0000      0.0000
      0.0000      0.0000      0.0000      0.0000      0.0000      0.0000
      0.0000      0.0000      0.0000      0.0000      0.0000      0.0000
      0.0000      0.0000      0.0000      0.0000      0.0000      0.0000
      0.0000      0.0000      0.0000      0.0000      0.0000      0.0000
      0.0000      0.0000      0.0000      0.0000      0.0000      0.0000
      0.0000      0.0000      0.0000      0.0000      0.0000      0.0000
      0.0000      0.0000      0.0000     94.5000     94.5000     94.5000

      0.0000      0.0000      0.0000      0.0000      0.0000      0.0000
      0.0000      0.0000      0.0000      0.0000      0.0000      0.0000
      0.0000      0.0000      0.0000      0.0000      0.0000      0.0000
      0.0000      0.0000      0.0000      0.0000      0.0000      0.0000
      0.0000      0.0000      0.0000      0.0000      0.0000      0.0000
      0.0000      0.0000      0.0000      0.0000      0.0000      0.0000
      0.0000      0.0000      0.0000      0.0000      0.0000      0.0000
      0.0000      0.0000      0.0000      0.0000      0.0000      0.0000
      0.0000      0.0000      0.0000      0.0000      0.0000      0.0000
      0.0000      0.0000      0.0000      0.0000      0.0000      0.0000
      0.0000      0.0000      0.0000      0.0000      0.0000      0.0000
      0.0000      0.0000      0.0000      0.0000      0.0000      0.0000
      0.0000      0.0000      0.0000      0.0000      0.0000      0.0000
      0.0000      0.0000      0.0000      0.0000      0.0000      0.0000
      0.0000      0.0000      0.0000      0.0000      0.0000      0.0000
      0.0000      0.0000      0.0000    105.0000    105.0000    105.0000

  USINE N]**- POUGEH   **  **         728.4600
     12.9600     12.9600      0.0000      0.0000      0.0000      0.0000
      0.0000      0.0000      0.0000      0.0000      0.0000      0.0000
      0.0000     12.9600     12.9600     12.9600      0.0000      0.0000
     26.1000     26.1000     26.1000     26.1000     12.9600     12.9600
     26.1000     26.1000      0.0000      0.0000      0.0000     12.9600
     12.9600     12.9600     12.9600     12.9600      0.0000      0.0000
      0.0000      0.0000      0.0000      0.0000      0.0000      0.0000
      0.0000      0.0000      0.0000      0.0000      0.0000      0.0000
      0.0000      0.0000      0.0000      0.0000      0.0000      0.0000
      0.0000      0.0000      0.0000      0.0000      0.0000      0.0000
     12.9600     12.9600     26.1000     26.1000     12.9600     12.9600
     12.9600     12.9600     12.9600     26.1000     26.1000     26.1000
      0.0000      0.0000      0.0000     26.1000     26.1000     12.9600
     12.9600     12.9600     12.9600     12.9600     12.9600      0.0000
      0.0000      0.0000      0.0000      0.0000      0.0000      0.0000
      0.0000      0.0000      0.0000     26.1000     26.1000     12.9600

     14.0000     14.0000      0.0000      0.0000      0.0000      0.0000
      0.0000      0.0000      0.0000      0.0000      0.0000      0.0000
      0.0000     14.0000     14.0000     14.0000      0.0000      0.0000
     28.0000     28.0000     28.0000     28.0000     14.0000     14.0000
     28.0000     28.0000      0.0000      0.0000      0.0000     14.0000
     14.0000     14.0000     14.0000     14.0000      0.0000      0.0000
      0.0000      0.0000      0.0000      0.0000      0.0000      0.0000
      0.0000      0.0000      0.0000      0.0000      0.0000      0.0000
      0.0000      0.0000      0.0000      0.0000      0.0000      0.0000
      0.0000      0.0000      0.0000      0.0000      0.0000      0.0000
     14.0000     14.0000     28.0000     28.0000     14.0000     14.0000
     14.0000     14.0000     14.0000     28.0000     28.0000     28.0000
      0.0000      0.0000      0.0000     28.0000     28.0000     14.0000
     14.0000     14.0000     14.0000     14.0000     14.0000      0.0000
      0.0000      0.0000      0.0000      0.0000      0.0000      0.0000
      0.0000      0.0000      0.0000     28.0000     28.0000     14.0000

  USINE N]**- JOURDH   **  **        6080.9400
     46.8000     36.0000     36.0000     36.0000     36.0000     36.0000
     36.0000     36.0000     36.0000     36.0000     36.0000     36.0000
     36.0000     36.0000     46.8000     77.9400     77.9400     77.9400
     46.8000     46.8000     46.8000     77.9400     77.9400     93.6000
     93.6000    104.7600    104.7600     93.6000     62.4600     36.0000
     36.0000     36.0000     46.8000     46.8000     36.0000     36.0000
     36.0000     36.0000     36.0000     36.0000     36.0000     36.0000
     36.0000     46.8000     77.9400    104.7600    104.7600    121.6800
    121.6800     93.6000     77.9400     46.8000     46.8000     36.0000
     36.0000     36.0000     36.0000     36.0000     36.0000     46.8000
     77.9400     93.6000    121.6800    151.7400    151.7400    180.0000
    180.0000    180.0000    151.7400    151.7400    151.7400    140.4000
    104.7600    104.7600     77.9400     62.4600     39.0600     36.0000
     36.0000     36.0000     36.0000     36.0000     36.0000     36.0000
     36.0000     36.0000     36.0000     36.0000     36.0000     36.0000
     36.0000     36.0000     36.0000     36.0000     36.0000     36.0000

      1.5000      1.1534      1.1534      1.1534      1.1534      1.1534
      1.1534      1.1534      1.1534      1.1534      1.1534      1.1534
      1.1534      1.1534      1.5000      2.5000      2.5000      2.5000
      1.5000      1.5000      1.5000      2.5000      2.5000      3.0000
      3.0000      3.5000      3.5000      3.0000      2.0000      1.1534
      1.1534      1.1534      1.5000      1.5000      1.1534      1.1534
      1.1534      1.1534      1.1534      1.1534      1.1534      1.1534
      1.1534      1.5000      2.5000      3.5000      3.5000      4.0000
      4.0000      3.0000      2.5000      1.5000      1.5000      1.1534
      1.1534      1.1534      1.1534      1.1534      1.1534      1.5000
      2.5000      3.0000      4.0000      5.0000      5.0000      5.9345
      5.9345      5.9345      5.0000      5.0000      5.0000      4.5000
      3.5000      3.5000      2.5000      2.0000      1.2500      1.1534
      1.1534      1.1534      1.1534      1.1534      1.1534      1.1534
      1.1534      1.1534      1.1534      1.1534      1.1534      1.1534
      1.1534      1.1534      1.1534      1.1534      1.1534      1.1534

  USINE N]**- CROUXH   **  **        8179.5930
     46.0385     82.1143     46.0385     82.1143    118.1901    154.2659
    190.3417    226.4175    190.3417    154.2659    118.1901     82.1143
     46.0385      9.9627     36.0758      0.0000     36.0758      0.0000
      0.0000     36.0758      0.0000      0.0000      0.0000     10.9266
     47.0024     10.9266      0.0000      0.0000     36.0758     72.1516
     36.0758     37.4684     73.5442     73.5442    109.6200    109.6200
    109.6200     75.9600     42.1200     13.5000     13.5000     13.5000
     20.3400     50.5800     84.4200    118.0800    135.0000    171.0758
    135.0000    171.0758    135.0000    118.0800    109.6200     75.9600
     42.1200     42.1200     42.1200     75.9600     75.9600    109.6200
    135.0000    135.0000    135.0000    135.0000    146.5926    135.0000
    171.0758    135.0000    171.0758    140.1916    176.2674    140.1916
    176.2674    140.1916    162.6158    198.6916    162.6158    198.6916
    162.6158    126.5400     92.8800     59.0400     27.0000     13.5000
     13.5000     13.5000     13.5000     20.3400     50.5800     84.4200
     84.4200     50.5800     50.5800     84.4200     84.4200    101.3400

      0.0000      0.0000      0.0000      0.0000      0.0000      0.0000
      0.0000      0.0000      0.0000      0.0000      0.0000      0.0000
      0.0000      0.0000      0.0000      0.0000      0.0000      0.0000
      0.0000      0.0000      0.0000      0.0000      0.0000      0.0000
      0.0000      0.0000      0.0000      0.0000      0.0000      0.0000
      0.0000      0.0000      0.0000      0.0000      3.2500      3.2500
      3.2500      2.2500      1.2500      0.4000      0.4000      0.4000
      0.6000      1.5000      2.5000      3.5000      4.0000      4.0000
      4.0000      4.0000      4.0000      3.5000      3.2500      2.2500
      1.2500      1.2500      1.2500      2.2500      2.2500      3.2500
      4.0000      4.0000      4.0000      4.0000      4.0000      4.0000
      4.0000      4.0000      4.0000      4.0000      4.0000      4.0000
      4.0000      4.0000      4.0000      4.0000      4.0000      4.0000
      4.0000      3.7500      2.7500      1.7500      0.8000      0.4000
      0.4000      0.4000      0.4000      0.6000      1.5000      2.5000
      2.5000      1.5000      1.5000      2.5000      2.5000      3.0000

  USINE N]**- S.SABH   **   0        9083.7330
     77.7600     77.7600     77.7600     77.7600     77.7600     77.7600
     77.7600     77.7600     77.7600     77.7600     77.7600     77.7600
     77.7600     77.7600     77.7600     77.7600     52.3385     88.4143
     52.3385     88.4143    124.4901    160.5659    196.6417    232.7175
    196.6417    160.5659    124.4901     88.4143     52.3385     16.2627
     42.3758      6.3000     42.3758      6.3000      6.3000     42.3758
      6.3000      6.3000      6.3000     17.2266     53.3024     17.2266
      6.3000      6.3000     42.3758     78.4516     42.3758     43.7684
     79.8442     79.8442    115.9200    115.9200    115.9200     82.2600
     48.4200     19.8000     19.8000     19.8000     26.6400     56.8800
     90.7200    124.3800    141.3000    177.3758    141.3000    177.3758
    141.3000    124.3800    115.9200     82.2600     48.4200     48.4200
     48.4200     82.2600     82.2600    115.9200    141.3000    141.3000
    141.3000    141.3000    152.8926    141.3000    177.3758    141.3000
    177.3758    146.4916    182.5674    146.4916    182.5674    146.4916
    168.9158    204.9916    168.9158    204.9916    168.9158    132.8400

      3.2400      3.2400      3.2400      3.2400      3.2400      0.0000
      3.2400      3.2400      3.2400      3.2400      3.2400      3.2400
      3.2400      3.2400      0.0000      3.2400      2.1808      3.6839
      2.1808      3.6839      5.1871      6.6902      8.1934      9.6966
      8.1934      6.6902      5.1871      3.6839      2.1808      0.6776
      1.7657      0.2625      1.7657      0.0000      0.2625      1.7657
      0.2625      0.2625      0.2625      0.7178      2.2209      0.7178
      0.2625      0.2625      1.7657      3.2688      1.7657      1.8237
      3.3268      0.0000      4.8300      4.8300      4.8300      3.4275
      2.0175      0.8250      0.0000      0.8250      1.1100      0.0000
      3.7800      5.1825      5.8875      7.3907      5.8875      7.3907
      5.8875      5.1825      4.8300      3.4275      2.0175      2.0175
      0.0000      3.4275      0.0000      4.8300      5.8875      5.8875
      5.8875      5.8875      6.3705      5.8875      7.3907      5.8875
      7.3907      6.1038      7.6070      0.0000      7.6070      6.1038
      7.0382      8.5413      0.0000      8.5413      0.0000      5.5350

   DONNEES POUR LA VALLEE N]34-AGOUT    DATE: 22/06/10     4 USINE(S)     4 RESERVOIR(S)
  LAC N]**- RAVIER     0.1000E+04      5.530           0.0000
  37673.0760  37673.0760  37673.0760  37673.0760  37673.0760  37673.0760
  37673.0760  37673.0760  37673.0760  37673.0760  37673.0760  37673.0760
  37673.0760  37673.0760  37673.0760  37673.0760  37673.0760  37673.0760
  37673.0760  37673.0760  37673.0760  37673.0760  37673.0760  37673.0760
  37673.0760  37673.0760  37673.0760  37673.0760  37673.0760  37673.0760
  37673.0760  37673.0760  37673.0760  37673.0760  37673.0760  37673.0760
  37673.0760  37673.0760  37673.0760  37673.0760  37673.0760  37673.0760
  37673.0760  37673.0760  37673.0760  37673.0760  37673.0760  37673.0760
  37673.0760  37673.0760  37673.0760  37673.0760  37673.0760  37673.0760
  37673.0760  37673.0760  37673.0760  37673.0760  37673.0760  37673.0760
  37673.0760  37673.0760  37673.0760  37673.0760  37673.0760  37673.0760
  37673.0760  37673.0760  37673.0760  37673.0760  37673.0760  37673.0760
  37673.0760  37673.0760  37673.0760  37673.0760  37673.0760  37673.0760
  37673.0760  37673.0760  37673.0760  37673.0760  37673.0760  37673.0760
  37673.0760  37673.0760  37673.0760  37673.0760  37673.0760  37673.0760
  37673.0760  37673.0760  37673.0760  37673.0760  37673.0760  37673.0760

  LAC N]**- PONVIR     0.1000E+04      0.000        -118.2600
    301.9824    303.9624    305.9424    307.9224    309.9024    311.8824
    313.8624    315.8424    317.8224    319.8024    321.7824    323.7624
    325.7424    327.7224    329.7024    331.6824    333.6624    305.4024
    277.1424    248.8824    250.8624    252.8424    254.8224    256.8024
    258.7824    230.5224    202.2624    204.2424    206.2224    208.2024
    210.1824    212.1624    214.1424    216.1224    218.1024    220.0824
    222.0624    224.0424    226.0224    228.0024    229.9824    231.9624
    233.9424    235.9224    237.9024    239.8824    241.8624    243.8424
    245.8224    247.8024    249.7824    251.7624    253.7424    255.7224
    257.7024    259.6824    261.6624    263.6424    265.6224    267.6024
    269.5824    271.5624    273.5424    275.5224    277.5024    279.4824
    281.4624    283.4424    285.4224    287.4024    289.3824    261.1224
    232.8624    204.6024    206.5824    208.5624    210.5424    212.5224
    214.5024    216.4824    218.4624    220.4424    222.4224    224.4024
    226.3824    228.3624    208.2024    188.0424    167.8824    169.8624
    171.8424    173.8224    175.8024    177.7824    179.7624    181.7424

  LAC N]**- RECORR     0.1000E+04      0.000         -32.5800
    293.1615    299.2815    305.4015    311.5215    317.6415    323.7615
    329.8815    336.0015    342.1215    348.2415    354.3615    360.4815
    366.6015    372.7215    378.8415    350.7615    322.6815    294.6015
    294.2415    293.8815    323.7615    333.1215    335.2815    307.2015
    279.1215    251.0415    257.1615    263.2815    299.6415    336.0015
    342.1215    348.2415    354.3615    360.4815    366.6015    372.7215
    378.8415    384.9615    391.0815    397.2015    369.1215    341.0415
    340.6815    340.3215    339.9615    319.0815    298.2015    270.1215
    242.0415    248.1615    254.2815    260.4015    266.5215    272.6415
    278.7615    284.8815    291.0015    297.1215    303.2415    309.3615
    315.4815    321.6015    327.7215    306.8415    285.9615    265.0815
    264.7215    264.3615    264.0015    263.6415    263.2815    235.2015
    207.1215    179.0415    215.4015    251.7615    288.1215    294.2415
    300.3615    306.4815    312.6015    318.7215    324.8415    330.9615
    337.0815    343.2015    315.1215    287.0415    258.9615    280.7415
    302.5215    324.3015    323.9415    295.8615    267.7815    267.4215

  LAC N]**- CARLAR     0.1000E+04      0.000           0.0000
      0.0000      0.0000      0.0000      0.0000      0.0000      0.0000
      0.0000      0.0000      0.0000      0.0000      0.0000      0.0000
      0.0000      0.0000      0.0000      0.0000      0.0000      0.0000
      0.0000      0.0000      0.0000      0.0000      0.0000      0.0000
      0.0000      0.0000      0.0000      0.0000      0.0000      0.0000
      0.0000      0.0000      0.0000      0.0000      0.0000      0.0000
      0.0000      0.0000      0.0000      0.0000      0.0000      0.0000
      0.0000      0.0000      0.0000      0.0000      0.0000      0.0000
      0.0000      0.0000      0.0000      0.0000      0.0000      0.0000
      0.0000      0.0000      0.0000      0.0000      0.0000      0.0000
      0.0000      0.0000      0.0000      0.0000      0.0000      0.0000
      0.0000      0.0000      0.0000      0.0000      0.0000      0.0000
      0.0000      0.0000      0.0000      0.0000      0.0000      0.0000
      0.0000      0.0000      0.0000      0.0000      0.0000      0.0000
      0.0000      0.0000      0.0000      0.0000      0.0000      0.0000
      0.0000      0.0000      0.0000      0.0000      0.0000      0.0000

  USINE N]**- RAVIEH   **  **           0.0000
      0.0000      0.0000      0.0000      0.0000      0.0000      0.0000
      0.0000      0.0000      0.0000      0.0000      0.0000      0.0000
      0.0000      0.0000      0.0000      0.0000      0.0000      0.0000
      0.0000      0.0000      0.0000      0.0000      0.0000      0.0000
      0.0000      0.0000      0.0000      0.0000      0.0000      0.0000
      0.0000      0.0000      0.0000      0.0000      0.0000      0.0000
      0.0000      0.0000      0.0000      0.0000      0.0000      0.0000
      0.0000      0.0000      0.0000      0.0000      0.0000      0.0000
      0.0000      0.0000      0.0000      0.0000      0.0000      0.0000
      0.0000      0.0000      0.0000      0.0000      0.0000      0.0000
      0.0000      0.0000      0.0000      0.0000      0.0000      0.0000
      0.0000      0.0000      0.0000      0.0000      0.0000      0.0000
      0.0000      0.0000      0.0000      0.0000      0.0000      0.0000
      0.0000      0.0000      0.0000      0.0000      0.0000      0.0000
      0.0000      0.0000      0.0000      0.0000      0.0000      0.0000
      0.0000      0.0000      0.0000      0.0000      0.0000      0.0000

      0.0000      0.0000      0.0000      0.0000      0.0000      0.0000
      0.0000      0.0000      0.0000      0.0000      0.0000      0.0000
      0.0000      0.0000      0.0000      0.0000      0.0000      0.0000
      0.0000      0.0000      0.0000      0.0000      0.0000      0.0000
      0.0000      0.0000      0.0000      0.0000      0.0000      0.0000
      0.0000      0.0000      0.0000      0.0000      0.0000      0.0000
      0.0000      0.0000      0.0000      0.0000      0.0000      0.0000
      0.0000      0.0000      0.0000      0.0000      0.0000      0.0000
      0.0000      0.0000      0.0000      0.0000      0.0000      0.0000
      0.0000      0.0000      0.0000      0.0000      0.0000      0.0000
      0.0000      0.0000      0.0000      0.0000      0.0000      0.0000
      0.0000      0.0000      0.0000      0.0000      0.0000      0.0000
      0.0000      0.0000      0.0000      0.0000      0.0000      0.0000
      0.0000      0.0000      0.0000      0.0000      0.0000      0.0000
      0.0000      0.0000      0.0000      0.0000      0.0000      0.0000
      0.0000      0.0000      0.0000      0.0000      0.0000      0.0000

  USINE N]**- BRAS5H   **  **         377.4600
      0.7200      0.7200      0.7200      0.7200      0.7200      0.7200
      0.7200      0.7200      0.7200      0.7200      0.7200      0.7200
      0.7200      0.7200      0.7200      0.7200      0.7200     30.9600
     30.9600     30.9600      0.7200      0.7200      0.7200      0.7200
      0.7200     30.9600     30.9600      0.7200      0.7200      0.7200
      0.7200      0.7200      0.7200      0.7200      0.7200      0.7200
      0.7200      0.7200      0.7200      0.7200      0.7200      0.7200
      0.7200      0.7200      0.7200      0.7200      0.7200      0.7200
      0.7200      0.7200      0.7200      0.7200      0.7200      0.7200
      0.7200      0.7200      0.7200      0.7200      0.7200      0.7200
      0.7200      0.7200      0.7200      0.7200      0.7200      0.7200
      0.7200      0.7200      0.7200      0.7200      0.7200     30.9600
     30.9600     30.9600      0.7200      0.7200      0.7200      0.7200
      0.7200      0.7200      0.7200      0.7200      0.7200      0.7200
      0.7200      0.7200     22.8600     22.8600     22.8600      0.7200
      0.7200      0.7200      0.7200      0.7200      0.7200      0.7200

      0.5000      0.5000      0.5000      0.5000      0.5000      0.5000
      0.5000      0.5000      0.5000      0.5000      0.5000      0.5000
      0.5000      0.5000      0.5000      0.5000      0.5000     10.0000
     10.0000     10.0000      0.5000      0.5000      0.5000      0.5000
      0.5000     10.0000     10.0000      0.5000      0.5000      0.5000
      0.5000      0.5000      0.5000      0.5000      0.5000      0.5000
      0.5000      0.5000      0.5000      0.5000      0.5000      0.5000
      0.5000      0.5000      0.5000      0.5000      0.5000      0.5000
      0.5000      0.5000      0.5000      0.5000      0.5000      0.5000
      0.5000      0.5000      0.5000      0.5000      0.5000      0.5000
      0.5000      0.5000      0.5000      0.5000      0.5000      0.5000
      0.5000      0.5000      0.5000      0.5000      0.5000     10.0000
     10.0000     10.0000      0.5000      0.5000      0.5000      0.5000
      0.5000      0.5000      0.5000      0.5000      0.5000      0.5000
      0.5000      0.5000      7.0000      7.0000      7.0000      0.5000
      0.5000      0.5000      0.5000      0.5000      0.5000      0.5000

  USINE N]**- LUZI2H   **  **         928.4400
     12.9600      0.0000      0.0000      0.0000      0.0000      0.0000
      0.0000      0.0000      0.0000      0.0000      0.0000      0.0000
      0.0000      0.0000      0.0000     34.2000     34.2000     34.2000
      6.4800      6.4800      6.4800     27.0000     34.2000     34.2000
     34.2000     34.2000      0.0000      0.0000      0.0000      0.0000
      0.0000      0.0000      0.0000      0.0000      0.0000      0.0000
      0.0000      0.0000      0.0000      0.0000     34.2000     34.2000
      6.4800      6.4800      6.4800     27.0000     27.0000     34.2000
     34.2000      0.0000      0.0000      0.0000      0.0000      0.0000
      0.0000      0.0000      0.0000      0.0000      0.0000      0.0000
      0.0000      0.0000      0.0000     27.0000     27.0000     27.0000
      6.4800      6.4800      6.4800      6.4800      6.4800     34.2000
     34.2000     34.2000      0.0000      0.0000      0.0000      0.0000
      0.0000      0.0000      0.0000      0.0000      0.0000      0.0000
      0.0000      0.0000     34.2000     34.2000     34.2000      6.4800
      6.4800      6.4800      6.4800     34.2000     34.2000      6.4800

      4.0000      0.0000      0.0000      0.0000      0.0000      0.0000
      0.0000      0.0000      0.0000      0.0000      0.0000      0.0000
      0.0000      0.0000      0.0000      9.5000      9.5000      9.5000
      2.0000      2.0000      2.0000      8.0000      9.5000      9.5000
      9.5000      9.5000      0.0000      0.0000      0.0000      0.0000
      0.0000      0.0000      0.0000      0.0000      0.0000      0.0000
      0.0000      0.0000      0.0000      0.0000      9.5000      9.5000
      2.0000      2.0000      2.0000      8.0000      8.0000      9.5000
      9.5000      0.0000      0.0000      0.0000      0.0000      0.0000
      0.0000      0.0000      0.0000      0.0000      0.0000      0.0000
      0.0000      0.0000      0.0000      8.0000      8.0000      8.0000
      2.0000      2.0000      2.0000      2.0000      2.0000      9.5000
      9.5000      9.5000      0.0000      0.0000      0.0000      0.0000
      0.0000      0.0000      0.0000      0.0000      0.0000      0.0000
      0.0000      0.0000      9.5000      9.5000      9.5000      2.0000
      2.0000      2.0000      2.0000      9.5000      9.5000      2.0000

  USINE N]**- CARLAH   **   0        2138.0400
     25.5600     12.6000     12.6000     12.6000     12.6000     12.6000
     12.6000     12.6000     12.6000     12.6000     12.6000     12.6000
     12.6000     12.6000     12.6000     46.8000     46.8000     46.8000
     19.0800     19.0800     19.0800     39.6000     46.8000     46.8000
     46.8000     46.8000     12.6000     12.6000     12.6000     12.6000
     12.6000     12.6000     12.6000     12.6000     12.6000     12.6000
     12.6000     12.6000     12.6000     12.6000     46.8000     46.8000
     19.0800     19.0800     19.0800     39.6000     39.6000     46.8000
     46.8000     12.6000     12.6000     12.6000     12.6000     12.6000
     12.6000     12.6000     12.6000     12.6000     12.6000     12.6000
     12.6000     12.6000     12.6000     39.6000     39.6000     39.6000
     19.0800     19.0800     19.0800     19.0800     19.0800     46.8000
     46.8000     46.8000     12.6000     12.6000     12.6000     12.6000
     12.6000     12.6000     12.6000     12.6000     12.6000     12.6000
     12.6000     12.6000     46.8000     46.8000     46.8000     19.0800
     19.0800     19.0800     19.0800     46.8000     46.8000     19.0800

      7.5733      3.7333      3.7333      3.7333      3.7333      3.7333
      3.7333      3.7333      3.7333      3.7333      3.7333      3.7333
      3.7333      3.7333      3.7333     13.8667     13.8667     13.8667
      5.6533      5.6533      5.6533     11.7333     13.8667     13.8667
     13.8667     13.8667      3.7333      3.7333      3.7333      3.7333
      3.7333      3.7333      3.7333      3.7333      3.7333      3.7333
      3.7333      3.7333      3.7333      3.7333     13.8667     13.8667
      5.6533      5.6533      5.6533     11.7333     11.7333     13.8667
     13.8667      3.7333      3.7333      3.7333      3.7333      3.7333
      3.7333      3.7333      3.7333      3.7333      3.7333      3.7333
      3.7333      3.7333      3.7333     11.7333     11.7333     11.7333
      5.6533      5.6533      5.6533      5.6533      5.6533     13.8667
     13.8667     13.8667      3.7333      3.7333      3.7333      3.7333
      3.7333      3.7333      3.7333      3.7333      3.7333      3.7333
      3.7333      3.7333     13.8667     13.8667     13.8667      5.6533
      5.6533      5.6533      5.6533     13.8667     13.8667      5.6533

