   DONNEES POUR LA VALLEE N] 3-H-ISERE  DATE: 22/06/10    12 USINE(S)    11 RESERVOIR(S)
  LAC N]18- TIGNER     0.1000E+04     17.100        -687.9600
 127917.0800 127917.0800 127917.0800 127917.0800 127917.0800 127917.0800
 127917.0800 127917.0800 127917.0800 127917.0800 127917.0800 127917.0800
 127917.0800 127917.0800 127917.0800 127917.0800 127917.0800 127900.7000
 127884.3200 127867.9400 127867.9400 127867.9400 127851.5600 127835.1800
 127818.8000 127802.4200 127786.0400 127786.0400 127786.0400 127786.0400
 127786.0400 127786.0400 127769.6600 127753.2800 127736.9000 127736.9000
 127736.9000 127736.9000 127736.9000 127736.9000 127736.9000 127736.9000
 127736.9000 127736.9000 127736.9000 127720.5200 127704.1400 127704.1400
 127704.1400 127704.1400 127704.1400 127704.1400 127704.1400 127704.1400
 127704.1400 127704.1400 127704.1400 127704.1400 127704.1400 127704.1400
 127687.7600 127671.3800 127655.0000 127638.6200 127622.2400 127605.8600
 127589.4800 127573.1000 127556.7200 127540.3400 127523.9600 127507.5800
 127491.2000 127474.8200 127458.4400 127442.0600 127425.6800 127409.3000
 127392.9200 127376.5400 127360.1600 127343.7800 127327.4000 127327.4000
 127327.4000 127327.4000 127311.0200 127294.6400 127278.2600 127278.2600
 127278.2600 127261.8800 127245.5000 127229.1200 127229.1200 127229.1200

  LAC N]19- MTRIGR     0.1000E+04      0.000           2.1600
    358.2028    365.4028    363.6028    361.8028    360.0028    358.2028
    356.4028    354.6028    352.8028    351.0028    349.2028    347.4028
    345.6028    343.8028    342.0028    340.2028    338.4028    352.9828
    367.5628    382.1428    380.3428    378.5428    393.1228    407.7028
    422.2828    436.8628    451.4428    449.6428    447.8428    446.0428
    444.2428    442.4428    457.0228    471.6028    486.1828    484.3828
    482.5828    471.7828    460.9828    450.1828    439.3828    428.5828
    417.7828    406.9828    396.1828    401.7628    407.3428    396.5428
    385.7428    374.9428    364.1428    353.3428    342.5428    331.7428
    320.9428    310.1428    299.3428    288.5428    277.7428    266.9428
    272.5228    278.1028    283.6828    289.2628    294.8428    300.4228
    306.0028    311.5828    317.1628    322.7428    328.3228    333.9028
    339.4828    345.0628    350.6428    356.2228    361.8028    367.3828
    372.9628    378.5428    384.1228    389.7028    395.2828    384.4828
    373.6828    362.8828    368.4628    374.0428    379.6228    368.8228
    358.0228    363.6028    369.1828    374.7628    363.9628    353.1628

  LAC N]20- POMMOR     0.1000E+04      0.000           0.0000
      0.0000      0.0000      0.0000      0.0000      0.0000      0.0000
      0.0000      0.0000      0.0000      0.0000      0.0000      0.0000
      0.0000      0.0000      0.0000      0.0000      0.0000      0.0000
      0.0000      0.0000      0.0000      0.0000      0.0000      0.0000
      0.0000      0.0000      0.0000      0.0000      0.0000      0.0000
      0.0000      0.0000      0.0000      0.0000      0.0000      0.0000
      0.0000      0.0000      0.0000      0.0000      0.0000      0.0000
      0.0000      0.0000      0.0000      0.0000      0.0000      0.0000
      0.0000      0.0000      0.0000      0.0000      0.0000      0.0000
      0.0000      0.0000      0.0000      0.0000      0.0000      0.0000
      0.0000      0.0000      0.0000      0.0000      0.0000      0.0000
      0.0000      0.0000      0.0000      0.0000      0.0000      0.0000
      0.0000      0.0000      0.0000      0.0000      0.0000      0.0000
      0.0000      0.0000      0.0000      0.0000      0.0000      0.0000
      0.0000      0.0000      0.0000      0.0000      0.0000      0.0000
      0.0000      0.0000      0.0000      0.0000      0.0000      0.0000

  LAC N]21- AIGUER     0.1000E+04      0.000         -34.0200
    113.8393    117.2593    158.2993    238.2193    300.4993    315.9793
    288.4393    260.8993    284.2993    307.6993    311.1193    310.2193
    290.0593    269.8993    282.3193    294.7393    307.1593    319.5793
    318.6793    298.5193    278.3593    239.2993    182.0593    124.8193
    123.9193    123.0193    122.1193    121.2193    171.2593    221.2993
    220.3993    181.3393    142.2793    154.6993    167.1193    179.5393
    191.9593    152.8993    113.8393    126.2593    138.6793    151.0993
    163.5193    175.9393    136.8793     97.8193    119.2393    140.6593
    110.5993     80.5393    101.9593    123.3793    113.8393    104.2993
     94.7593    136.1593    177.5593    218.9593    277.9993    299.4193
    269.3593    239.2993    209.2393    179.1793    168.0193    176.1193
    227.2393    278.3593    299.7793    269.7193    239.6593    247.7593
    255.8593    207.6193    159.3793    111.1393    119.2393    170.3593
    221.4793    272.5993    294.0193    315.4393    285.3793    255.3193
    225.2593    246.6793    268.0993    289.5193    259.4593    229.3993
    237.4993    245.5993    253.6993    205.4593    157.2193    108.9793

  LAC N]22- COCHER     0.1000E+04      8.790         -34.9340
    155.2808    145.5608    135.8408    126.1208    134.0408    141.9608
    149.8808    307.1600    315.0800    323.0000    313.2800    303.5600
    293.8400    284.1200    274.4000    264.6800    254.9600    245.2400
    235.5200    225.8000    216.0800    206.3600    196.6400    186.9200
    177.2000    167.4800    157.7600    148.0400    138.3200    128.6000
    118.8800    109.1600     99.4400     89.7200     80.0000     99.4400
     89.7200     80.0000    167.4800    157.7600    148.0400    138.3200
    128.6000    118.8800    109.1600     99.4400     89.7200     80.0000
    294.9200    285.2000    275.4800    265.7600    273.6800    281.6000
    289.5200    297.4400    305.3600    313.2800    303.5600    293.8400
    284.1200    274.4000    264.6800    254.9600    245.2400    235.5200
    225.8000    216.0800    206.3600    196.6400    186.9200    177.2000
    167.4800    157.7600    148.0400    138.3200    128.6000    118.8800
    109.1600     99.4400     89.7200     80.0000    157.7600    148.0400
    138.3200    128.6000    118.8800    109.1600     99.4400     89.7200
     80.0000     99.4400     89.7200     80.0000    139.7868    130.0668

  LAC N]23- SSEG5R     0.1000E+04      0.000           0.0000
    309.6000    265.5000      0.0000     99.7200    196.0200      0.0000
    334.2601    498.7801      0.0000    203.2199    298.4399    202.8599
    309.7800    507.7800      0.0000     46.6199    120.2399    319.8598
    200.5197    252.1796    286.1997    320.2197    444.2398    585.8997
    586.6197    670.2399    796.9599    901.9000   1000.0000    972.1000
   1000.0000    692.0200    713.6198    227.4398    339.2198    450.9999
    511.8399    446.6799    545.1399    530.9200    868.9600   1000.0000
    801.4600    602.9200    404.3801    709.8401    821.6201    655.6601
    993.7001    677.9799    846.1000    888.2200   1000.0000    888.2200
   1000.0000    589.7800    164.6200    225.4601    474.2201      0.0000
     79.9200    108.3600    136.7999    368.6399    267.4799    550.7999
    555.1198    714.9598    874.7998    827.6398    840.1600   1000.0000
    482.3200    693.6400    250.4799    410.3199    604.8004    609.1204
    561.9603    514.8003    687.9603    654.1203    827.2803    742.5002
    864.7202    779.9402    902.1602    459.0002    670.3201    674.6401
    678.9601    890.2801    389.7000    562.8600      0.0000      0.0000

  LAC N]24- BXVOIR     0.1000E+04      0.000           0.0000
      0.0000      0.0000      0.0000      0.0000      0.0000      0.0000
      0.0000      0.0000      0.0000      0.0000      0.0000      0.0000
      0.0000      0.0000      0.0000      0.0000      0.0000      0.0000
      0.0000      0.0000      0.0000      0.0000      0.0000      0.0000
      0.0000      0.0000      0.0000      0.0000      0.0000      0.0000
      0.0000      0.0000      0.0000      0.0000      0.0000      0.0000
      0.0000      0.0000      0.0000      0.0000      0.0000      0.0000
      0.0000      0.0000      0.0000      0.0000      0.0000      0.0000
      0.0000      0.0000      0.0000      0.0000      0.0000      0.0000
      0.0000      0.0000      0.0000      0.0000      0.0000      0.0000
      0.0000      0.0000      0.0000      0.0000      0.0000      0.0000
      0.0000      0.0000      0.0000      0.0000      0.0000      0.0000
      0.0000      0.0000      0.0000      0.0000      0.0000      0.0000
      0.0000      0.0000      0.0000      0.0000      0.0000      0.0000
      0.0000      0.0000      0.0000      0.0000      0.0000      0.0000
      0.0000      0.0000      0.0000      0.0000      0.0000      0.0000

  LAC N]25- SSHILR     0.1000E+04      0.000           0.0000
      0.0000      0.0000      0.0000      0.0000      0.0000      0.0000
      0.0000      0.0000      0.0000      0.0000      0.0000      0.0000
      0.0000      0.0000      0.0000      0.0000      0.0000      0.0000
      0.0000      0.0000      0.0000      0.0000      0.0000      0.0000
      0.0000      0.0000      0.0000      0.0000      0.0000      0.0000
      0.0000      0.0000      0.0000      0.0000      0.0000      0.0000
      0.0000      0.0000      0.0000      0.0000      0.0000      0.0000
      0.0000      0.0000      0.0000      0.0000      0.0000      0.0000
      0.0000      0.0000      0.0000      0.0000      0.0000      0.0000
      0.0000      0.0000      0.0000      0.0000      0.0000      0.0000
      0.0000      0.0000      0.0000      0.0000      0.0000      0.0000
      0.0000      0.0000      0.0000      0.0000      0.0000      0.0000
      0.0000      0.0000      0.0000      0.0000      0.0000      0.0000
      0.0000      0.0000      0.0000      0.0000      0.0000      0.0000
      0.0000      0.0000      0.0000      0.0000      0.0000      0.0000
      0.0000      0.0000      0.0000      0.0000      0.0000      0.0000

  LAC N]26- PIZANR     0.1000E+04      0.000           0.0000
      0.0000      0.0000      0.0000      0.0000      0.0000      0.0000
      0.0000      0.0000      0.0000      0.0000      0.0000      0.0000
      0.0000      0.0000      0.0000      0.0000      0.0000      0.0000
      0.0000      0.0000      0.0000      0.0000      0.0000      0.0000
      0.0000      0.0000      0.0000      0.0000      0.0000      0.0000
      0.0000      0.0000      0.0000      0.0000      0.0000      0.0000
      0.0000      0.0000      0.0000      0.0000      0.0000      0.0000
      0.0000      0.0000      0.0000      0.0000      0.0000      0.0000
      0.0000      0.0000      0.0000      0.0000      0.0000      0.0000
      0.0000      0.0000      0.0000      0.0000      0.0000      0.0000
      0.0000      0.0000      0.0000      0.0000      0.0000      0.0000
      0.0000      0.0000      0.0000      0.0000      0.0000      0.0000
      0.0000      0.0000      0.0000      0.0000      0.0000      0.0000
      0.0000      0.0000      0.0000      0.0000      0.0000      0.0000
      0.0000      0.0000      0.0000      0.0000      0.0000      0.0000
      0.0000      0.0000      0.0000      0.0000      0.0000      0.0000

  LAC N]27- VANELR     0.1000E+04      0.000           0.0000
      0.0000      0.0000      0.0000      0.0000      0.0000      0.0000
      0.0000      0.0000      0.0000      0.0000      0.0000      0.0000
      0.0000      0.0000      0.0000      0.0000      0.0000      0.0000
      0.0000      0.0000      0.0000      0.0000      0.0000      0.0000
      0.0000      0.0000      0.0000      0.0000      0.0000      0.0000
      0.0000      0.0000      0.0000      0.0000      0.0000      0.0000
      0.0000      0.0000      0.0000      0.0000      0.0000      0.0000
      0.0000      0.0000      0.0000      0.0000      0.0000      0.0000
      0.0000      0.0000      0.0000      0.0000      0.0000      0.0000
      0.0000      0.0000      0.0000      0.0000      0.0000      0.0000
      0.0000      0.0000      0.0000      0.0000      0.0000      0.0000
      0.0000      0.0000      0.0000      0.0000      0.0000      0.0000
      0.0000      0.0000      0.0000      0.0000      0.0000      0.0000
      0.0000      0.0000      0.0000      0.0000      0.0000      0.0000
      0.0000      0.0000      0.0000      0.0000      0.0000      0.0000
      0.0000      0.0000      0.0000      0.0000      0.0000      0.0000

  LAC N]28- B.MONR     0.1000E+04      0.000           0.0000
      0.0000      0.0000      0.0000      0.0000      0.0000      0.0000
      0.0000      0.0000      0.0000      0.0000      0.0000      0.0000
      0.0000      0.0000      0.0000      0.0000      0.0000      0.0000
      0.0000      0.0000      0.0000      0.0000      0.0000      0.0000
      0.0000      0.0000      0.0000      0.0000      0.0000      0.0000
      0.0000      0.0000      0.0000      0.0000      0.0000      0.0000
      0.0000      0.0000      0.0000      0.0000      0.0000      0.0000
      0.0000      0.0000      0.0000      0.0000      0.0000      0.0000
      0.0000      0.0000      0.0000      0.0000      0.0000      0.0000
      0.0000      0.0000      0.0000      0.0000      0.0000      0.0000
      0.0000      0.0000      0.0000      0.0000      0.0000      0.0000
      0.0000      0.0000      0.0000      0.0000      0.0000      0.0000
      0.0000      0.0000      0.0000      0.0000      0.0000      0.0000
      0.0000      0.0000      0.0000      0.0000      0.0000      0.0000
      0.0000      0.0000      0.0000      0.0000      0.0000      0.0000
      0.0000      0.0000      0.0000      0.0000      0.0000      0.0000

  USINE N]25- TIGNEH   18  19         687.9600
      0.0000      0.0000      0.0000      0.0000      0.0000      0.0000
      0.0000      0.0000      0.0000      0.0000      0.0000      0.0000
      0.0000      0.0000      0.0000      0.0000      0.0000     16.3800
     16.3800     16.3800      0.0000      0.0000     16.3800     16.3800
     16.3800     16.3800     16.3800      0.0000      0.0000      0.0000
      0.0000      0.0000     16.3800     16.3800     16.3800      0.0000
      0.0000      0.0000      0.0000      0.0000      0.0000      0.0000
      0.0000      0.0000      0.0000     16.3800     16.3800      0.0000
      0.0000      0.0000      0.0000      0.0000      0.0000      0.0000
      0.0000      0.0000      0.0000      0.0000      0.0000      0.0000
     16.3800     16.3800     16.3800     16.3800     16.3800     16.3800
     16.3800     16.3800     16.3800     16.3800     16.3800     16.3800
     16.3800     16.3800     16.3800     16.3800     16.3800     16.3800
     16.3800     16.3800     16.3800     16.3800     16.3800      0.0000
      0.0000      0.0000     16.3800     16.3800     16.3800      0.0000
      0.0000     16.3800     16.3800     16.3800      0.0000      0.0000

      0.0000      0.0000      0.0000      0.0000      0.0000      0.0000
      0.0000      0.0000      0.0000      0.0000      0.0000      0.0000
      0.0000      0.0000      0.0000      0.0000      0.0000     35.0000
     35.0000     35.0000      0.0000      0.0000     35.0000     35.0000
     35.0000     35.0000     35.0000      0.0000      0.0000      0.0000
      0.0000      0.0000     35.0000     35.0000     35.0000      0.0000
      0.0000      0.0000      0.0000      0.0000      0.0000      0.0000
      0.0000      0.0000      0.0000     35.0000     35.0000      0.0000
      0.0000      0.0000      0.0000      0.0000      0.0000      0.0000
      0.0000      0.0000      0.0000      0.0000      0.0000      0.0000
     35.0000     35.0000     35.0000     35.0000     35.0000     35.0000
     35.0000     35.0000     35.0000     35.0000     35.0000     35.0000
     35.0000     35.0000     35.0000     35.0000     35.0000     35.0000
     35.0000     35.0000     35.0000     35.0000     35.0000      0.0000
      0.0000      0.0000     35.0000     35.0000     35.0000      0.0000
      0.0000     35.0000     35.0000     35.0000      0.0000      0.0000

  USINE N]26- MTRIGH   19  20        2241.0000
      9.0000      9.0000     18.0000     18.0000     18.0000     18.0000
     18.0000     18.0000     18.0000     18.0000     18.0000     18.0000
     18.0000     18.0000     18.0000     18.0000     18.0000     18.0000
     18.0000     18.0000     18.0000     18.0000     18.0000     18.0000
     18.0000     18.0000     18.0000     18.0000     18.0000     18.0000
     18.0000     18.0000     18.0000     18.0000     18.0000     18.0000
     18.0000     27.0000     27.0000     27.0000     27.0000     27.0000
     27.0000     27.0000     27.0000     27.0000     27.0000     27.0000
     27.0000     27.0000     27.0000     27.0000     27.0000     27.0000
     27.0000     27.0000     27.0000     27.0000     27.0000     27.0000
     27.0000     27.0000     27.0000     27.0000     27.0000     27.0000
     27.0000     27.0000     27.0000     27.0000     27.0000     27.0000
     27.0000     27.0000     27.0000     27.0000     27.0000     27.0000
     27.0000     27.0000     27.0000     27.0000     27.0000     27.0000
     27.0000     27.0000     27.0000     27.0000     27.0000     27.0000
     27.0000     27.0000     27.0000     27.0000     27.0000     27.0000

      0.0000      0.0000      0.0000      0.0000      0.0000      0.0000
      0.0000      0.0000      0.0000      0.0000      0.0000      0.0000
      0.0000      0.0000      0.0000      0.0000      0.0000      0.0000
      0.0000      0.0000      0.0000      0.0000      0.0000      0.0000
      0.0000      0.0000      0.0000      0.0000      0.0000      0.0000
      0.0000      0.0000      0.0000      0.0000      0.0000      0.0000
      0.0000      0.0000      0.0000      0.0000      0.0000      0.0000
      0.0000      0.0000      0.0000      0.0000      0.0000      0.0000
      0.0000      0.0000      0.0000      0.0000      0.0000      0.0000
      0.0000      0.0000      0.0000      0.0000      0.0000      0.0000
      0.0000      0.0000      0.0000      0.0000      0.0000      0.0000
      0.0000      0.0000      0.0000      0.0000      0.0000      0.0000
      0.0000      0.0000      0.0000      0.0000      0.0000      0.0000
      0.0000      0.0000      0.0000      0.0000      0.0000      0.0000
      0.0000      0.0000      0.0000      0.0000      0.0000      0.0000
      0.0000      0.0000      0.0000      0.0000      0.0000      0.0000

  USINE N]27- POMMOH   20  21        2115.0000
      9.0000      9.0000      9.0000      9.0000      9.0000      9.0000
      9.0000      9.0000      9.0000     18.0000     18.0000     18.0000
     18.0000     18.0000     18.0000     18.0000     18.0000     18.0000
     18.0000     18.0000     18.0000     18.0000     18.0000     18.0000
     18.0000     18.0000     18.0000     18.0000     18.0000     18.0000
     18.0000     18.0000     18.0000     18.0000     18.0000     18.0000
     18.0000     18.0000     18.0000     18.0000     18.0000     18.0000
     18.0000     18.0000     27.0000     27.0000     27.0000     27.0000
     27.0000     27.0000     27.0000     27.0000     27.0000     27.0000
     27.0000     27.0000     27.0000     27.0000     27.0000     27.0000
     27.0000     27.0000     27.0000     27.0000     27.0000     27.0000
     27.0000     27.0000     27.0000     27.0000     27.0000     27.0000
     27.0000     27.0000     27.0000     27.0000     27.0000     27.0000
     27.0000     27.0000     27.0000     27.0000     27.0000     27.0000
     27.0000     27.0000     27.0000     27.0000     27.0000     27.0000
     27.0000     27.0000     27.0000     27.0000     27.0000     27.0000

      1.8750      1.8750      1.8750      1.8750      1.8750      0.0000
      1.8750      1.8750      1.8750      3.7500      3.7500      3.7500
      3.7500      3.7500      0.0000      3.7500      3.7500      3.7500
      3.7500      3.7500      3.7500      3.7500      3.7500      3.7500
      3.7500      3.7500      3.7500      3.7500      3.7500      3.7500
      3.7500      3.7500      3.7500      3.7500      3.7500      3.7500
      3.7500      3.7500      3.7500      3.7500      3.7500      3.7500
      3.7500      3.7500      5.6250      5.6250      5.6250      5.6250
      5.6250      5.6250      5.6250      5.6250      5.6250      5.6250
      5.6250      5.6250      0.0000      5.6250      5.6250      0.0000
      5.6250      5.6250      5.6250      5.6250      5.6250      5.6250
      5.6250      5.6250      5.6250      5.6250      5.6250      5.6250
      0.0000      5.6250      0.0000      5.6250      5.6250      5.6250
      5.6250      5.6250      5.6250      5.6250      5.6250      5.6250
      5.6250      5.6250      5.6250      0.0000      5.6250      5.6250
      5.6250      5.6250      0.0000      5.6250      0.0000      5.6250

  USINE N]28- COCHEH   22  21        3140.6399
     34.9200     34.9200     34.9200     34.9200     17.2800     17.2800
     17.2800     17.2800     17.2800     17.2800     34.9200     34.9200
     34.9200     34.9200     34.9200     34.9200     34.9200     34.9200
     34.9200     34.9200     34.9200     34.9200     34.9200     34.9200
     34.9200     34.9200     34.9200     34.9200     34.9200     34.9200
     34.9200     34.9200     34.9200     34.9200     34.9200     34.9200
     34.9200     34.9200     34.9200     34.9200     34.9200     34.9200
     34.9200     34.9200     34.9200     34.9200     34.9200     34.9200
     34.9200     34.9200     34.9200     34.9200     17.2800     17.2800
     17.2800     17.2800     17.2800     17.2800     34.9200     34.9200
     34.9200     34.9200     34.9200     34.9200     34.9200     34.9200
     34.9200     34.9200     34.9200     34.9200     34.9200     34.9200
     34.9200     34.9200     34.9200     34.9200     34.9200     34.9200
     34.9200     34.9200     34.9200     34.9200     34.9200     34.9200
     34.9200     34.9200     34.9200     34.9200     34.9200     34.9200
     34.9200     34.9200     34.9200     34.9200     34.9200     34.9200

     75.0000     75.0000     75.0000     75.0000     37.5000     37.5000
     37.5000     37.5000     37.5000     37.5000     75.0000     75.0000
     75.0000     75.0000     75.0000     75.0000     75.0000     75.0000
     75.0000     75.0000     75.0000     75.0000     75.0000     75.0000
     75.0000     75.0000     75.0000     75.0000     75.0000     75.0000
     75.0000     75.0000     75.0000     75.0000     75.0000     75.0000
     75.0000     75.0000     75.0000     75.0000     75.0000     75.0000
     75.0000     75.0000     75.0000     75.0000     75.0000     75.0000
     75.0000     75.0000     75.0000     75.0000     37.5000     37.5000
     37.5000     37.5000     37.5000     37.5000     75.0000     75.0000
     75.0000     75.0000     75.0000     75.0000     75.0000     75.0000
     75.0000     75.0000     75.0000     75.0000     75.0000     75.0000
     75.0000     75.0000     75.0000     75.0000     75.0000     75.0000
     75.0000     75.0000     75.0000     75.0000     75.0000     75.0000
     75.0000     75.0000     75.0000     75.0000     75.0000     75.0000
     75.0000     75.0000     75.0000     75.0000     75.0000     75.0000

  USINE N]29- COCHEP   21  22           0.0000
      0.0000      0.0000      0.0000      0.0000      0.0000      0.0000
      0.0000      0.0000      0.0000      0.0000      0.0000      0.0000
      0.0000      0.0000      0.0000      0.0000      0.0000      0.0000
      0.0000      0.0000      0.0000      0.0000      0.0000      0.0000
      0.0000      0.0000      0.0000      0.0000      0.0000      0.0000
      0.0000      0.0000      0.0000      0.0000      0.0000      0.0000
      0.0000      0.0000      0.0000      0.0000      0.0000      0.0000
      0.0000      0.0000      0.0000      0.0000      0.0000      0.0000
      0.0000      0.0000      0.0000      0.0000      0.0000      0.0000
      0.0000      0.0000      0.0000      0.0000      0.0000      0.0000
      0.0000      0.0000      0.0000      0.0000      0.0000      0.0000
      0.0000      0.0000      0.0000      0.0000      0.0000      0.0000
      0.0000      0.0000      0.0000      0.0000      0.0000      0.0000
      0.0000      0.0000      0.0000      0.0000      0.0000      0.0000
      0.0000      0.0000      0.0000      0.0000      0.0000      0.0000
      0.0000      0.0000      0.0000      0.0000      0.0000      0.0000

      0.0000      0.0000      0.0000      0.0000      0.0000      0.0000
      0.0000      0.0000      0.0000      0.0000      0.0000      0.0000
      0.0000      0.0000      0.0000      0.0000      0.0000      0.0000
      0.0000      0.0000      0.0000      0.0000      0.0000      0.0000
      0.0000      0.0000      0.0000      0.0000      0.0000      0.0000
      0.0000      0.0000      0.0000      0.0000      0.0000      0.0000
      0.0000      0.0000      0.0000      0.0000      0.0000      0.0000
      0.0000      0.0000      0.0000      0.0000      0.0000      0.0000
      0.0000      0.0000      0.0000      0.0000      0.0000      0.0000
      0.0000      0.0000      0.0000      0.0000      0.0000      0.0000
      0.0000      0.0000      0.0000      0.0000      0.0000      0.0000
      0.0000      0.0000      0.0000      0.0000      0.0000      0.0000
      0.0000      0.0000      0.0000      0.0000      0.0000      0.0000
      0.0000      0.0000      0.0000      0.0000      0.0000      0.0000
      0.0000      0.0000      0.0000      0.0000      0.0000      0.0000
      0.0000      0.0000      0.0000      0.0000      0.0000      0.0000

  USINE N]30- RANDEH   21  23        8709.6599
    109.0800     76.5000     38.8800      0.0000      0.0000     46.8000
     89.8200     89.8200     38.8800     38.8800     76.5000     89.8200
    109.0800    109.0800     76.5000     76.5000     76.5000     76.5000
     89.8200    109.0800    109.0800    127.9800    146.1600    146.1600
     89.8200     89.8200     89.8200     89.8200     38.8800     38.8800
     89.8200    127.9800    127.9800     76.5000     76.5000     76.5000
     76.5000    127.9800    127.9800     76.5000     76.5000     76.5000
     76.5000     76.5000    127.9800    127.9800     76.5000     76.5000
    127.9800    127.9800     76.5000     76.5000     89.8200     89.8200
     89.8200     38.8800     38.8800     38.8800     38.8800     76.5000
    127.9800    127.9800    127.9800    127.9800    109.0800     89.8200
     46.8000     46.8000     76.5000    127.9800    127.9800     89.8200
     89.8200    146.1600    146.1600    146.1600     89.8200     46.8000
     46.8000     46.8000     76.5000     76.5000    127.9800    127.9800
    127.9800     76.5000     76.5000     76.5000    127.9800    127.9800
     89.8200     89.8200     89.8200    146.1600    146.1600    146.1600

     35.0000     25.0000     13.0000      0.0000      0.0000     16.0000
     29.5000     29.5000     13.0000     13.0000     25.0000     29.5000
     35.0000     35.0000     25.0000     25.0000     25.0000     25.0000
     29.5000     35.0000     35.0000     42.0000     47.0000     47.0000
     29.5000     29.5000     29.5000     29.5000     13.0000     13.0000
     29.5000     42.0000     42.0000     25.0000     25.0000     25.0000
     25.0000     42.0000     42.0000     25.0000     25.0000     25.0000
     25.0000     25.0000     42.0000     42.0000     25.0000     25.0000
     42.0000     42.0000     25.0000     25.0000     29.5000     29.5000
     29.5000     13.0000     13.0000     13.0000     13.0000     25.0000
     42.0000     42.0000     42.0000     42.0000     35.0000     29.5000
     16.0000     16.0000     25.0000     42.0000     42.0000     29.5000
     29.5000     47.0000     47.0000     47.0000     29.5000     16.0000
     16.0000     16.0000     25.0000     25.0000     42.0000     42.0000
     42.0000     25.0000     25.0000     25.0000     42.0000     42.0000
     29.5000     29.5000     29.5000     47.0000     47.0000     47.0000

  USINE N]31- SSEG5H   23  24      128861.8198
    904.3200   1305.0000   1575.0000   1278.0000   1278.0000   1524.2401
   1144.2598   1314.0000   1980.0000   1278.0000   1373.4001   1575.0000
   1404.0000   1278.0000   1980.0000   1404.0000   1404.0000   1278.0000
   1575.0000   1404.0000   1404.0000   1404.0000   1278.0000   1278.0000
   1404.0000   1321.0999   1278.0000   1278.0000   1278.0000   1371.4201
   1278.0000   1575.0000   1245.4203   1800.0000   1278.0000   1278.0000
   1278.0000   1404.0000   1278.0000   1404.0000   1071.0000   1278.0000
   1575.0000   1575.0000   1575.0000   1071.0000   1278.0000   1575.0000
   1071.0000   1743.6602   1278.0000   1404.0000   1278.0000   1501.5600
   1278.0000   1800.0000   1764.0000   1278.0000   1071.0000   1832.1400
   1278.0000   1278.0000   1278.0000   1071.0000   1404.0000   1071.0000
   1278.0000   1071.0000   1071.0000   1278.0000   1218.3197   1071.0000
   1800.0000   1071.0000   1674.0000   1071.0000   1087.8395   1278.0000
   1278.0000   1278.0000   1071.0000   1278.0000   1071.0000   1278.0000
   1071.0000   1278.0000   1071.0000   1674.0000   1071.0000   1278.0000
   1278.0000   1071.0000   1764.0000   1071.0000   1764.0000   1201.1400

     23.0000    -23.0000     23.0000    -23.0000    -23.0000     23.0000
     23.0000     23.0000    -23.0000     23.0000     23.0000     23.0000
     23.0000     23.0000    -23.0000     23.0000     23.0000     23.0000
     23.0000     23.0000     23.0000     23.0000     23.0000     23.0000
     23.0000     23.0000     23.0000     23.0000     23.0000     23.0000
     23.0000     23.0000     23.0000     23.0000     23.0000     23.0000
     23.0000     23.0000     23.0000     23.0000     23.0000     23.0000
     23.0000     23.0000     23.0000     23.0000     23.0000     23.0000
     23.0000     23.0000     23.0000     23.0000     23.0000     23.0000
     23.0000     23.0000    -23.0000     23.0000     23.0000    -23.0000
     23.0000     23.0000     23.0000     23.0000     23.0000     23.0000
     23.0000     23.0000     23.0000     23.0000     23.0000     23.0000
     23.0000     23.0000     23.0000     23.0000     23.0000     23.0000
     23.0000     23.0000     23.0000     23.0000     23.0000     23.0000
     23.0000     23.0000     23.0000     23.0000     23.0000     23.0000
     23.0000     23.0000     23.0000     23.0000     23.0000     23.0000

  USINE N]32- BXVOIH   24  25      128861.8198
    904.3200   1305.0000   1575.0000   1278.0000   1278.0000   1524.2401
   1144.2598   1314.0000   1980.0000   1278.0000   1373.4001   1575.0000
   1404.0000   1278.0000   1980.0000   1404.0000   1404.0000   1278.0000
   1575.0000   1404.0000   1404.0000   1404.0000   1278.0000   1278.0000
   1404.0000   1321.0999   1278.0000   1278.0000   1278.0000   1371.4201
   1278.0000   1575.0000   1245.4203   1800.0000   1278.0000   1278.0000
   1278.0000   1404.0000   1278.0000   1404.0000   1071.0000   1278.0000
   1575.0000   1575.0000   1575.0000   1071.0000   1278.0000   1575.0000
   1071.0000   1743.6602   1278.0000   1404.0000   1278.0000   1501.5600
   1278.0000   1800.0000   1764.0000   1278.0000   1071.0000   1832.1400
   1278.0000   1278.0000   1278.0000   1071.0000   1404.0000   1071.0000
   1278.0000   1071.0000   1071.0000   1278.0000   1218.3197   1071.0000
   1800.0000   1071.0000   1674.0000   1071.0000   1087.8395   1278.0000
   1278.0000   1278.0000   1071.0000   1278.0000   1071.0000   1278.0000
   1071.0000   1278.0000   1071.0000   1674.0000   1071.0000   1278.0000
   1278.0000   1071.0000   1764.0000   1071.0000   1764.0000   1201.1400

     18.0000    -17.5000     18.0000    -17.1379    -17.1379     18.0000
     18.0000    -17.5000    -17.5000     18.0000     18.0000     18.0000
     18.0000     18.0000    -17.5000     18.0000     18.0000     18.0000
     18.0000     18.0000     18.0000     18.0000     18.0000     18.0000
     18.0000     18.0000     18.0000     18.0000     18.0000     18.0000
     18.0000     18.0000     18.0000     14.9828     18.0000     18.0000
     18.0000     18.0000     18.0000     18.0000     18.0000     18.0000
     18.0000     18.0000     18.0000     18.0000     18.0000     18.0000
     18.0000     15.7383     18.0000     18.0000     18.0000     18.0000
     18.0000    -17.5000    -17.5000     18.0000     18.0000    -17.5000
     18.0000     18.0000     18.0000     18.0000     18.0000     18.0000
     18.0000     18.0000     18.0000     18.0000     18.0000     18.0000
     14.9828     18.0000     16.6724     18.0000     18.0000     18.0000
     18.0000     18.0000     18.0000     18.0000     18.0000     18.0000
     18.0000     18.0000     18.0000     16.6724     18.0000     18.0000
     18.0000     18.0000     15.4655     18.0000     15.4655     18.0000

  USINE N]33- SSHILH   25  26      132317.8198
    940.3200   1341.0000   1611.0000   1314.0000   1314.0000   1560.2401
   1180.2598   1350.0000   2016.0000   1314.0000   1409.4001   1611.0000
   1440.0000   1314.0000   2016.0000   1440.0000   1440.0000   1314.0000
   1611.0000   1440.0000   1440.0000   1440.0000   1314.0000   1314.0000
   1440.0000   1357.0999   1314.0000   1314.0000   1314.0000   1407.4201
   1314.0000   1611.0000   1281.4203   1836.0000   1314.0000   1314.0000
   1314.0000   1440.0000   1314.0000   1440.0000   1107.0000   1314.0000
   1611.0000   1611.0000   1611.0000   1107.0000   1314.0000   1611.0000
   1107.0000   1779.6602   1314.0000   1440.0000   1314.0000   1537.5600
   1314.0000   1836.0000   1800.0000   1314.0000   1107.0000   1868.1400
   1314.0000   1314.0000   1314.0000   1107.0000   1440.0000   1107.0000
   1314.0000   1107.0000   1107.0000   1314.0000   1254.3197   1107.0000
   1836.0000   1107.0000   1710.0000   1107.0000   1123.8395   1314.0000
   1314.0000   1314.0000   1107.0000   1314.0000   1107.0000   1314.0000
   1107.0000   1314.0000   1107.0000   1710.0000   1107.0000   1314.0000
   1314.0000   1107.0000   1800.0000   1107.0000   1800.0000   1237.1400

     18.0000    -17.8800     18.0000    -17.5200    -17.5200     18.0000
     18.0000    -18.0000    -18.0000     18.0000     18.0000     18.0000
     18.0000     18.0000    -18.0000     18.0000     18.0000     18.0000
     18.0000     18.0000     18.0000     18.0000     18.0000     18.0000
     18.0000     18.0000     18.0000     18.0000     18.0000     18.0000
     18.0000     18.0000     18.0000     16.3200     18.0000     18.0000
     18.0000     18.0000     18.0000     18.0000     18.0000     18.0000
     18.0000     18.0000     18.0000     18.0000     18.0000     18.0000
     18.0000     17.0712     18.0000     18.0000     18.0000     18.0000
     18.0000    -18.0000    -18.0000     18.0000     18.0000    -18.0000
     18.0000     18.0000     18.0000     18.0000     18.0000     18.0000
     18.0000     18.0000     18.0000     18.0000     18.0000     18.0000
     16.3200     18.0000     18.0000     18.0000     18.0000     18.0000
     18.0000     18.0000     18.0000     18.0000     18.0000     18.0000
     18.0000     18.0000     18.0000     18.0000     18.0000     18.0000
     18.0000     18.0000     16.8000     18.0000     16.8000     18.0000

  USINE N]34- PIZANH   26  27      132317.8198
    940.3200   1341.0000   1611.0000   1314.0000   1314.0000   1560.2401
   1180.2598   1350.0000   2016.0000   1314.0000   1409.4001   1611.0000
   1440.0000   1314.0000   2016.0000   1440.0000   1440.0000   1314.0000
   1611.0000   1440.0000   1440.0000   1440.0000   1314.0000   1314.0000
   1440.0000   1357.0999   1314.0000   1314.0000   1314.0000   1407.4201
   1314.0000   1611.0000   1281.4203   1836.0000   1314.0000   1314.0000
   1314.0000   1440.0000   1314.0000   1440.0000   1107.0000   1314.0000
   1611.0000   1611.0000   1611.0000   1107.0000   1314.0000   1611.0000
   1107.0000   1779.6602   1314.0000   1440.0000   1314.0000   1537.5600
   1314.0000   1836.0000   1800.0000   1314.0000   1107.0000   1868.1400
   1314.0000   1314.0000   1314.0000   1107.0000   1440.0000   1107.0000
   1314.0000   1107.0000   1107.0000   1314.0000   1254.3197   1107.0000
   1836.0000   1107.0000   1710.0000   1107.0000   1123.8395   1314.0000
   1314.0000   1314.0000   1107.0000   1314.0000   1107.0000   1314.0000
   1107.0000   1314.0000   1107.0000   1710.0000   1107.0000   1314.0000
   1314.0000   1107.0000   1800.0000   1107.0000   1800.0000   1237.1400

     15.0000     14.7078    -15.0000     15.0000     15.0000     12.3351
     15.0000     14.6104    -15.0000     15.0000     13.9675     11.7857
     13.6364     15.0000    -15.0000     13.6364     13.6364     15.0000
     11.7857     13.6364     13.6364     13.6364     15.0000     15.0000
     13.6364     14.5336     15.0000     15.0000     15.0000     13.9890
     15.0000     11.7857     15.0000      9.3506     15.0000     15.0000
     15.0000     13.6364     15.0000     13.6364     15.0000     15.0000
     11.7857     11.7857    -15.0000     15.0000     15.0000     11.7857
     15.0000      9.9604     15.0000     13.6364     15.0000     12.5805
     15.0000    -15.0000    -15.0000     15.0000     15.0000    -15.0000
     15.0000     15.0000     15.0000     15.0000     13.6364     15.0000
     15.0000     15.0000     15.0000     15.0000     15.0000     15.0000
    -15.0000     15.0000     10.7143     15.0000     15.0000     15.0000
     15.0000     15.0000     15.0000     15.0000     15.0000     15.0000
     15.0000     15.0000     15.0000     10.7143     15.0000     15.0000
     15.0000     15.0000    -15.0000     15.0000    -15.0000     15.0000

  USINE N]35- VANELH   27  28      132317.8198
    940.3200   1341.0000   1611.0000   1314.0000   1314.0000   1560.2401
   1180.2598   1350.0000   2016.0000   1314.0000   1409.4001   1611.0000
   1440.0000   1314.0000   2016.0000   1440.0000   1440.0000   1314.0000
   1611.0000   1440.0000   1440.0000   1440.0000   1314.0000   1314.0000
   1440.0000   1357.0999   1314.0000   1314.0000   1314.0000   1407.4201
   1314.0000   1611.0000   1281.4203   1836.0000   1314.0000   1314.0000
   1314.0000   1440.0000   1314.0000   1440.0000   1107.0000   1314.0000
   1611.0000   1611.0000   1611.0000   1107.0000   1314.0000   1611.0000
   1107.0000   1779.6602   1314.0000   1440.0000   1314.0000   1537.5600
   1314.0000   1836.0000   1800.0000   1314.0000   1107.0000   1868.1400
   1314.0000   1314.0000   1314.0000   1107.0000   1440.0000   1107.0000
   1314.0000   1107.0000   1107.0000   1314.0000   1254.3197   1107.0000
   1836.0000   1107.0000   1710.0000   1107.0000   1123.8395   1314.0000
   1314.0000   1314.0000   1107.0000   1314.0000   1107.0000   1314.0000
   1107.0000   1314.0000   1107.0000   1710.0000   1107.0000   1314.0000
   1314.0000   1107.0000   1800.0000   1107.0000   1800.0000   1237.1400

     14.0000     14.0000    -14.0000     14.0000     14.0000     12.6640
     14.0000     14.0000    -11.5385     14.0000     14.0000     12.1000
     14.0000     14.0000    -11.5385     14.0000     14.0000     14.0000
     12.1000     14.0000     14.0000     14.0000     14.0000     14.0000
     14.0000     14.0000     14.0000     14.0000     14.0000     14.0000
     14.0000     12.1000     14.0000      9.6000     14.0000     14.0000
     14.0000     14.0000     14.0000     14.0000     14.0000     14.0000
     12.1000     12.1000     12.1000     14.0000     14.0000     12.1000
     14.0000     10.2260     14.0000     14.0000     14.0000     12.9160
     14.0000    -13.5897    -14.0000     14.0000     14.0000    -13.2235
     14.0000     14.0000     14.0000     14.0000     14.0000     14.0000
     14.0000     14.0000     14.0000     14.0000     14.0000     14.0000
      9.6000     14.0000     11.0000     14.0000     14.0000     14.0000
     14.0000     14.0000     14.0000     14.0000     14.0000     14.0000
     14.0000     14.0000     14.0000     11.0000     14.0000     14.0000
     14.0000     14.0000    -14.0000     14.0000    -14.0000     14.0000

  USINE N]36- B.MONH   28   0      132317.8198
    940.3200   1341.0000   1611.0000   1314.0000   1314.0000   1560.2401
   1180.2598   1350.0000   2016.0000   1314.0000   1409.4001   1611.0000
   1440.0000   1314.0000   2016.0000   1440.0000   1440.0000   1314.0000
   1611.0000   1440.0000   1440.0000   1440.0000   1314.0000   1314.0000
   1440.0000   1357.0999   1314.0000   1314.0000   1314.0000   1407.4201
   1314.0000   1611.0000   1281.4203   1836.0000   1314.0000   1314.0000
   1314.0000   1440.0000   1314.0000   1440.0000   1107.0000   1314.0000
   1611.0000   1611.0000   1611.0000   1107.0000   1314.0000   1611.0000
   1107.0000   1779.6602   1314.0000   1440.0000   1314.0000   1537.5600
   1314.0000   1836.0000   1800.0000   1314.0000   1107.0000   1868.1400
   1314.0000   1314.0000   1314.0000   1107.0000   1440.0000   1107.0000
   1314.0000   1107.0000   1107.0000   1314.0000   1254.3197   1107.0000
   1836.0000   1107.0000   1710.0000   1107.0000   1123.8395   1314.0000
   1314.0000   1314.0000   1107.0000   1314.0000   1107.0000   1314.0000
   1107.0000   1314.0000   1107.0000   1710.0000   1107.0000   1314.0000
   1314.0000   1107.0000   1800.0000   1107.0000   1800.0000   1237.1400

     15.0000    -12.6271    -15.0000    -12.3729     13.0508    -14.6915
     14.3102     12.7119    -15.0000     13.0508     12.1525     10.2542
     11.8644     13.0508    -15.0000     11.8644     11.8644     13.0508
     10.2542     11.8644     11.8644     11.8644     13.0508     13.0508
     11.8644     12.6450     13.0508     13.0508     13.0508     12.1712
     13.0508     10.2542     13.3576    -15.0000     13.0508     13.0508
     13.0508     11.8644     13.0508     11.8644     15.0000     13.0508
    -15.0000    -15.0000    -15.0000     15.0000     13.0508    -15.0000
     15.0000      8.6661     13.0508     11.8644     13.0508     10.9458
     13.0508    -15.0000    -15.0000     13.0508     15.0000    -15.0000
     13.0508     13.0508     13.0508     15.0000     11.8644     15.0000
     13.0508     15.0000     15.0000     13.0508     13.6128     15.0000
    -15.0000     15.0000      9.3220     15.0000     14.8414     13.0508
     13.0508     13.0508     15.0000     13.0508     15.0000     13.0508
     15.0000     13.0508     15.0000      9.3220     15.0000     13.0508
     13.0508     15.0000    -15.0000     15.0000    -15.0000     13.7746

   DONNEES POUR LA VALLEE N] 6-HTVERDON DATE: 22/06/10     2 USINE(S)     2 RESERVOIR(S)
  LAC N]36- CASTIR     0.1000E+04      1.430       -3656.8000
 104705.6000 104705.6000 104705.6000 104705.6000 104705.6000 104705.6000
 104705.6000 104705.6000 104705.6000 104705.6000 104705.6000 104705.6000
 104705.6000 104705.6000 104705.6000 104619.2000 104532.8000 104446.4000
 104388.8000 104331.2000 104244.8000 104158.4000 104072.0000 103985.6000
 103928.0000 103870.4000 103812.8000 103726.4000 103640.0000 103640.0000
 103640.0000 103640.0000 103553.6000 103467.2000 103380.8000 103294.4000
 103265.6000 103265.6000 103265.6000 103265.6000 103179.2000 103092.8000
 103092.8000 103092.8000 103006.4000 102920.0000 102920.0000 102920.0000
 102833.6000 102747.2000 102747.2000 102747.2000 102747.2000 102747.2000
 102747.2000 102747.2000 102747.2000 102747.2000 102747.2000 102747.2000
 102747.2000 102747.2000 102747.2000 102660.8000 102574.4000 102488.0000
 102459.2000 102430.4000 102401.6000 102372.8000 102286.4000 102200.0000
 102113.6000 102027.2000 101940.8000 101854.4000 101768.0000 101710.4000
 101652.8000 101652.8000 101652.8000 101652.8000 101566.4000 101480.0000
 101451.2000 101422.4000 101336.0000 101249.6000 101163.2000 101134.4000
 101105.6000 101019.2000 100932.8000 100846.4000 101063.1040 101063.1040

  LAC N]37- CXDANR     0.1000E+04      0.000         473.8100
   2673.0940   2629.8940   2586.6940   2543.4940   2500.2940   2457.0940
   2413.8940   2370.6940   2327.4940   2284.2940   2241.0940   2197.8940
   2154.6940   2111.4940   2068.2940   2111.4940   2643.6000   2686.8000
   2701.2000   2715.6000   2758.8000   2802.0000   2845.2000   2888.4000
   2902.8000   2917.2000   2931.6000   2974.8000   3018.0000   2974.8000
   2931.6000   2888.4000   2931.6000   2974.8000   3018.0000   3061.2000
   3046.8000   3003.6000   2960.4000   2917.2000   2960.4000   3003.6000
   2960.4000   2917.2000   2960.4000   3003.6000   2960.4000   2917.2000
   2960.4000   3003.6000   2960.4000   2917.2000   2874.0000   2830.8000
   2787.6000   2744.4000   2701.2000   2658.0000   2614.8000   2571.6000
   2528.4000   2485.2000   2442.0000   2485.2000   2787.0000   2830.2000
   2815.8000   2801.4000   2787.0000   2772.6000   2815.8000   2859.0000
   2902.2000   2945.4000   2988.6000   3031.8000   3075.0000   3089.4000
   3103.8000   3060.6000   3017.4000   2974.2000   3017.4000   3060.6000
   3046.2000   3031.8000   3075.0000   3118.2000   3161.4000   3147.0000
   3132.6000   3175.8000   3219.0000   3262.2000   3219.0000   3175.8000

  USINE N]46- CASTIH   36  37        3859.2000
      0.0000      0.0000      0.0000      0.0000      0.0000      0.0000
      0.0000      0.0000      0.0000      0.0000      0.0000      0.0000
      0.0000      0.0000      0.0000     86.4000     86.4000     86.4000
     57.6000     57.6000     86.4000     86.4000     86.4000     86.4000
     57.6000     57.6000     57.6000     86.4000     86.4000      0.0000
      0.0000      0.0000     86.4000     86.4000     86.4000     86.4000
     28.8000      0.0000      0.0000      0.0000     86.4000     86.4000
      0.0000      0.0000     86.4000     86.4000      0.0000      0.0000
     86.4000     86.4000      0.0000      0.0000      0.0000      0.0000
      0.0000      0.0000      0.0000      0.0000      0.0000      0.0000
      0.0000      0.0000      0.0000     86.4000     86.4000     86.4000
     28.8000     28.8000     28.8000     28.8000     86.4000     86.4000
     86.4000     86.4000     86.4000     86.4000     86.4000     57.6000
     57.6000      0.0000      0.0000      0.0000     86.4000     86.4000
     28.8000     28.8000     86.4000     86.4000     86.4000     28.8000
     28.8000     86.4000     86.4000     86.4000      0.0000      0.0000

      0.0000      0.0000      0.0000      0.0000      0.0000      0.0000
      0.0000      0.0000      0.0000      0.0000      0.0000      0.0000
      0.0000      0.0000      0.0000     18.0000     18.0000     18.0000
     12.0000     12.0000     18.0000     18.0000     18.0000     18.0000
     12.0000     12.0000     12.0000     18.0000     18.0000      0.0000
      0.0000      0.0000     18.0000     18.0000     18.0000     18.0000
      6.0000      0.0000      0.0000      0.0000     18.0000     18.0000
      0.0000      0.0000     18.0000     18.0000      0.0000      0.0000
     18.0000     18.0000      0.0000      0.0000      0.0000      0.0000
      0.0000      0.0000      0.0000      0.0000      0.0000      0.0000
      0.0000      0.0000      0.0000     18.0000     18.0000     18.0000
      6.0000      6.0000      6.0000      6.0000     18.0000     18.0000
     18.0000     18.0000     18.0000     18.0000     18.0000     12.0000
     12.0000      0.0000      0.0000      0.0000     18.0000     18.0000
      6.0000      6.0000     18.0000     18.0000     18.0000      6.0000
      6.0000     18.0000     18.0000     18.0000      0.0000      0.0000

  USINE N]47- CXDANH   37   0        4147.2000
     43.2000     43.2000     43.2000     43.2000     43.2000     43.2000
     43.2000     43.2000     43.2000     43.2000     43.2000     43.2000
     43.2000     43.2000     43.2000     43.2000     43.2000     43.2000
     43.2000     43.2000     43.2000     43.2000     43.2000     43.2000
     43.2000     43.2000     43.2000     43.2000     43.2000     43.2000
     43.2000     43.2000     43.2000     43.2000     43.2000     43.2000
     43.2000     43.2000     43.2000     43.2000     43.2000     43.2000
     43.2000     43.2000     43.2000     43.2000     43.2000     43.2000
     43.2000     43.2000     43.2000     43.2000     43.2000     43.2000
     43.2000     43.2000     43.2000     43.2000     43.2000     43.2000
     43.2000     43.2000     43.2000     43.2000     43.2000     43.2000
     43.2000     43.2000     43.2000     43.2000     43.2000     43.2000
     43.2000     43.2000     43.2000     43.2000     43.2000     43.2000
     43.2000     43.2000     43.2000     43.2000     43.2000     43.2000
     43.2000     43.2000     43.2000     43.2000     43.2000     43.2000
     43.2000     43.2000     43.2000     43.2000     43.2000     43.2000

      6.7500      6.7500      6.7500      6.7500      6.7500      6.7500
      6.7500      6.7500      6.7500      6.7500      6.7500      6.7500
      6.7500      6.7500      6.7500      6.7500      6.7500      6.7500
      6.7500      6.7500      6.7500      6.7500      6.7500      6.7500
      6.7500      6.7500      6.7500      6.7500      6.7500      6.7500
      6.7500      6.7500      6.7500      6.7500      6.7500      6.7500
      6.7500      6.7500      6.7500      6.7500      6.7500      6.7500
      6.7500      6.7500      6.7500      6.7500      6.7500      6.7500
      6.7500      6.7500      6.7500      6.7500      6.7500      6.7500
      6.7500      6.7500      6.7500      6.7500      6.7500      6.7500
      6.7500      6.7500      6.7500      6.7500      6.7500      6.7500
      6.7500      6.7500      6.7500      6.7500      6.7500      6.7500
      6.7500      6.7500      6.7500      6.7500      6.7500      6.7500
      6.7500      6.7500      6.7500      6.7500      6.7500      6.7500
      6.7500      6.7500      6.7500      6.7500      6.7500      6.7500
      6.7500      6.7500      6.7500      6.7500      6.7500      6.7500

   DONNEES POUR LA VALLEE N]14-LARDIT   DATE: 22/06/10     1 USINE(S)     1 RESERVOIR(S)
  LAC N]71- LARDIR     0.1000E+04      4.860           0.0000
  29594.0020  29594.0020  29594.0020  29594.0020  29594.0020  29594.0020
  29594.0020  29594.0020  29594.0020  29594.0020  29594.0020  29594.0020
  29594.0020  29594.0020  29594.0020  29594.0020  29594.0020  29594.0020
  29594.0020  29594.0020  29594.0020  29594.0020  29594.0020  29594.0020
  29594.0020  29594.0020  29594.0020  29594.0020  29594.0020  29594.0020
  29594.0020  29594.0020  29594.0020  29594.0020  29594.0020  29594.0020
  29594.0020  29594.0020  29594.0020  29594.0020  29594.0020  29594.0020
  29594.0020  29594.0020  29594.0020  29594.0020  29594.0020  29594.0020
  29594.0020  29594.0020  29594.0020  29594.0020  29594.0020  29594.0020
  29594.0020  29594.0020  29594.0020  29594.0020  29594.0020  29594.0020
  29594.0020  29594.0020  29594.0020  29594.0020  29594.0020  29594.0020
  29594.0020  29594.0020  29594.0020  29594.0020  29594.0020  29594.0020
  29594.0020  29594.0020  29594.0020  29594.0020  29594.0020  29594.0020
  29594.0020  29594.0020  29594.0020  29594.0020  29594.0020  29594.0020
  29594.0020  29594.0020  29594.0020  29594.0020  29594.0020  29594.0020
  29594.0020  29594.0020  29594.0020  29594.0020  29594.0020  29594.0020

  USINE N]85- LARDIH   71   0           0.0000
      0.0000      0.0000      0.0000      0.0000      0.0000      0.0000
      0.0000      0.0000      0.0000      0.0000      0.0000      0.0000
      0.0000      0.0000      0.0000      0.0000      0.0000      0.0000
      0.0000      0.0000      0.0000      0.0000      0.0000      0.0000
      0.0000      0.0000      0.0000      0.0000      0.0000      0.0000
      0.0000      0.0000      0.0000      0.0000      0.0000      0.0000
      0.0000      0.0000      0.0000      0.0000      0.0000      0.0000
      0.0000      0.0000      0.0000      0.0000      0.0000      0.0000
      0.0000      0.0000      0.0000      0.0000      0.0000      0.0000
      0.0000      0.0000      0.0000      0.0000      0.0000      0.0000
      0.0000      0.0000      0.0000      0.0000      0.0000      0.0000
      0.0000      0.0000      0.0000      0.0000      0.0000      0.0000
      0.0000      0.0000      0.0000      0.0000      0.0000      0.0000
      0.0000      0.0000      0.0000      0.0000      0.0000      0.0000
      0.0000      0.0000      0.0000      0.0000      0.0000      0.0000
      0.0000      0.0000      0.0000      0.0000      0.0000      0.0000

      0.0000      0.0000      0.0000      0.0000      0.0000      0.0000
      0.0000      0.0000      0.0000      0.0000      0.0000      0.0000
      0.0000      0.0000      0.0000      0.0000      0.0000      0.0000
      0.0000      0.0000      0.0000      0.0000      0.0000      0.0000
      0.0000      0.0000      0.0000      0.0000      0.0000      0.0000
      0.0000      0.0000      0.0000      0.0000      0.0000      0.0000
      0.0000      0.0000      0.0000      0.0000      0.0000      0.0000
      0.0000      0.0000      0.0000      0.0000      0.0000      0.0000
      0.0000      0.0000      0.0000      0.0000      0.0000      0.0000
      0.0000      0.0000      0.0000      0.0000      0.0000      0.0000
      0.0000      0.0000      0.0000      0.0000      0.0000      0.0000
      0.0000      0.0000      0.0000      0.0000      0.0000      0.0000
      0.0000      0.0000      0.0000      0.0000      0.0000      0.0000
      0.0000      0.0000      0.0000      0.0000      0.0000      0.0000
      0.0000      0.0000      0.0000      0.0000      0.0000      0.0000
      0.0000      0.0000      0.0000      0.0000      0.0000      0.0000

   DONNEES POUR LA VALLEE N]18-V.BEN    DATE: 22/06/10     1 USINE(S)     1 RESERVOIR(S)
  LAC N]84- V.BENR     0.1000E+04      0.740         -29.5200
   4787.9970   4802.5770   4829.9370   4869.5370   4909.1370   4948.7370
   4939.7370   4930.7370   4934.5170   4938.2970   4965.6570   4993.0170
   5020.3770   5011.3770   5002.3770   4993.3770   4984.3770   4975.3770
   4966.3770   4957.3770   4948.3770   4939.3770   4930.3770   4921.3770
   4912.3770   4903.3770   4894.3770   4885.3770   4876.3770   4867.3770
   4858.3770   4849.3770   4840.3770   4831.3770   4822.3770   4813.3770
   4804.3770   4795.3770   4786.3770   4777.3770   4768.3770   4759.3770
   4773.9570   4801.3170   4828.6770   4819.6770   4810.6770   4801.6770
   4792.6770   4807.2570   4821.8370   4812.8370   4803.8370   4843.4370
   4883.0370   4922.6370   4962.2370   4989.5970   5004.1770   5018.7570
   5009.7570   5000.7570   4991.7570   4982.7570   4973.7570   4964.7570
   4955.7570   4946.7570   4937.7570   4928.7570   4919.7570   4910.7570
   4901.7570   4892.7570   4883.7570   4874.7570   4865.7570   4856.7570
   4847.7570   4838.7570   4829.7570   4820.7570   4811.7570   4802.7570
   4793.7570   4784.7570   4775.7570   4766.7570   4757.7570   4748.7570
   4739.7570   4730.7570   4721.7570   4712.7570   4740.1170   4767.4770

  USINE N]**- V.BENH   84   0        3831.1200
     48.6000     25.0200     12.2400      0.0000      0.0000      0.0000
     48.6000     48.6000     35.8200     35.8200     12.2400     12.2400
     12.2400     48.6000     48.6000     48.6000     48.6000     48.6000
     48.6000     48.6000     48.6000     48.6000     48.6000     48.6000
     48.6000     48.6000     48.6000     48.6000     48.6000     48.6000
     48.6000     48.6000     48.6000     48.6000     48.6000     48.6000
     48.6000     48.6000     48.6000     48.6000     48.6000     48.6000
     25.0200     12.2400     12.2400     48.6000     48.6000     48.6000
     48.6000     25.0200     25.0200     48.6000     48.6000      0.0000
      0.0000      0.0000      0.0000     12.2400     25.0200     25.0200
     48.6000     48.6000     48.6000     48.6000     48.6000     48.6000
     48.6000     48.6000     48.6000     48.6000     48.6000     48.6000
     48.6000     48.6000     48.6000     48.6000     48.6000     48.6000
     48.6000     48.6000     48.6000     48.6000     48.6000     48.6000
     48.6000     48.6000     48.6000     48.6000     48.6000     48.6000
     48.6000     48.6000     48.6000     48.6000     12.2400     12.2400

     13.5000      7.0000      3.5000      0.0000      0.0000      0.0000
     13.5000     13.5000     10.0000     10.0000      3.5000      3.5000
      3.5000     13.5000     13.5000     13.5000     13.5000     13.5000
     13.5000     13.5000     13.5000     13.5000     13.5000     13.5000
     13.5000     13.5000     13.5000     13.5000     13.5000     13.5000
     13.5000     13.5000     13.5000     13.5000     13.5000     13.5000
     13.5000     13.5000     13.5000     13.5000     13.5000     13.5000
      7.0000      3.5000      3.5000     13.5000     13.5000     13.5000
     13.5000      7.0000      7.0000     13.5000     13.5000      0.0000
      0.0000      0.0000      0.0000      3.5000      7.0000      7.0000
     13.5000     13.5000     13.5000     13.5000     13.5000     13.5000
     13.5000     13.5000     13.5000     13.5000     13.5000     13.5000
     13.5000     13.5000     13.5000     13.5000     13.5000     13.5000
     13.5000     13.5000     13.5000     13.5000     13.5000     13.5000
     13.5000     13.5000     13.5000     13.5000     13.5000     13.5000
     13.5000     13.5000     13.5000     13.5000      3.5000      3.5000

   DONNEES POUR LA VALLEE N]31-ARAING   DATE: 22/06/10     2 USINE(S)     2 RESERVOIR(S)
  LAC N]**- ARAINR     0.1000E+04      7.260        -170.6400
   4851.0070   4851.0070   4851.0070   4851.0070   4851.0070   4851.0070
   4851.0070   4851.0070   4851.0070   4851.0070   4851.0070   4851.0070
   4851.0070   4851.0070   4851.0070   4844.5270   4838.0470   4831.5670
   4829.4070   4827.2470   4825.0870   4822.9270   4820.7670   4814.2870
   4807.8070   4801.3270   4797.0070   4792.6870   4788.3670   4788.3670
   4788.3670   4788.3670   4788.3670   4788.3670   4788.3670   4788.3670
   4788.3670   4788.3670   4788.3670   4788.3670   4788.3670   4788.3670
   4788.3670   4788.3670   4781.8870   4775.4070   4775.4070   4775.4070
   4768.9270   4762.4470   4762.4470   4762.4470   4762.4470   4762.4470
   4762.4470   4762.4470   4762.4470   4762.4470   4762.4470   4762.4470
   4762.4470   4762.4470   4760.2870   4753.8070   4747.3270   4740.8470
   4736.5270   4732.2070   4730.0470   4727.8870   4725.7270   4719.2470
   4712.7670   4706.2870   4706.2870   4706.2870   4706.2870   4706.2870
   4706.2870   4706.2870   4706.2870   4706.2870   4706.2870   4706.2870
   4706.2870   4706.2870   4706.2870   4706.2870   4704.1270   4701.9670
   4699.8070   4693.3270   4686.8470   4680.3670   4680.3670   4680.3670

  LAC N]**- BORD5R     0.1000E+04      0.000           0.0000
      0.0000      0.0000      0.0000      0.0000      0.0000      0.0000
      0.0000      0.0000      0.0000      0.0000      0.0000      0.0000
      0.0000      0.0000      0.0000      0.0000      0.0000      0.0000
      0.0000      0.0000      0.0000      0.0000      0.0000      0.0000
      0.0000      0.0000      0.0000      0.0000      0.0000      0.0000
      0.0000      0.0000      0.0000      0.0000      0.0000      0.0000
      0.0000      0.0000      0.0000      0.0000      0.0000      0.0000
      0.0000      0.0000      0.0000      0.0000      0.0000      0.0000
      0.0000      0.0000      0.0000      0.0000      0.0000      0.0000
      0.0000      0.0000      0.0000      0.0000      0.0000      0.0000
      0.0000      0.0000      0.0000      0.0000      0.0000      0.0000
      0.0000      0.0000      0.0000      0.0000      0.0000      0.0000
      0.0000      0.0000      0.0000      0.0000      0.0000      0.0000
      0.0000      0.0000      0.0000      0.0000      0.0000      0.0000
      0.0000      0.0000      0.0000      0.0000      0.0000      0.0000
      0.0000      0.0000      0.0000      0.0000      0.0000      0.0000

  USINE N]**- EYLIEH   **  **         170.6400
      0.0000      0.0000      0.0000      0.0000      0.0000      0.0000
      0.0000      0.0000      0.0000      0.0000      0.0000      0.0000
      0.0000      0.0000      0.0000      6.4800      6.4800      6.4800
      2.1600      2.1600      2.1600      2.1600      2.1600      6.4800
      6.4800      6.4800      4.3200      4.3200      4.3200      0.0000
      0.0000      0.0000      0.0000      0.0000      0.0000      0.0000
      0.0000      0.0000      0.0000      0.0000      0.0000      0.0000
      0.0000      0.0000      6.4800      6.4800      0.0000      0.0000
      6.4800      6.4800      0.0000      0.0000      0.0000      0.0000
      0.0000      0.0000      0.0000      0.0000      0.0000      0.0000
      0.0000      0.0000      2.1600      6.4800      6.4800      6.4800
      4.3200      4.3200      2.1600      2.1600      2.1600      6.4800
      6.4800      6.4800      0.0000      0.0000      0.0000      0.0000
      0.0000      0.0000      0.0000      0.0000      0.0000      0.0000
      0.0000      0.0000      0.0000      0.0000      2.1600      2.1600
      2.1600      6.4800      6.4800      6.4800      0.0000      0.0000

      0.0000      0.0000      0.0000      0.0000      0.0000      0.0000
      0.0000      0.0000      0.0000      0.0000      0.0000      0.0000
      0.0000      0.0000      0.0000     13.5000     13.5000     13.5000
      4.5000      4.5000      4.5000      4.5000      4.5000     13.5000
     13.5000     13.5000      9.0000      9.0000      9.0000      0.0000
      0.0000      0.0000      0.0000      0.0000      0.0000      0.0000
      0.0000      0.0000      0.0000      0.0000      0.0000      0.0000
      0.0000      0.0000     13.5000     13.5000      0.0000      0.0000
     13.5000     13.5000      0.0000      0.0000      0.0000      0.0000
      0.0000      0.0000      0.0000      0.0000      0.0000      0.0000
      0.0000      0.0000      4.5000     13.5000     13.5000     13.5000
      9.0000      9.0000      4.5000      4.5000      4.5000     13.5000
     13.5000     13.5000      0.0000      0.0000      0.0000      0.0000
      0.0000      0.0000      0.0000      0.0000      0.0000      0.0000
      0.0000      0.0000      0.0000      0.0000      4.5000      4.5000
      4.5000     13.5000     13.5000     13.5000      0.0000      0.0000

  USINE N]**- BORD5H   **   0        1460.1600
     14.4000     14.4000     14.4000     14.4000     14.4000     14.4000
     14.4000     14.4000     14.4000     14.4000     14.4000     14.4000
     14.4000     14.4000     14.4000     14.4000     14.4000     14.4000
     20.8800     20.8800     20.8800     16.5600     16.5600     16.5600
     16.5600     16.5600     20.8800     20.8800     20.8800     18.7200
     18.7200     18.7200     14.4000     14.4000     14.4000     14.4000
     14.4000     14.4000     14.4000     14.4000     14.4000     14.4000
     14.4000     14.4000     14.4000     14.4000     14.4000     20.8800
     19.0800     12.6000     12.6000     19.0800     19.0800     12.6000
     12.6000     12.6000     12.6000     12.6000     12.6000     12.6000
     12.6000     12.6000     12.6000     12.6000     12.6000     14.7600
     19.0800     19.0800     19.0800     16.9200     16.9200     14.7600
     14.7600     14.7600     19.0800     19.0800     19.0800     12.6000
     12.6000     12.6000     12.6000     12.6000     12.6000     12.6000
     12.6000     12.6000     12.6000     12.6000     12.6000     12.6000
     12.6000     14.7600     14.7600     14.7600     19.0800     19.0800

      4.5000      4.5000      4.5000      4.5000      4.5000      0.0000
      4.5000      4.5000      4.5000      4.5000      4.5000      4.5000
      4.5000      4.5000      0.0000      4.5000      4.5000      4.5000
      4.5000      4.5000      4.5000      4.5000      4.5000      4.5000
      4.5000      4.5000      4.5000      4.5000      4.5000      4.5000
      4.5000      4.5000      4.5000      4.5000      4.5000      4.5000
      4.5000      4.5000      4.5000      4.5000      4.5000      4.5000
      4.5000      4.5000      4.5000      4.5000      4.5000      4.5000
      4.5000      0.0000      3.9375      4.5000      4.5000      3.9375
      3.9375      3.9375      0.0000      3.9375      3.9375      0.0000
      3.9375      3.9375      3.9375      3.9375      3.9375      4.5000
      4.5000      4.5000      4.5000      4.5000      4.5000      4.5000
      0.0000      4.5000      0.0000      4.5000      4.5000      3.9375
      3.9375      3.9375      3.9375      3.9375      3.9375      3.9375
      3.9375      3.9375      3.9375      0.0000      3.9375      3.9375
      3.9375      4.5000      0.0000      4.5000      0.0000      4.5000

